0.0 -0.00044
0.5 0.01984
1.0 0.01973
1.5 0.01381
2.0 0.01075
2.5 0.00758
3.0 0.00542
3.5 0.00399
4.0 0.00262
4.5 0.00134
5.0 -0.000229999999999
5.5 -0.00124
6.0 -0.00227
6.5 -0.00323
7.0 -0.00415
7.5 -0.00515
8.0 -0.00594
8.5 -0.00672
9.0 -0.00749
9.5 -0.00826
10.0 -0.00906
10.5 -0.0098
11.0 -0.01055
11.5 -0.01127
12.0 -0.012
12.5 -0.01275
13.0 -0.01344
13.5 -0.01413
14.0 -0.01478
14.5 -0.01551
15.0 -0.01617
15.5 -0.01684
16.0 -0.01746
16.5 -0.0181
17.0 -0.0187
17.5 -0.01933
18.0 -0.01997
18.5 -0.02057
19.0 -0.02114
19.5 -0.02173
20.0 -0.02229
20.5 -0.02288
21.0 -0.02342
21.5 -0.02394
22.0 -0.02448
22.5 -0.02495
23.0 -0.02545
23.5 -0.02591
24.0 -0.02641
24.5 -0.02684
25.0 -0.02725
25.5 -0.02765
26.0 -0.02803
26.5 -0.02838
27.0 -0.02873
27.5 -0.02904
28.0 -0.0293
28.5 -0.02962
29.0 -0.02987
29.5 -0.03012
30.0 -0.03033
30.5 -0.03053
31.0 -0.03071
31.5 -0.03088
32.0 -0.03098
32.5 -0.03109
33.0 -0.03115
33.5 -0.03126
34.0 -0.03128
34.5 -0.03128
35.0 -0.0313
35.5 -0.03129
36.0 -0.03126
36.5 -0.03119
37.0 -0.03107
37.5 -0.03095
38.0 -0.03084
38.5 -0.03073
39.0 -0.03053
39.5 -0.03039
40.0 -0.03016
40.5 -0.02997
41.0 -0.02974
41.5 -0.0295
42.0 -0.02924
42.5 -0.02895
43.0 -0.0287
43.5 -0.02839
44.0 -0.0281
44.5 -0.02783
45.0 -0.02747
45.5 -0.02715
46.0 -0.02681
46.5 -0.02649
47.0 -0.02614
47.5 -0.02574
48.0 -0.02538
48.5 -0.025
49.0 -0.02464
49.5 -0.02427
50.0 -0.0239
50.5 -0.02349
51.0 -0.02312
51.5 -0.02272
52.0 -0.0223
52.5 -0.02192
53.0 -0.02155
53.5 -0.02115
54.0 -0.02071
54.5 -0.02034
55.0 -0.01998
55.5 -0.01957
56.0 -0.01917
56.5 -0.01876
57.0 -0.01838
57.5 -0.01797
58.0 -0.01766
58.5 -0.01728
59.0 -0.0169
59.5 -0.01655
60.0 -0.01618
60.5 -0.01582
61.0 -0.01541
61.5 -0.01508
62.0 -0.01472
62.5 -0.01439
63.0 -0.01401
63.5 -0.01371
64.0 -0.01343
64.5 -0.01313
65.0 -0.01273
65.5 -0.01244
66.0 -0.0121
66.5 -0.01182
67.0 -0.01152
67.5 -0.01119
68.0 -0.0109
68.5 -0.01066
69.0 -0.01044
69.5 -0.01016
70.0 -0.00981
70.5 -0.00959
71.0 -0.00939
71.5 -0.0091
72.0 -0.00886
72.5 -0.00858
73.0 -0.00833
73.5 -0.00817
74.0 -0.008
74.5 -0.00775
75.0 -0.00748
75.5 -0.00731
76.0 -0.00714
76.5 -0.00689
77.0 -0.00666
77.5 -0.00644
78.0 -0.0063
78.5 -0.00615
79.0 -0.006
79.5 -0.0059
80.0 -0.00564
80.5 -0.00556
81.0 -0.00538
81.5 -0.00522
82.0 -0.00501
82.5 -0.0049
83.0 -0.00483
83.5 -0.00464
84.0 -0.00452
84.5 -0.00443
85.0 -0.00436
85.5 -0.00425
86.0 -0.00414
86.5 -0.00406
87.0 -0.00392
87.5 -0.00377
88.0 -0.00375
88.5 -0.00367
89.0 -0.0035
89.5 -0.00353
90.0 -0.00342
90.5 -0.00337
91.0 -0.00334
91.5 -0.00321
92.0 -0.0031
92.5 -0.00306
93.0 -0.00304
93.5 -0.00303
94.0 -0.00292
94.5 -0.00293
95.0 -0.003
95.5 -0.00287
96.0 -0.00288
96.5 -0.00295
97.0 -0.00287
97.5 -0.00272
98.0 -0.00285
98.5 -0.00285
99.0 -0.00274
99.5 -0.00284
100.0 -0.00256
100.5 -0.00251
101.0 -0.0026
101.5 -0.0027
102.0 -0.0029
102.5 -0.003
103.0 -0.0029
103.5 -0.0029
104.0 -0.0031
104.5 -0.0032
105.0 -0.003
105.5 -0.0029
106.0 -0.0032
106.5 -0.0034
107.0 -0.0033
107.5 -0.0032
108.0 -0.0038
108.5 -0.0038
109.0 -0.0042
109.5 -0.0039
110.0 -0.0042
110.5 -0.0038
111.0 -0.0041
111.5 -0.0045
112.0 -0.0043
112.5 -0.0045
113.0 -0.0049
113.5 -0.0049
114.0 -0.0048
114.5 -0.0051
115.0 -0.0052
115.5 -0.0042
116.0 -0.0041
116.5 -0.0046
117.0 -0.0041
117.5 -0.0057
118.0 -0.0034
118.5 -0.0025
119.0 -0.002
119.5 0.0051
120.0 0.0066
120.5 0.0045
121.0 0.000999999999999
121.5 -0.0038
122.0 -0.0042
122.5 -0.0062
123.0 -0.0043
123.5 -0.00451
124.0 -0.00603
124.5 -0.00582
125.0 -0.00535
125.5 -0.00482
126.0 -0.00621
126.5 -0.0059
127.0 -0.00521
127.5 -0.00507
128.0 -0.00491
128.5 -0.00473
129.0 -0.00464
129.5 -0.00439
130.0 -0.00391
130.5 -0.00395
131.0 -0.00417
131.5 -0.00386
132.0 -0.00317
132.5 -0.00285
133.0 -0.00282
133.5 -0.00293
134.0 -0.00238
134.5 -0.00229
135.0 -0.00255
135.5 -0.00261
136.0 -0.00247
136.5 -0.00202
137.0 -0.00167
137.5 -0.00188
138.0 -0.00171
138.5 -0.0018
139.0 -0.00159
139.5 -0.00159
140.0 -0.00163
140.5 -0.0013
141.0 -0.00104
141.5 -0.00111
142.0 -0.00092
142.5 -0.00081
143.0 -0.00067
143.5 -0.00059
144.0 -0.00067
144.5 -0.00043
145.0 -0.00088
145.5 -0.00016
146.0 0.00016
146.5 -0.00036
147.0 -0.0002
147.5 -0.00017
148.0 -9.59999999999e-05
148.5 -0.000169
149.0 -0.000172
149.5 -0.000241
150.0 -0.0003297
150.5 4.80000000003e-06
151.0 0.000412
151.5 0.000505
152.0 0.000203
152.5 0.000274
153.0 0.00035
153.5 0.00032
154.0 0.00049
154.5 0.00074
155.0 0.00077
155.5 0.00086
156.0 0.000980000000001
156.5 0.00106
157.0 0.00114
157.5 0.00134
158.0 0.00134
158.5 0.00129
159.0 0.0014
159.5 0.00157
160.0 0.00179
160.5 0.0016
161.0 0.00196
161.5 0.00194
162.0 0.00204
162.5 0.00223
163.0 0.00238
163.5 0.00207
164.0 0.00199
164.5 0.00212
165.0 0.00242
165.5 0.00271
166.0 0.00243
166.5 0.00255
167.0 0.00292
167.5 0.00324
168.0 0.00344
168.5 0.00346
169.0 0.00372
169.5 0.00397
170.0 0.00418
170.5 0.00436
171.0 0.0044
171.5 0.00429
172.0 0.00473
172.5 0.00467
173.0 0.0049
173.5 0.00509
174.0 0.00553
174.5 0.00538
175.0 0.0044
175.5 0.00434
176.0 0.00471
176.5 0.00599
177.0 0.00683
177.5 0.00676
178.0 0.0055
178.5 0.004
179.0 0.0008
179.5 -0.0022
180.0 -0.0025
180.5 -0.0037
181.0 -0.0021
181.5 -0.0009
182.0 0.0007
182.5 0.0013
183.0 0.0012
183.5 0.0016
184.0 0.0019
184.5 0.0017
185.0 0.0019
185.5 0.0018
186.0 0.0019
186.5 0.0017
187.0 0.0017
187.5 0.0016
188.0 0.0012
188.5 0.0013
189.0 0.000900000000001
189.5 0.000400000000001
190.0 0.0007
190.5 0.0
191.0 -9.9999999998e-05
191.5 -0.000299999999999
192.0 -0.0008
192.5 -0.001
193.0 -0.0016
193.5 -0.0016
194.0 -0.0024
194.5 -0.0033
195.0 -0.0039
195.5 -0.0054
196.0 -0.0064
196.5 -0.0075
197.0 -0.0087
197.5 -0.00908
198.0 -0.01348
198.5 -0.01909
199.0 -0.02869
199.5 -0.04556
