0.0 0.000559999999999
0.5 0.02251
1.0 0.02275
1.5 0.01678
2.0 0.01319
2.5 0.01022
3.0 0.00824
3.5 0.00624
4.0 0.00495
4.5 0.0036
5.0 0.00226
5.5 0.00118
6.0 0.00011
6.5 -0.00097
7.0 -0.00188
7.5 -0.00273
8.0 -0.00356
8.5 -0.00436
9.0 -0.00512
9.5 -0.00586
10.0 -0.00678
10.5 -0.0075
11.0 -0.00823
11.5 -0.00899
12.0 -0.0097
12.5 -0.01042
13.0 -0.01115
13.5 -0.01185
14.0 -0.01253
14.5 -0.01321
15.0 -0.01396
15.5 -0.01466
16.0 -0.01528
16.5 -0.01598
17.0 -0.01666
17.5 -0.01736
18.0 -0.01801
18.5 -0.0187
19.0 -0.01933
19.5 -0.01998
20.0 -0.02061
20.5 -0.02127
21.0 -0.02188
21.5 -0.02248
22.0 -0.02313
22.5 -0.02368
23.0 -0.02428
23.5 -0.02484
24.0 -0.02545
24.5 -0.02602
25.0 -0.02654
25.5 -0.02707
26.0 -0.02758
26.5 -0.02808
27.0 -0.02856
27.5 -0.02901
28.0 -0.0294
28.5 -0.02984
29.0 -0.03026
29.5 -0.03065
30.0 -0.03101
30.5 -0.03137
31.0 -0.0317
31.5 -0.03203
32.0 -0.03229
32.5 -0.03254
33.0 -0.03276
33.5 -0.03299
34.0 -0.03315
34.5 -0.03331
35.0 -0.03347
35.5 -0.03359
36.0 -0.0337
36.5 -0.03376
37.0 -0.03376
37.5 -0.03375
38.0 -0.03377
38.5 -0.03374
39.0 -0.03368
39.5 -0.03365
40.0 -0.03352
40.5 -0.03343
41.0 -0.03328
41.5 -0.03312
42.0 -0.03291
42.5 -0.03269
43.0 -0.03248
43.5 -0.03222
44.0 -0.03197
44.5 -0.03171
45.0 -0.03141
45.5 -0.0311
46.0 -0.03077
46.5 -0.03044
47.0 -0.03009
47.5 -0.02967
48.0 -0.02932
48.5 -0.02892
49.0 -0.02853
49.5 -0.02814
50.0 -0.02773
50.5 -0.02729
51.0 -0.02687
51.5 -0.02642
52.0 -0.02595
52.5 -0.0255
53.0 -0.02507
53.5 -0.02463
54.0 -0.02413
54.5 -0.02371
55.0 -0.02329
55.5 -0.02282
56.0 -0.02237
56.5 -0.02187
57.0 -0.02142
57.5 -0.02096
58.0 -0.02054
58.5 -0.02009
59.0 -0.01966
59.5 -0.01922
60.0 -0.01879
60.5 -0.01832
61.0 -0.01784
61.5 -0.01744
62.0 -0.017
62.5 -0.0166
63.0 -0.01617
63.5 -0.01578
64.0 -0.01543
64.5 -0.01501
65.0 -0.0146
65.5 -0.01422
66.0 -0.01378
66.5 -0.01345
67.0 -0.01309
67.5 -0.01272
68.0 -0.01234
68.5 -0.01208
69.0 -0.0118
69.5 -0.01141
70.0 -0.01108
70.5 -0.01078
71.0 -0.01052
71.5 -0.01013
72.0 -0.00978
72.5 -0.00951
73.0 -0.00924
73.5 -0.009
74.0 -0.00878
74.5 -0.0085
75.0 -0.00825
75.5 -0.00795
76.0 -0.00774
76.5 -0.00747
77.0 -0.0072
77.5 -0.00695
78.0 -0.00679
78.5 -0.00659
79.0 -0.00641
79.5 -0.00616
80.0 -0.00598
80.5 -0.00589
81.0 -0.00561
81.5 -0.00544
82.0 -0.00526
82.5 -0.00508
83.0 -0.00489
83.5 -0.00475
84.0 -0.00461
84.5 -0.00455
85.0 -0.00436
85.5 -0.00423
86.0 -0.00409
86.5 -0.00395
87.0 -0.00383
87.5 -0.00373
88.0 -0.00369
88.5 -0.00355
89.0 -0.00336
89.5 -0.00335
90.0 -0.00329
90.5 -0.00327
91.0 -0.00317
91.5 -0.00311
92.0 -0.00299
92.5 -0.00289
93.0 -0.00286
93.5 -0.00285
94.0 -0.00265
94.5 -0.00261
95.0 -0.00253
95.5 -0.0026
96.0 -0.00257
96.5 -0.00257
97.0 -0.00251
97.5 -0.00231
98.0 -0.00245
98.5 -0.00256
99.0 -0.00245
99.5 -0.00255
100.0 -0.00229
100.5 -0.00233
101.0 -0.0023
101.5 -0.0024
102.0 -0.0025
102.5 -0.0026
103.0 -0.0026
103.5 -0.0026
104.0 -0.0025
104.5 -0.0025
105.0 -0.0025
105.5 -0.0027
106.0 -0.0028
106.5 -0.0026
107.0 -0.0025
107.5 -0.0027
108.0 -0.0033
108.5 -0.0033
109.0 -0.0035
109.5 -0.0035
110.0 -0.0036
110.5 -0.0037
111.0 -0.0039
111.5 -0.0041
112.0 -0.0041
112.5 -0.0042
113.0 -0.0045
113.5 -0.0048
114.0 -0.0049
114.5 -0.0051
115.0 -0.005
115.5 -0.004
116.0 -0.005
116.5 -0.0034
117.0 -0.0027
117.5 -0.0046
118.0 -0.0041
118.5 -0.0029
119.0 -0.000400000000001
119.5 0.0098
120.0 0.01
120.5 0.0056
121.0 0.0021
121.5 -0.0037
122.0 -0.0042
122.5 -0.0069
123.0 -0.00552
123.5 -0.0052
124.0 -0.0056
124.5 -0.00521
125.0 -0.00529
125.5 -0.00534
126.0 -0.00561
126.5 -0.00484
127.0 -0.00529
127.5 -0.00535
128.0 -0.00508
128.5 -0.00517
129.0 -0.00496
129.5 -0.00424
130.0 -0.00376
130.5 -0.00377
131.0 -0.00375
131.5 -0.00364
132.0 -0.00334
132.5 -0.00313
133.0 -0.00288
133.5 -0.00286
134.0 -0.00241
134.5 -0.00237
135.0 -0.0024
135.5 -0.00211
136.0 -0.00244
136.5 -0.00224
137.0 -0.0016
137.5 -0.00174
138.0 -0.00153
138.5 -0.00166
139.0 -0.00156
139.5 -0.00138
140.0 -0.0015
140.5 -0.00127
141.0 -0.00139
141.5 -0.00112
142.0 -0.00086
142.5 -0.00083
143.0 -0.0006
143.5 -0.0004
144.0 -0.00062
144.5 -0.00056
145.0 -0.00065
145.5 2.00000000001e-05
146.0 -1.99999999999e-05
146.5 -0.00019
147.0 -0.00013
147.5 -0.00018
148.0 -3.59999999999e-05
148.5 -0.000102
149.0 -0.000179
149.5 -0.000277
150.0 -0.0004396
150.5 -0.0001556
151.0 0.000294
151.5 0.000463
152.0 0.000254
152.5 0.000503
153.0 0.00048
153.5 0.0003
154.0 0.00049
154.5 0.00046
155.0 0.00037
155.5 0.00044
156.0 0.000850000000001
156.5 0.00094
157.0 0.00093
157.5 0.00105
158.0 0.00091
158.5 0.00078
159.0 0.00097
159.5 0.00125
160.0 0.00172
160.5 0.00137
161.0 0.00177
161.5 0.0019
162.0 0.00204
162.5 0.0022
163.0 0.00235
163.5 0.00205
164.0 0.00196
164.5 0.00209
165.0 0.00241
165.5 0.00284
166.0 0.00257
166.5 0.00255
167.0 0.00286
167.5 0.00292
168.0 0.0031
168.5 0.00327
169.0 0.0035
169.5 0.0036
170.0 0.00379
170.5 0.004
171.0 0.00391
171.5 0.00437
172.0 0.00451
172.5 0.00422
173.0 0.00444
173.5 0.00469
174.0 0.00522
174.5 0.00527
175.0 0.0045
175.5 0.00468
176.0 0.00506
176.5 0.00549
177.0 0.00512
177.5 0.0057
178.0 0.0035
178.5 0.0016
179.0 -0.0024
179.5 -0.003
180.0 -0.0023
180.5 -0.0043
181.0 -0.0016
181.5 0.000499999999999
182.0 0.0002
182.5 0.0023
183.0 0.0012
183.5 0.0017
184.0 0.002
184.5 0.0016
185.0 0.0017
185.5 0.0014
186.0 0.0014
186.5 0.0013
187.0 0.0014
187.5 0.0012
188.0 0.0009
188.5 0.000699999999998
189.0 0.000500000000001
189.5 0.0
190.0 -0.0002
190.5 -0.0007
191.0 -0.000999999999998
191.5 -0.0014
192.0 -0.0019
192.5 -0.0021
193.0 -0.0028
193.5 -0.0033
194.0 -0.0041
194.5 -0.0049
195.0 -0.0063
195.5 -0.0079
196.0 -0.0093
196.5 -0.011
197.0 -0.0135
197.5 -0.01598
198.0 -0.02159
198.5 -0.02906
199.0 -0.04458
199.5 -0.07005
