0.0 0.00191
0.5 0.01646
1.0 0.02162
1.5 0.01708
2.0 0.01372
2.5 0.01086
3.0 0.00912
3.5 0.00745
4.0 0.00561
4.5 0.0044
5.0 0.00306
5.5 0.00195
6.0 0.00084
6.5 -0.00037
7.0 -0.00138
7.5 -0.00233
8.0 -0.00322
8.5 -0.0041
9.0 -0.00501
9.5 -0.0059
10.0 -0.00677
10.5 -0.00761
11.0 -0.00853
11.5 -0.00935
12.0 -0.01013
12.5 -0.01094
13.0 -0.01176
13.5 -0.01256
14.0 -0.01339
14.5 -0.01415
15.0 -0.01492
15.5 -0.01572
16.0 -0.01649
16.5 -0.01723
17.0 -0.01798
17.5 -0.01873
18.0 -0.01946
18.5 -0.02022
19.0 -0.02092
19.5 -0.02166
20.0 -0.02238
20.5 -0.0231
21.0 -0.02378
21.5 -0.02444
22.0 -0.02516
22.5 -0.02577
23.0 -0.02643
23.5 -0.02705
24.0 -0.02773
24.5 -0.02835
25.0 -0.02894
25.5 -0.02952
26.0 -0.03008
26.5 -0.03063
27.0 -0.03119
27.5 -0.03168
28.0 -0.03215
28.5 -0.03266
29.0 -0.03317
29.5 -0.03359
30.0 -0.03402
30.5 -0.03445
31.0 -0.03484
31.5 -0.0352
32.0 -0.03554
32.5 -0.03587
33.0 -0.03615
33.5 -0.03646
34.0 -0.03668
34.5 -0.03692
35.0 -0.03715
35.5 -0.03734
36.0 -0.03751
36.5 -0.03764
37.0 -0.03773
37.5 -0.03781
38.0 -0.03789
38.5 -0.03793
39.0 -0.03792
39.5 -0.03795
40.0 -0.0379
40.5 -0.03785
41.0 -0.03776
41.5 -0.03766
42.0 -0.03752
42.5 -0.03735
43.0 -0.03718
43.5 -0.03696
44.0 -0.03675
44.5 -0.03653
45.0 -0.03624
45.5 -0.03598
46.0 -0.03569
46.5 -0.03535
47.0 -0.035
47.5 -0.0346
48.0 -0.03426
48.5 -0.03386
49.0 -0.03345
49.5 -0.03305
50.0 -0.03262
50.5 -0.03216
51.0 -0.03168
51.5 -0.0312
52.0 -0.0307
52.5 -0.03022
53.0 -0.02974
53.5 -0.02924
54.0 -0.02868
54.5 -0.0282
55.0 -0.02771
55.5 -0.02715
56.0 -0.02662
56.5 -0.02604
57.0 -0.02551
57.5 -0.02497
58.0 -0.02447
58.5 -0.02394
59.0 -0.02341
59.5 -0.0229
60.0 -0.02237
60.5 -0.02181
61.0 -0.02127
61.5 -0.02078
62.0 -0.02027
62.5 -0.01976
63.0 -0.01925
63.5 -0.01876
64.0 -0.01825
64.5 -0.0178
65.0 -0.01731
65.5 -0.01679
66.0 -0.0163
66.5 -0.01586
67.0 -0.0154
67.5 -0.01496
68.0 -0.01452
68.5 -0.01414
69.0 -0.01376
69.5 -0.01328
70.0 -0.01288
70.5 -0.01251
71.0 -0.01216
71.5 -0.01173
72.0 -0.01134
72.5 -0.01095
73.0 -0.0106
73.5 -0.0103
74.0 -0.01002
74.5 -0.00968
75.0 -0.00932
75.5 -0.00907
76.0 -0.00876
76.5 -0.00839
77.0 -0.00806
77.5 -0.0078
78.0 -0.00764
78.5 -0.00735
79.0 -0.0071
79.5 -0.00681
80.0 -0.00658
80.5 -0.00639
81.0 -0.00613
81.5 -0.00592
82.0 -0.00567
82.5 -0.00544
83.0 -0.00535
83.5 -0.00514
84.0 -0.00488
84.5 -0.00473
85.0 -0.00469
85.5 -0.00444
86.0 -0.00426
86.5 -0.00412
87.0 -0.00397
87.5 -0.0038
88.0 -0.00374
88.5 -0.00363
89.0 -0.00348
89.5 -0.00347
90.0 -0.00329
90.5 -0.00324
91.0 -0.00311
91.5 -0.003
92.0 -0.0029
92.5 -0.00284
93.0 -0.00282
93.5 -0.0028
94.0 -0.00254
94.5 -0.00249
95.0 -0.00244
95.5 -0.00242
96.0 -0.00242
96.5 -0.00241
97.0 -0.00235
97.5 -0.00223
98.0 -0.00237
98.5 -0.00229
99.0 -0.0023
99.5 -0.00231
100.0 -0.00217
100.5 -0.00213
101.0 -0.0022
101.5 -0.0023
102.0 -0.0024
102.5 -0.0024
103.0 -0.0022
103.5 -0.0022
104.0 -0.0024
104.5 -0.0026
105.0 -0.0025
105.5 -0.0024
106.0 -0.0026
106.5 -0.0027
107.0 -0.0025
107.5 -0.0025
108.0 -0.0031
108.5 -0.003
109.0 -0.0034
109.5 -0.0035
110.0 -0.0037
110.5 -0.0032
111.0 -0.0035
111.5 -0.004
112.0 -0.0039
112.5 -0.0041
113.0 -0.0045
113.5 -0.0048
114.0 -0.0049
114.5 -0.0051
115.0 -0.0047
115.5 -0.0044
116.0 -0.0045
116.5 -0.0048
117.0 -0.0052
117.5 -0.0069
118.0 -0.0055
118.5 -0.0051
119.0 -0.000400000000001
119.5 0.007
120.0 0.0057
120.5 0.005
121.0 0.0021
121.5 -0.0019
122.0 -0.0045
122.5 -0.0054
123.0 -0.00424
123.5 -0.00389
124.0 -0.00478
124.5 -0.00476
125.0 -0.00443
125.5 -0.00443
126.0 -0.00443
126.5 -0.00465
127.0 -0.00404
127.5 -0.00364
128.0 -0.00394
128.5 -0.00444
129.0 -0.004
129.5 -0.00324
130.0 -0.00369
130.5 -0.00365
131.0 -0.00345
131.5 -0.00297
132.0 -0.00263
132.5 -0.0024
133.0 -0.00195
133.5 -0.00208
134.0 -0.00228
134.5 -0.00209
135.0 -0.00185
135.5 -0.00172
136.0 -0.00149
136.5 -0.00169
137.0 -0.00113
137.5 -0.00114
138.0 -0.00115
138.5 -0.00138
139.0 -0.00104
139.5 -0.000999999999999
140.0 -0.00082
140.5 -0.00093
141.0 -0.000890000000001
141.5 -0.0005
142.0 -3.00000000002e-05
142.5 -0.00011
143.0 -0.00025
143.5 -0.00017
144.0 -0.0003
144.5 -0.00034
145.0 -0.00054
145.5 0.0003
146.0 0.0007
146.5 0.00015
147.0 0.00015
147.5 0.00025
148.0 0.000335
148.5 0.000244
149.0 0.000339
149.5 0.000147
150.0 6.83e-05
150.5 0.0002428
151.0 0.000681
151.5 0.000776
152.0 0.000699
152.5 0.000946
153.0 0.0011
153.5 0.00102
154.0 0.00098
154.5 0.00109
155.0 0.00096
155.5 0.00099
156.0 0.00141
156.5 0.00153
157.0 0.00156
157.5 0.00171
158.0 0.00169
158.5 0.00162
159.0 0.00174
159.5 0.00202
160.0 0.00247
160.5 0.00198
161.0 0.00222
161.5 0.00225
162.0 0.00239
162.5 0.00257
163.0 0.00269
163.5 0.00241
164.0 0.00251
164.5 0.00286
165.0 0.00339
165.5 0.00344
166.0 0.00308
166.5 0.00315
167.0 0.00355
167.5 0.00348
168.0 0.00363
168.5 0.0039
169.0 0.00413
169.5 0.00433
170.0 0.00467
170.5 0.00498
171.0 0.0044
171.5 0.00507
172.0 0.00545
172.5 0.00522
173.0 0.00542
173.5 0.00538
174.0 0.00529
174.5 0.00553
175.0 0.00554
175.5 0.00528
176.0 0.00561
176.5 0.00652
177.0 0.0067
177.5 0.00712
178.0 0.0056
178.5 0.0011
179.0 -0.003
179.5 -0.0038
180.0 -0.0021
180.5 -0.0026
181.0 0.000500000000001
181.5 0.0008
182.0 0.0006
182.5 0.0014
183.0 0.0012
183.5 0.0018
184.0 0.0016
184.5 0.0017
185.0 0.0025
185.5 0.0018
186.0 0.0016
186.5 0.002
187.0 0.0019
187.5 0.0017
188.0 0.0012
188.5 0.0013
189.0 0.000800000000002
189.5 0.000500000000001
190.0 0.000500000000001
190.5 1.7763568394e-15
191.0 -0.000299999999999
191.5 -0.0007
192.0 -0.000900000000001
192.5 -0.000800000000002
193.0 -0.0014
193.5 -0.0019
194.0 -0.0025
194.5 -0.0031
195.0 -0.0037
195.5 -0.0054
196.0 -0.0062
196.5 -0.0073
197.0 -0.0089
197.5 -0.00998
198.0 -0.01401
198.5 -0.01901
199.0 -0.02842
199.5 -0.04365
