0.0 0.00145
0.5 0.02343
1.0 0.02402
1.5 0.01774
2.0 0.01387
2.5 0.01062
3.0 0.0085
3.5 0.00665
4.0 0.00503
4.5 0.00325
5.0 0.00197
5.5 0.00082
6.0 -0.00036
6.5 -0.00143
7.0 -0.00234
7.5 -0.00339
8.0 -0.00439
8.5 -0.00522
9.0 -0.00608
9.5 -0.00691
10.0 -0.00774
10.5 -0.00854
11.0 -0.00935
11.5 -0.0102
12.0 -0.01097
12.5 -0.01172
13.0 -0.01249
13.5 -0.01324
14.0 -0.01395
14.5 -0.01467
15.0 -0.01537
15.5 -0.01615
16.0 -0.01683
16.5 -0.01751
17.0 -0.01818
17.5 -0.01886
18.0 -0.01952
18.5 -0.02022
19.0 -0.02084
19.5 -0.0215
20.0 -0.02209
20.5 -0.02274
21.0 -0.02334
21.5 -0.02391
22.0 -0.02452
22.5 -0.02506
23.0 -0.02564
23.5 -0.02616
24.0 -0.02673
24.5 -0.02726
25.0 -0.02775
25.5 -0.02823
26.0 -0.02871
26.5 -0.02916
27.0 -0.02961
27.5 -0.03001
28.0 -0.03037
28.5 -0.03078
29.0 -0.03118
29.5 -0.03154
30.0 -0.03187
30.5 -0.0322
31.0 -0.0325
31.5 -0.03278
32.0 -0.03301
32.5 -0.03324
33.0 -0.03347
33.5 -0.03369
34.0 -0.03386
34.5 -0.034
35.0 -0.03415
35.5 -0.03431
36.0 -0.03444
36.5 -0.03451
37.0 -0.03454
37.5 -0.03456
38.0 -0.0346
38.5 -0.0346
39.0 -0.03458
39.5 -0.03458
40.0 -0.0345
40.5 -0.03443
41.0 -0.03432
41.5 -0.03423
42.0 -0.03407
42.5 -0.0339
43.0 -0.03376
43.5 -0.03355
44.0 -0.03334
44.5 -0.03316
45.0 -0.03289
45.5 -0.03264
46.0 -0.03237
46.5 -0.03209
47.0 -0.03181
47.5 -0.03147
48.0 -0.03117
48.5 -0.03081
49.0 -0.03046
49.5 -0.03015
50.0 -0.02977
50.5 -0.02935
51.0 -0.02897
51.5 -0.02855
52.0 -0.02812
52.5 -0.02771
53.0 -0.02729
53.5 -0.02686
54.0 -0.02639
54.5 -0.02597
55.0 -0.02556
55.5 -0.02511
56.0 -0.02464
56.5 -0.02416
57.0 -0.02371
57.5 -0.02322
58.0 -0.02279
58.5 -0.02235
59.0 -0.02191
59.5 -0.02145
60.0 -0.02099
60.5 -0.02052
61.0 -0.02003
61.5 -0.0196
62.0 -0.01914
62.5 -0.01871
63.0 -0.01825
63.5 -0.01784
64.0 -0.01744
64.5 -0.01699
65.0 -0.01654
65.5 -0.01613
66.0 -0.01567
66.5 -0.01531
67.0 -0.01488
67.5 -0.0145
68.0 -0.01411
68.5 -0.01375
69.0 -0.01339
69.5 -0.01302
70.0 -0.01263
70.5 -0.01232
71.0 -0.01195
71.5 -0.01156
72.0 -0.0112
72.5 -0.01089
73.0 -0.01059
73.5 -0.0103
74.0 -0.01004
74.5 -0.00973
75.0 -0.0094
75.5 -0.00914
76.0 -0.0089
76.5 -0.00852
77.0 -0.00818
77.5 -0.00794
78.0 -0.00777
78.5 -0.0075
79.0 -0.00726
79.5 -0.00706
80.0 -0.00684
80.5 -0.00667
81.0 -0.00642
81.5 -0.00619
82.0 -0.00594
82.5 -0.00574
83.0 -0.00561
83.5 -0.00543
84.0 -0.00525
84.5 -0.00509
85.0 -0.00494
85.5 -0.0048
86.0 -0.00468
86.5 -0.00446
87.0 -0.00428
87.5 -0.00416
88.0 -0.00414
88.5 -0.00404
89.0 -0.00378
89.5 -0.00374
90.0 -0.00362
90.5 -0.00369
91.0 -0.00352
91.5 -0.00336
92.0 -0.00323
92.5 -0.00318
93.0 -0.00314
93.5 -0.00307
94.0 -0.00291
94.5 -0.00282
95.0 -0.00289
95.5 -0.00287
96.0 -0.0028
96.5 -0.0028
97.0 -0.00278
97.5 -0.00273
98.0 -0.00275
98.5 -0.00259
99.0 -0.00264
99.5 -0.0027
100.0 -0.0024
100.5 -0.00246
101.0 -0.0024
101.5 -0.0026
102.0 -0.0027
102.5 -0.0027
103.0 -0.0026
103.5 -0.0026
104.0 -0.0028
104.5 -0.0029
105.0 -0.0029
105.5 -0.0029
106.0 -0.0027
106.5 -0.0029
107.0 -0.0031
107.5 -0.0032
108.0 -0.0035
108.5 -0.0032
109.0 -0.0036
109.5 -0.0037
110.0 -0.0039
110.5 -0.0034
111.0 -0.0038
111.5 -0.0044
112.0 -0.0043
112.5 -0.0043
113.0 -0.0045
113.5 -0.0048
114.0 -0.0048
114.5 -0.0052
115.0 -0.0038
115.5 -0.0043
116.0 -0.0053
116.5 -0.0051
117.0 -0.0057
117.5 -0.0068
118.0 -0.0048
118.5 -0.005
119.0 -0.0026
119.5 0.0057
120.0 0.0071
120.5 0.0074
121.0 0.0041
121.5 -0.0006
122.0 -0.0048
122.5 -0.0058
123.0 -0.00485
123.5 -0.00505
124.0 -0.00533
124.5 -0.0051
125.0 -0.00489
125.5 -0.0045
126.0 -0.00571
126.5 -0.00525
127.0 -0.00435
127.5 -0.00428
128.0 -0.00413
128.5 -0.00415
129.0 -0.00464
129.5 -0.00417
130.0 -0.00362
130.5 -0.00355
131.0 -0.0036
131.5 -0.00304
132.0 -0.00274
132.5 -0.00266
133.0 -0.00242
133.5 -0.00245
134.0 -0.00231
134.5 -0.00233
135.0 -0.00223
135.5 -0.00197
136.0 -0.002
136.5 -0.00159
137.0 -0.00134
137.5 -0.00166
138.0 -0.00139
138.5 -0.00132
139.0 -0.00101
139.5 -0.00103
140.0 -0.00075
140.5 -0.00122
141.0 -0.00119
141.5 -0.00079
142.0 -0.00062
142.5 -0.000449999999999
143.0 -0.00031
143.5 -0.00027
144.0 -0.00034
144.5 -0.00025
145.0 -9.99999999998e-05
145.5 -3.99999999998e-05
146.0 0.0001
146.5 -1.00000000001e-05
147.0 5.00000000001e-05
147.5 0.00023
148.0 0.000273
148.5 -1.1e-05
149.0 0.000111
149.5 9.4e-05
150.0 -2.45e-05
150.5 0.0001228
151.0 0.000713
151.5 0.000635
152.0 0.000334
152.5 0.000522
153.0 0.00068
153.5 0.00068
154.0 0.00084
154.5 0.00111
155.0 0.00117
155.5 0.00092
156.0 0.0013
156.5 0.00144
157.0 0.00147
157.5 0.00164
158.0 0.00161
158.5 0.00151
159.0 0.00158
159.5 0.00179
160.0 0.00222
160.5 0.00185
161.0 0.00216
161.5 0.00225
162.0 0.00265
162.5 0.00283
163.0 0.0028
163.5 0.00238
164.0 0.00227
164.5 0.00234
165.0 0.00303
165.5 0.00329
166.0 0.00315
166.5 0.0032
167.0 0.0035
167.5 0.0037
168.0 0.00385
168.5 0.00386
169.0 0.00384
169.5 0.00365
170.0 0.00415
170.5 0.0045
171.0 0.00465
171.5 0.00507
172.0 0.00525
172.5 0.00504
173.0 0.00497
173.5 0.00506
174.0 0.00582
174.5 0.00582
175.0 0.00563
175.5 0.00558
176.0 0.00484
176.5 0.00602
177.0 0.00644
177.5 0.00742
178.0 0.0073
178.5 0.0052
179.0 0.0006
179.5 -0.0028
180.0 -0.003
180.5 -0.0054
181.0 -0.0034
181.5 0.0008
182.0 0.0006
182.5 0.0024
183.0 0.0016
183.5 0.0019
184.0 0.0021
184.5 0.0018
185.0 0.0018
185.5 0.0016
186.0 0.0015
186.5 0.0014
187.0 0.0013
187.5 0.0015
188.0 0.0014
188.5 0.0012
189.0 0.000900000000001
189.5 0.000400000000001
190.0 0.000399999999999
190.5 -0.000200000000001
191.0 -0.000299999999999
191.5 -0.0006
192.0 -0.001
192.5 -0.0011
193.0 -0.0017
193.5 -0.0019
194.0 -0.0025
194.5 -0.0032
195.0 -0.0043
195.5 -0.0055
196.0 -0.0064
196.5 -0.0069
197.0 -0.0092
197.5 -0.01048
198.0 -0.01444
198.5 -0.01961
199.0 -0.02946
199.5 -0.0462
