0.0 0.00219
0.5 0.01479
1.0 0.0166
1.5 0.01232
2.0 0.00925
2.5 0.00663
3.0 0.00512
3.5 0.00365
4.0 0.002
4.5 0.00094
5.0 -0.00019
5.5 -0.00122
6.0 -0.00224
6.5 -0.00316
7.0 -0.00398
7.5 -0.00487
8.0 -0.00577
8.5 -0.00651
9.0 -0.00724
9.5 -0.00796
10.0 -0.00868
10.5 -0.0095
11.0 -0.01024
11.5 -0.01092
12.0 -0.0116
12.5 -0.01233
13.0 -0.01307
13.5 -0.01374
14.0 -0.01442
14.5 -0.01508
15.0 -0.01574
15.5 -0.01642
16.0 -0.01707
16.5 -0.01772
17.0 -0.01833
17.5 -0.01898
18.0 -0.01962
18.5 -0.02028
19.0 -0.02086
19.5 -0.02147
20.0 -0.02205
20.5 -0.02265
21.0 -0.02319
21.5 -0.02374
22.0 -0.02433
22.5 -0.0248
23.0 -0.02533
23.5 -0.02579
24.0 -0.02633
24.5 -0.02681
25.0 -0.02724
25.5 -0.02765
26.0 -0.02808
26.5 -0.02848
27.0 -0.02886
27.5 -0.02919
28.0 -0.02948
28.5 -0.02984
29.0 -0.03014
29.5 -0.03043
30.0 -0.03067
30.5 -0.0309
31.0 -0.0311
31.5 -0.03131
32.0 -0.03146
32.5 -0.03159
33.0 -0.03169
33.5 -0.03181
34.0 -0.03185
34.5 -0.03189
35.0 -0.03192
35.5 -0.03196
36.0 -0.03195
36.5 -0.0319
37.0 -0.03181
37.5 -0.03171
38.0 -0.03163
38.5 -0.03151
39.0 -0.03136
39.5 -0.03123
40.0 -0.03104
40.5 -0.03086
41.0 -0.03063
41.5 -0.03042
42.0 -0.03015
42.5 -0.02987
43.0 -0.02961
43.5 -0.02929
44.0 -0.02899
44.5 -0.02873
45.0 -0.02838
45.5 -0.02805
46.0 -0.0277
46.5 -0.02737
47.0 -0.027
47.5 -0.02659
48.0 -0.02625
48.5 -0.02585
49.0 -0.02547
49.5 -0.02514
50.0 -0.02474
50.5 -0.0243
51.0 -0.02389
51.5 -0.02349
52.0 -0.02306
52.5 -0.02265
53.0 -0.02226
53.5 -0.02185
54.0 -0.02139
54.5 -0.02101
55.0 -0.02062
55.5 -0.02022
56.0 -0.01978
56.5 -0.01932
57.0 -0.01894
57.5 -0.01854
58.0 -0.01817
58.5 -0.01779
59.0 -0.01741
59.5 -0.01705
60.0 -0.01664
60.5 -0.01622
61.0 -0.01586
61.5 -0.0155
62.0 -0.01511
62.5 -0.01475
63.0 -0.01436
63.5 -0.01404
64.0 -0.01373
64.5 -0.01341
65.0 -0.01303
65.5 -0.01271
66.0 -0.01237
66.5 -0.01206
67.0 -0.01173
67.5 -0.01143
68.0 -0.01112
68.5 -0.01087
69.0 -0.01062
69.5 -0.01032
70.0 -0.01001
70.5 -0.00975
71.0 -0.00951
71.5 -0.00919
72.0 -0.0089
72.5 -0.00864
73.0 -0.00842
73.5 -0.00823
74.0 -0.00805
74.5 -0.00783
75.0 -0.00751
75.5 -0.00733
76.0 -0.00717
76.5 -0.00693
77.0 -0.00665
77.5 -0.00647
78.0 -0.00637
78.5 -0.00619
79.0 -0.00594
79.5 -0.0058
80.0 -0.00565
80.5 -0.00553
81.0 -0.00532
81.5 -0.00518
82.0 -0.00499
82.5 -0.00484
83.0 -0.00475
83.5 -0.00455
84.0 -0.00443
84.5 -0.00437
85.0 -0.00422
85.5 -0.00412
86.0 -0.00399
86.5 -0.0039
87.0 -0.00375
87.5 -0.00361
88.0 -0.00359
88.5 -0.00351
89.0 -0.00334
89.5 -0.00331
90.0 -0.00326
90.5 -0.00322
91.0 -0.00316
91.5 -0.00307
92.0 -0.00302
92.5 -0.00297
93.0 -0.00291
93.5 -0.00293
94.0 -0.00283
94.5 -0.00274
95.0 -0.00265
95.5 -0.00271
96.0 -0.00269
96.5 -0.00266
97.0 -0.00257
97.5 -0.00241
98.0 -0.00253
98.5 -0.00258
99.0 -0.00254
99.5 -0.00269
100.0 -0.00254
100.5 -0.0024
101.0 -0.0024
101.5 -0.0025
102.0 -0.0025
102.5 -0.0025
103.0 -0.0024
103.5 -0.0026
104.0 -0.0028
104.5 -0.0027
105.0 -0.0024
105.5 -0.0027
106.0 -0.0029
106.5 -0.0028
107.0 -0.0028
107.5 -0.0029
108.0 -0.0034
108.5 -0.0031
109.0 -0.0031
109.5 -0.0033
110.0 -0.0035
110.5 -0.0039
111.0 -0.0036
111.5 -0.0039
112.0 -0.0036
112.5 -0.0038
113.0 -0.0042
113.5 -0.0042
114.0 -0.004
114.5 -0.0042
115.0 -0.0041
115.5 -0.0039
116.0 -0.0041
116.5 -0.0043
117.0 -0.0041
117.5 -0.0051
118.0 -0.0036
118.5 -0.0013
119.0 0.0022
119.5 0.0063
120.0 0.0034
120.5 0.0019
121.0 -0.0011
121.5 -0.005
122.0 -0.0061
122.5 -0.0083
123.0 -0.00575
123.5 -0.00485
124.0 -0.00554
124.5 -0.00571
125.0 -0.00485
125.5 -0.0053
126.0 -0.00537
126.5 -0.00484
127.0 -0.00444
127.5 -0.00487
128.0 -0.00504
128.5 -0.00466
129.0 -0.00439
129.5 -0.00368
130.0 -0.00408
130.5 -0.00391
131.0 -0.00391
131.5 -0.00296
132.0 -0.00293
132.5 -0.00314
133.0 -0.00296
133.5 -0.00291
134.0 -0.00247
134.5 -0.00231
135.0 -0.00207
135.5 -0.00271
136.0 -0.00248
136.5 -0.002
137.0 -0.0017
137.5 -0.002
138.0 -0.00173
138.5 -0.00165
139.0 -0.00147
139.5 -0.00171
140.0 -0.00163
140.5 -0.00147
141.0 -0.00144
141.5 -0.00133
142.0 -0.00099
142.5 -0.00071
143.0 -0.00069
143.5 -0.00078
144.0 -0.0008
144.5 -0.00064
145.0 -0.00107
145.5 -0.00058
146.0 -0.00022
146.5 -0.00063
147.0 -0.00062
147.5 -0.00053
148.0 -0.000274
148.5 -0.000266
149.0 -0.000287
149.5 -0.000441
150.0 -0.0008349
150.5 -0.0006341
151.0 0.000105
151.5 0.000144
152.0 -0.000111
152.5 -5.4e-05
153.0 1.00000000001e-05
153.5 5.00000000001e-05
154.0 0.00023
154.5 0.00032
155.0 0.00028
155.5 0.00024
156.0 0.00059
156.5 0.00065
157.0 0.00061
157.5 0.00073
158.0 0.00068
158.5 0.00054
159.0 0.00056
159.5 0.00067
160.0 0.00096
160.5 0.000690000000001
161.0 0.00108
161.5 0.00121
162.0 0.00152
162.5 0.00167
163.0 0.00169
163.5 0.00137
164.0 0.00143
164.5 0.00161
165.0 0.00179
165.5 0.0021
166.0 0.00184
166.5 0.00188
167.0 0.00234
167.5 0.00261
168.0 0.00271
168.5 0.00265
169.0 0.00269
169.5 0.0027
170.0 0.00291
170.5 0.00317
171.0 0.00255
171.5 0.00326
172.0 0.00371
172.5 0.00293
173.0 0.00301
173.5 0.00341
174.0 0.00366
174.5 0.00336
175.0 0.00214
175.5 0.00178
176.0 0.0021
176.5 0.00322
177.0 0.0027
177.5 0.00215
178.0 0.0011
178.5 0.000399999999999
179.0 -0.0016
179.5 -0.0041
180.0 -0.0044
180.5 -0.0055
181.0 -0.0025
181.5 0.0008
182.0 0.0013
182.5 0.004
183.0 0.0032
183.5 0.0035
184.0 0.0032
184.5 0.0029
185.0 0.0028
185.5 0.0023
186.0 0.0023
186.5 0.0021
187.0 0.0019
187.5 0.0016
188.0 0.0012
188.5 0.000999999999998
189.0 0.0007
189.5 0.000299999999999
190.0 9.99999999998e-05
190.5 -0.000499999999999
191.0 -0.000799999999998
191.5 -0.0013
192.0 -0.0016
192.5 -0.0018
193.0 -0.0026
193.5 -0.0031
194.0 -0.004
194.5 -0.0048
195.0 -0.0061
195.5 -0.0076
196.0 -0.0084
196.5 -0.0109
197.0 -0.0134
197.5 -0.01588
198.0 -0.02133
198.5 -0.02856
199.0 -0.04382
199.5 -0.06837
