0.0 0.00187
0.5 0.01389
1.0 0.01497
1.5 0.01036
2.0 0.00748
2.5 0.00523
3.0 0.00369
3.5 0.00225
4.0 0.000970000000001
4.5 -0.00027
5.0 -0.00149
5.5 -0.00272
6.0 -0.00373
6.5 -0.0046
7.0 -0.00543
7.5 -0.00629
8.0 -0.00708
8.5 -0.00786
9.0 -0.0086
9.5 -0.00931
10.0 -0.01019
10.5 -0.01088
11.0 -0.01159
11.5 -0.01229
12.0 -0.013
12.5 -0.01367
13.0 -0.01436
13.5 -0.01502
14.0 -0.01565
14.5 -0.01635
15.0 -0.01698
15.5 -0.01762
16.0 -0.01823
16.5 -0.01883
17.0 -0.01941
17.5 -0.02001
18.0 -0.02055
18.5 -0.02115
19.0 -0.0217
19.5 -0.02225
20.0 -0.02276
20.5 -0.02329
21.0 -0.02376
21.5 -0.02424
22.0 -0.02475
22.5 -0.02516
23.0 -0.02558
23.5 -0.02599
24.0 -0.02643
24.5 -0.02683
25.0 -0.02718
25.5 -0.02751
26.0 -0.02784
26.5 -0.02815
27.0 -0.02844
27.5 -0.02866
28.0 -0.02887
28.5 -0.02913
29.0 -0.02933
29.5 -0.02951
30.0 -0.02966
30.5 -0.02981
31.0 -0.02995
31.5 -0.03006
32.0 -0.03012
32.5 -0.03017
33.0 -0.0302
33.5 -0.03025
34.0 -0.03024
34.5 -0.0302
35.0 -0.03017
35.5 -0.03013
36.0 -0.03009
36.5 -0.02999
37.0 -0.02984
37.5 -0.02971
38.0 -0.02959
38.5 -0.02943
39.0 -0.02925
39.5 -0.02912
40.0 -0.02889
40.5 -0.0287
41.0 -0.02848
41.5 -0.02825
42.0 -0.02799
42.5 -0.02772
43.0 -0.02747
43.5 -0.02716
44.0 -0.02687
44.5 -0.02664
45.0 -0.0263
45.5 -0.026
46.0 -0.02569
46.5 -0.0254
47.0 -0.02506
47.5 -0.02468
48.0 -0.02436
48.5 -0.024
49.0 -0.02365
49.5 -0.02335
50.0 -0.02299
50.5 -0.0226
51.0 -0.02224
51.5 -0.02189
52.0 -0.02151
52.5 -0.02114
53.0 -0.0208
53.5 -0.02044
54.0 -0.02002
54.5 -0.01973
55.0 -0.01939
55.5 -0.01902
56.0 -0.01865
56.5 -0.01828
57.0 -0.01794
57.5 -0.01757
58.0 -0.01725
58.5 -0.0169
59.0 -0.01657
59.5 -0.01623
60.0 -0.01585
60.5 -0.01553
61.0 -0.01515
61.5 -0.01485
62.0 -0.01449
62.5 -0.01419
63.0 -0.01385
63.5 -0.01355
64.0 -0.01327
64.5 -0.01298
65.0 -0.01265
65.5 -0.01237
66.0 -0.01204
66.5 -0.01177
67.0 -0.01149
67.5 -0.0112
68.0 -0.0109
68.5 -0.01068
69.0 -0.01046
69.5 -0.0102
70.0 -0.00992
70.5 -0.00967
71.0 -0.00945
71.5 -0.00919
72.0 -0.00894
72.5 -0.00868
73.0 -0.00844
73.5 -0.00826
74.0 -0.00811
74.5 -0.00786
75.0 -0.00759
75.5 -0.0074
76.0 -0.00724
76.5 -0.00699
77.0 -0.00675
77.5 -0.00656
78.0 -0.00647
78.5 -0.00627
79.0 -0.0061
79.5 -0.00597
80.0 -0.00579
80.5 -0.0057
81.0 -0.00553
81.5 -0.00536
82.0 -0.00518
82.5 -0.00507
83.0 -0.00494
83.5 -0.00477
84.0 -0.00467
84.5 -0.00454
85.0 -0.00448
85.5 -0.00435
86.0 -0.00423
86.5 -0.00415
87.0 -0.00401
87.5 -0.00387
88.0 -0.00383
88.5 -0.00376
89.0 -0.0036
89.5 -0.00363
90.0 -0.00346
90.5 -0.00344
91.0 -0.00342
91.5 -0.00326
92.0 -0.00312
92.5 -0.00309
93.0 -0.0031
93.5 -0.00321
94.0 -0.0031
94.5 -0.00291
95.0 -0.00293
95.5 -0.0029
96.0 -0.00285
96.5 -0.00276
97.0 -0.00279
97.5 -0.00268
98.0 -0.00279
98.5 -0.0029
99.0 -0.00279
99.5 -0.00278
100.0 -0.00259
100.5 -0.0024
101.0 -0.0026
101.5 -0.0026
102.0 -0.0026
102.5 -0.0027
103.0 -0.0027
103.5 -0.0028
104.0 -0.0029
104.5 -0.0027
105.0 -0.0027
105.5 -0.0029
106.0 -0.0027
106.5 -0.0029
107.0 -0.0028
107.5 -0.003
108.0 -0.0035
108.5 -0.0033
109.0 -0.0034
109.5 -0.0035
110.0 -0.0038
110.5 -0.0035
111.0 -0.0037
111.5 -0.0041
112.0 -0.004
112.5 -0.0039
113.0 -0.0042
113.5 -0.0045
114.0 -0.0042
114.5 -0.0046
115.0 -0.0044
115.5 -0.0043
116.0 -0.0037
116.5 -0.0037
117.0 -0.0036
117.5 -0.0041
118.0 -0.0034
118.5 -0.0032
119.0 -0.0007
119.5 0.0059
120.0 0.0057
120.5 0.0047
121.0 0.0015
121.5 -0.0035
122.0 -0.0071
122.5 -0.0076
123.0 -0.00633
123.5 -0.00607
124.0 -0.00616
124.5 -0.00596
125.0 -0.00537
125.5 -0.00587
126.0 -0.00578
126.5 -0.00585
127.0 -0.00523
127.5 -0.00522
128.0 -0.00526
128.5 -0.00513
129.0 -0.00501
129.5 -0.00456
130.0 -0.00429
130.5 -0.00421
131.0 -0.00394
131.5 -0.00404
132.0 -0.00371
132.5 -0.00338
133.0 -0.00324
133.5 -0.00337
134.0 -0.00301
134.5 -0.00298
135.0 -0.00271
135.5 -0.00289
136.0 -0.00255
136.5 -0.00232
137.0 -0.00182
137.5 -0.00208
138.0 -0.00199
138.5 -0.00204
139.0 -0.00182
139.5 -0.00188
140.0 -0.00165
140.5 -0.00185
141.0 -0.00167
141.5 -0.00143
142.0 -0.00124
142.5 -0.00101
143.0 -0.00086
143.5 -0.0009
144.0 -0.00119
144.5 -0.00133
145.0 -0.00104
145.5 -0.00065
146.0 -0.00036
146.5 -0.00054
147.0 -0.00051
147.5 -0.00047
148.0 -0.000427
148.5 -0.000534
149.0 -0.00039
149.5 -0.000596
150.0 -0.0007058
150.5 -0.0003647
151.0 9.2e-05
151.5 0.000196
152.0 4.5e-05
152.5 0.000197
153.0 0.00022
153.5 9.00000000001e-05
154.0 0.00016
154.5 0.00033
155.0 0.00026
155.5 0.00011
156.0 0.00054
156.5 0.00068
157.0 0.00071
157.5 0.00089
158.0 0.0009
158.5 0.00083
159.0 0.00083
159.5 0.00085
160.0 0.00139
160.5 0.00107
161.0 0.00145
161.5 0.00128
162.0 0.0016
162.5 0.00186
163.0 0.00194
163.5 0.00154
164.0 0.00142
164.5 0.00162
165.0 0.00213
165.5 0.0023
166.0 0.00167
166.5 0.00181
167.0 0.00225
167.5 0.0026
168.0 0.00286
168.5 0.00294
169.0 0.003
169.5 0.00302
170.0 0.00321
170.5 0.00292
171.0 0.00324
171.5 0.00387
172.0 0.0035
172.5 0.00323
173.0 0.00364
173.5 0.0038
174.0 0.00409
174.5 0.0039
175.0 0.00275
175.5 0.00264
176.0 0.00303
176.5 0.00401
177.0 0.00324
177.5 0.00441
178.0 0.0031
178.5 0.0024
179.0 -0.002
179.5 -0.0054
180.0 -0.0071
180.5 -0.0085
181.0 -0.003
181.5 0.002
182.0 0.0036
182.5 0.004
183.0 0.0037
183.5 0.0036
184.0 0.0031
184.5 0.0027
185.0 0.0028
185.5 0.0024
186.0 0.0023
186.5 0.0025
187.0 0.0025
187.5 0.0021
188.0 0.0015
188.5 0.0015
189.0 0.0011
189.5 0.0008
190.0 0.0007
190.5 0.0002
191.0 -9.9999999998e-05
191.5 -0.000500000000001
192.0 -0.0007
192.5 -0.0009
193.0 -0.0016
193.5 -0.0017
194.0 -0.0026
194.5 -0.0033
195.0 -0.004
195.5 -0.0054
196.0 -0.0064
196.5 -0.0075
197.0 -0.0091
197.5 -0.01038
198.0 -0.01438
198.5 -0.0195
199.0 -0.02926
199.5 -0.04573
