0.0 0.00163
0.5 0.01613
1.0 0.02071
1.5 0.01626
2.0 0.01301
2.5 0.01025
3.0 0.00861
3.5 0.00702
4.0 0.00524
4.5 0.00412
5.0 0.00287
5.5 0.00183
6.0 0.000590000000001
6.5 -0.00043
7.0 -0.00127
7.5 -0.00219
8.0 -0.00308
8.5 -0.00405
9.0 -0.00482
9.5 -0.00563
10.0 -0.00645
10.5 -0.00723
11.0 -0.00802
11.5 -0.00883
12.0 -0.00956
12.5 -0.01032
13.0 -0.01111
13.5 -0.01191
14.0 -0.01262
14.5 -0.01336
15.0 -0.01409
15.5 -0.01484
16.0 -0.01558
16.5 -0.01629
17.0 -0.01699
17.5 -0.01771
18.0 -0.01843
18.5 -0.01914
19.0 -0.01984
19.5 -0.02054
20.0 -0.02122
20.5 -0.02192
21.0 -0.02258
21.5 -0.02322
22.0 -0.02391
22.5 -0.02451
23.0 -0.02517
23.5 -0.02579
24.0 -0.02644
24.5 -0.02706
25.0 -0.02763
25.5 -0.02821
26.0 -0.02878
26.5 -0.02933
27.0 -0.02987
27.5 -0.03036
28.0 -0.03083
28.5 -0.03134
29.0 -0.03182
29.5 -0.03228
30.0 -0.03272
30.5 -0.03313
31.0 -0.03352
31.5 -0.03391
32.0 -0.03424
32.5 -0.03457
33.0 -0.03487
33.5 -0.0352
34.0 -0.03544
34.5 -0.03567
35.0 -0.0359
35.5 -0.03614
36.0 -0.03632
36.5 -0.03645
37.0 -0.03655
37.5 -0.03664
38.0 -0.03674
38.5 -0.0368
39.0 -0.0368
39.5 -0.03684
40.0 -0.03679
40.5 -0.03676
41.0 -0.03668
41.5 -0.0366
42.0 -0.03647
42.5 -0.03631
43.0 -0.03616
43.5 -0.03596
44.0 -0.03574
44.5 -0.03554
45.0 -0.03523
45.5 -0.03497
46.0 -0.0347
46.5 -0.03439
47.0 -0.03407
47.5 -0.03367
48.0 -0.03332
48.5 -0.03292
49.0 -0.03254
49.5 -0.03216
50.0 -0.03174
50.5 -0.03128
51.0 -0.03084
51.5 -0.03038
52.0 -0.0299
52.5 -0.02943
53.0 -0.02896
53.5 -0.02845
54.0 -0.02791
54.5 -0.02747
55.0 -0.02698
55.5 -0.02646
56.0 -0.02596
56.5 -0.0254
57.0 -0.0249
57.5 -0.02437
58.0 -0.02388
58.5 -0.02336
59.0 -0.02286
59.5 -0.02236
60.0 -0.02184
60.5 -0.02133
61.0 -0.0208
61.5 -0.02032
62.0 -0.0198
62.5 -0.0193
63.0 -0.0188
63.5 -0.01834
64.0 -0.01788
64.5 -0.01744
65.0 -0.01695
65.5 -0.01646
66.0 -0.01598
66.5 -0.01558
67.0 -0.01511
67.5 -0.01466
68.0 -0.01426
68.5 -0.0139
69.0 -0.01354
69.5 -0.01313
70.0 -0.01266
70.5 -0.01232
71.0 -0.01199
71.5 -0.01158
72.0 -0.01122
72.5 -0.01083
73.0 -0.01047
73.5 -0.01021
74.0 -0.00995
74.5 -0.0096
75.0 -0.00928
75.5 -0.00899
76.0 -0.00873
76.5 -0.00835
77.0 -0.00802
77.5 -0.00776
78.0 -0.00757
78.5 -0.00731
79.0 -0.00707
79.5 -0.00685
80.0 -0.00662
80.5 -0.00647
81.0 -0.00615
81.5 -0.00594
82.0 -0.00573
82.5 -0.00553
83.0 -0.00535
83.5 -0.00517
84.0 -0.00498
84.5 -0.00485
85.0 -0.00471
85.5 -0.00455
86.0 -0.00439
86.5 -0.00425
87.0 -0.00414
87.5 -0.00394
88.0 -0.00384
88.5 -0.00376
89.0 -0.00354
89.5 -0.00348
90.0 -0.00338
90.5 -0.00328
91.0 -0.00315
91.5 -0.00301
92.0 -0.0029
92.5 -0.00288
93.0 -0.0029
93.5 -0.0029
94.0 -0.00282
94.5 -0.00263
95.0 -0.00253
95.5 -0.0026
96.0 -0.00256
96.5 -0.00241
97.0 -0.00236
97.5 -0.00231
98.0 -0.00235
98.5 -0.00229
99.0 -0.00243
99.5 -0.00248
100.0 -0.00217
100.5 -0.00223
101.0 -0.0022
101.5 -0.0023
102.0 -0.0023
102.5 -0.0024
103.0 -0.0024
103.5 -0.0025
104.0 -0.0025
104.5 -0.0024
105.0 -0.0024
105.5 -0.0025
106.0 -0.0027
106.5 -0.0027
107.0 -0.0027
107.5 -0.0027
108.0 -0.0031
108.5 -0.0031
109.0 -0.0033
109.5 -0.0033
110.0 -0.0035
110.5 -0.0035
111.0 -0.0036
111.5 -0.0039
112.0 -0.0041
112.5 -0.0043
113.0 -0.0041
113.5 -0.0041
114.0 -0.0045
114.5 -0.0042
115.0 -0.004
115.5 -0.0041
116.0 -0.0048
116.5 -0.0045
117.0 -0.0042
117.5 -0.0058
118.0 -0.0045
118.5 -0.0026
119.0 -0.000500000000001
119.5 0.005
120.0 0.0041
120.5 0.0027
121.0 0.0024
121.5 -0.0028
122.0 -0.0059
122.5 -0.0064
123.0 -0.00432
123.5 -0.00405
124.0 -0.00501
124.5 -0.00417
125.0 -0.00479
125.5 -0.00438
126.0 -0.00524
126.5 -0.00494
127.0 -0.00428
127.5 -0.0039
128.0 -0.00369
128.5 -0.00372
129.0 -0.00386
129.5 -0.00422
130.0 -0.00335
130.5 -0.00314
131.0 -0.00356
131.5 -0.00268
132.0 -0.00232
132.5 -0.00257
133.0 -0.00248
133.5 -0.0024
134.0 -0.00213
134.5 -0.00197
135.0 -0.00169
135.5 -0.00191
136.0 -0.00166
136.5 -0.00152
137.0 -0.00116
137.5 -0.00153
138.0 -0.00143
138.5 -0.00134
139.0 -0.00107
139.5 -0.00119
140.0 -0.00115
140.5 -0.00109
141.0 -0.00113
141.5 -0.00072
142.0 -0.00027
142.5 -0.00036
143.0 -0.00054
143.5 -0.00045
144.0 -0.00048
144.5 -0.00048
145.0 -0.00045
145.5 8.00000000001e-05
146.0 0.00043
146.5 9.00000000001e-05
147.0 -9.99999999984e-06
147.5 5.99999999997e-05
148.0 0.000231
148.5 5.1e-05
149.0 -5.7e-05
149.5 -0.000192
150.0 -9.19e-05
150.5 7.86e-05
151.0 0.000558
151.5 0.000476
152.0 0.000201
152.5 0.000245
153.0 0.00034
153.5 0.00042
154.0 0.00065
154.5 0.00095
155.0 0.0008
155.5 0.00076
156.0 0.00111
156.5 0.00115
157.0 0.0011
157.5 0.00113
158.0 0.0011
158.5 0.0011
159.0 0.00124
159.5 0.00152
160.0 0.00196
160.5 0.00145
161.0 0.00168
161.5 0.0017
162.0 0.00183
162.5 0.00201
163.0 0.00218
163.5 0.00197
164.0 0.00188
164.5 0.00187
165.0 0.00264
165.5 0.00284
166.0 0.00243
166.5 0.00249
167.0 0.00256
167.5 0.00277
168.0 0.00315
168.5 0.00334
169.0 0.00336
169.5 0.00314
170.0 0.00363
170.5 0.00384
171.0 0.00375
171.5 0.0042
172.0 0.00387
172.5 0.00356
173.0 0.00403
173.5 0.00451
174.0 0.00459
174.5 0.00388
175.0 0.00399
175.5 0.00365
176.0 0.00409
176.5 0.00489
177.0 0.00499
177.5 0.00614
178.0 0.0031
178.5 0.0045
179.0 0.0008
179.5 -0.0017
180.0 -0.0025
180.5 -0.0062
181.0 -0.0041
181.5 0.000299999999999
182.0 0.000900000000001
182.5 0.0033
183.0 0.0025
183.5 0.0025
184.0 0.002
184.5 0.002
185.0 0.002
185.5 0.0017
186.0 0.0018
186.5 0.0017
187.0 0.0016
187.5 0.0015
188.0 0.000999999999999
188.5 0.000999999999999
189.0 0.000400000000001
189.5 9.99999999998e-05
190.0 0.0
190.5 -0.000499999999999
191.0 -0.0009
191.5 -0.0013
192.0 -0.0016
192.5 -0.0019
193.0 -0.0026
193.5 -0.0031
194.0 -0.004
194.5 -0.0049
195.0 -0.006
195.5 -0.0078
196.0 -0.0091
196.5 -0.0108
197.0 -0.013
197.5 -0.01518
198.0 -0.02062
198.5 -0.02796
199.0 -0.04323
199.5 -0.06895
