0.0 0.000599999999999
0.5 0.02283
1.0 0.02338
1.5 0.01736
2.0 0.01363
2.5 0.01058
3.0 0.00874
3.5 0.00699
4.0 0.0054
4.5 0.00401
5.0 0.00269
5.5 0.00157
6.0 0.00053
6.5 -0.00055
7.0 -0.00147
7.5 -0.00235
8.0 -0.00314
8.5 -0.00393
9.0 -0.00484
9.5 -0.00558
10.0 -0.00635
10.5 -0.00709
11.0 -0.00784
11.5 -0.00864
12.0 -0.00936
12.5 -0.01006
13.0 -0.01078
13.5 -0.01149
14.0 -0.01225
14.5 -0.01292
15.0 -0.01358
15.5 -0.01434
16.0 -0.01502
16.5 -0.01569
17.0 -0.01636
17.5 -0.01706
18.0 -0.01771
18.5 -0.01842
19.0 -0.01907
19.5 -0.01973
20.0 -0.02037
20.5 -0.02104
21.0 -0.02167
21.5 -0.02229
22.0 -0.02296
22.5 -0.02353
23.0 -0.02415
23.5 -0.02474
24.0 -0.02536
24.5 -0.02594
25.0 -0.02648
25.5 -0.02702
26.0 -0.02755
26.5 -0.02807
27.0 -0.02859
27.5 -0.02907
28.0 -0.02947
28.5 -0.02994
29.0 -0.03039
29.5 -0.03083
30.0 -0.03121
30.5 -0.0316
31.0 -0.03195
31.5 -0.03229
32.0 -0.03258
32.5 -0.03286
33.0 -0.03313
33.5 -0.03343
34.0 -0.03361
34.5 -0.0338
35.0 -0.03399
35.5 -0.03416
36.0 -0.03431
36.5 -0.0344
37.0 -0.03444
37.5 -0.03448
38.0 -0.03452
38.5 -0.03455
39.0 -0.0345
39.5 -0.03449
40.0 -0.03439
40.5 -0.0343
41.0 -0.03418
41.5 -0.03404
42.0 -0.03386
42.5 -0.03368
43.0 -0.0335
43.5 -0.03324
44.0 -0.033
44.5 -0.03278
45.0 -0.03248
45.5 -0.03219
46.0 -0.03186
46.5 -0.03155
47.0 -0.03122
47.5 -0.03081
48.0 -0.03046
48.5 -0.03005
49.0 -0.02966
49.5 -0.02931
50.0 -0.0289
50.5 -0.02846
51.0 -0.028
51.5 -0.02757
52.0 -0.02711
52.5 -0.02665
53.0 -0.02621
53.5 -0.02575
54.0 -0.02525
54.5 -0.02482
55.0 -0.02439
55.5 -0.02391
56.0 -0.02339
56.5 -0.0229
57.0 -0.02244
57.5 -0.02193
58.0 -0.02149
58.5 -0.02104
59.0 -0.0206
59.5 -0.02014
60.0 -0.01968
60.5 -0.01921
61.0 -0.01876
61.5 -0.01831
62.0 -0.01785
62.5 -0.01744
63.0 -0.01698
63.5 -0.01657
64.0 -0.01618
64.5 -0.01579
65.0 -0.01531
65.5 -0.01494
66.0 -0.0145
66.5 -0.01413
67.0 -0.01374
67.5 -0.01338
68.0 -0.013
68.5 -0.01264
69.0 -0.01234
69.5 -0.01198
70.0 -0.01162
70.5 -0.01131
71.0 -0.01103
71.5 -0.01068
72.0 -0.01028
72.5 -0.00996
73.0 -0.00971
73.5 -0.00945
74.0 -0.00919
74.5 -0.00891
75.0 -0.0086
75.5 -0.00839
76.0 -0.00813
76.5 -0.0078
77.0 -0.00752
77.5 -0.00729
78.0 -0.00718
78.5 -0.00695
79.0 -0.00673
79.5 -0.00657
80.0 -0.00628
80.5 -0.00614
81.0 -0.00592
81.5 -0.00574
82.0 -0.00552
82.5 -0.00534
83.0 -0.0052
83.5 -0.00504
84.0 -0.00488
84.5 -0.00476
85.0 -0.00468
85.5 -0.00446
86.0 -0.0043
86.5 -0.00418
87.0 -0.00405
87.5 -0.00392
88.0 -0.0039
88.5 -0.00387
89.0 -0.00368
89.5 -0.00359
90.0 -0.00352
90.5 -0.00351
91.0 -0.00334
91.5 -0.00324
92.0 -0.00314
92.5 -0.00308
93.0 -0.00307
93.5 -0.00314
94.0 -0.00298
94.5 -0.00283
95.0 -0.00282
95.5 -0.00294
96.0 -0.00292
96.5 -0.00283
97.0 -0.00281
97.5 -0.0026
98.0 -0.00268
98.5 -0.0027
99.0 -0.00283
99.5 -0.00286
100.0 -0.00267
100.5 -0.00261
101.0 -0.0027
101.5 -0.0028
102.0 -0.0027
102.5 -0.0028
103.0 -0.0028
103.5 -0.0029
104.0 -0.0029
104.5 -0.003
105.0 -0.0031
105.5 -0.0028
106.0 -0.003
106.5 -0.0033
107.0 -0.0033
107.5 -0.0034
108.0 -0.0037
108.5 -0.0037
109.0 -0.0039
109.5 -0.0039
110.0 -0.0043
110.5 -0.0039
111.0 -0.0043
111.5 -0.0047
112.0 -0.0049
112.5 -0.005
113.0 -0.0052
113.5 -0.0054
114.0 -0.0052
114.5 -0.0055
115.0 -0.0061
115.5 -0.0047
116.0 -0.0057
116.5 -0.0055
117.0 -0.0053
117.5 -0.0068
118.0 -0.0057
118.5 -0.004
119.0 -0.0014
119.5 0.0071
120.0 0.0088
120.5 0.0073
121.0 0.0063
121.5 0.0013
122.0 -0.0016
122.5 -0.0049
123.0 -0.00336
123.5 -0.00428
124.0 -0.0059
124.5 -0.00571
125.0 -0.00505
125.5 -0.0046
126.0 -0.00576
126.5 -0.00535
127.0 -0.00464
127.5 -0.00421
128.0 -0.00403
128.5 -0.00428
129.0 -0.00438
129.5 -0.00346
130.0 -0.00317
130.5 -0.00323
131.0 -0.00352
131.5 -0.00277
132.0 -0.00207
132.5 -0.00233
133.0 -0.00263
133.5 -0.00241
134.0 -0.00182
134.5 -0.00176
135.0 -0.00202
135.5 -0.00185
136.0 -0.0018
136.5 -0.00139
137.0 -0.00106
137.5 -0.00124
138.0 -0.00114
138.5 -0.0013
139.0 -0.00093
139.5 -0.00109
140.0 -0.000950000000001
140.5 -0.00061
141.0 -0.00098
141.5 -0.00068
142.0 -0.00041
142.5 -0.0003
143.0 -9.99999999998e-05
143.5 7e-05
144.0 -0.00012
144.5 -0.00039
145.0 -0.00059
145.5 0.00036
146.0 0.00079
146.5 0.00021
147.0 0.00022
147.5 0.0004
148.0 0.000468
148.5 0.000233
149.0 0.000287
149.5 0.000153
150.0 -8.91e-05
150.5 0.0004328
151.0 0.000928
151.5 0.00096
152.0 0.00075
152.5 0.000887
153.0 0.00085
153.5 0.00073
154.0 0.00082
154.5 0.00078
155.0 0.00081
155.5 0.00099
156.0 0.00158
156.5 0.00159
157.0 0.00152
157.5 0.00162
158.0 0.0015
158.5 0.00139
159.0 0.00155
159.5 0.00182
160.0 0.00233
160.5 0.00198
161.0 0.00239
161.5 0.00254
162.0 0.00281
162.5 0.00285
163.0 0.00281
163.5 0.00245
164.0 0.0024
164.5 0.00254
165.0 0.00333
165.5 0.00362
166.0 0.00295
166.5 0.00318
167.0 0.00372
167.5 0.00371
168.0 0.00383
168.5 0.00407
169.0 0.00435
169.5 0.00458
170.0 0.00483
170.5 0.00505
171.0 0.00511
171.5 0.0056
172.0 0.0054
172.5 0.0053
173.0 0.00571
173.5 0.00601
174.0 0.00631
174.5 0.00634
175.0 0.00617
175.5 0.00563
176.0 0.00595
176.5 0.00548
177.0 0.00532
177.5 0.00693
178.0 0.0058
178.5 0.0048
179.0 0.0013
179.5 -0.0023
180.0 -0.0024
180.5 -0.0059
181.0 -0.0061
181.5 -0.0029
182.0 -0.0019
182.5 0.0009
183.0 0.000399999999999
183.5 0.0009
184.0 0.000999999999999
184.5 0.0009
185.0 0.0011
185.5 0.0008
186.0 0.0008
186.5 0.0013
187.0 0.0011
187.5 0.0009
188.0 0.000500000000001
188.5 0.000399999999999
189.0 -0.0002
189.5 -0.000400000000001
190.0 -0.000500000000001
190.5 -0.0012
191.0 -0.0014
191.5 -0.0018
192.0 -0.0021
192.5 -0.0022
193.0 -0.0031
193.5 -0.0036
194.0 -0.0045
194.5 -0.0053
195.0 -0.0064
195.5 -0.008
196.0 -0.0093
196.5 -0.0109
197.0 -0.0132
197.5 -0.01548
198.0 -0.02083
198.5 -0.02798
199.0 -0.04298
199.5 -0.06677
