0.0 0.000449999999999
0.5 0.02208
1.0 0.02199
1.5 0.01612
2.0 0.01241
2.5 0.00899
3.0 0.00669
3.5 0.00517
4.0 0.00357
4.5 0.00211
5.0 0.000710000000001
5.5 -0.00047
6.0 -0.00162
6.5 -0.00265
7.0 -0.00356
7.5 -0.00451
8.0 -0.00538
8.5 -0.00623
9.0 -0.00716
9.5 -0.00792
10.0 -0.00873
10.5 -0.00951
11.0 -0.0103
11.5 -0.01103
12.0 -0.01177
12.5 -0.01249
13.0 -0.01321
13.5 -0.01393
14.0 -0.0146
14.5 -0.01528
15.0 -0.01597
15.5 -0.01668
16.0 -0.0173
16.5 -0.01795
17.0 -0.01856
17.5 -0.0192
18.0 -0.01979
18.5 -0.02043
19.0 -0.021
19.5 -0.02159
20.0 -0.02213
20.5 -0.02271
21.0 -0.02326
21.5 -0.02377
22.0 -0.02432
22.5 -0.02478
23.0 -0.02527
23.5 -0.02572
24.0 -0.02623
24.5 -0.0267
25.0 -0.0271
25.5 -0.0275
26.0 -0.02791
26.5 -0.02829
27.0 -0.02866
27.5 -0.029
28.0 -0.02926
28.5 -0.02961
29.0 -0.02994
29.5 -0.03022
30.0 -0.03046
30.5 -0.03073
31.0 -0.03096
31.5 -0.03118
32.0 -0.03135
32.5 -0.03151
33.0 -0.03166
33.5 -0.03185
34.0 -0.03193
34.5 -0.03203
35.0 -0.03215
35.5 -0.03223
36.0 -0.0323
36.5 -0.03232
37.0 -0.03229
37.5 -0.03227
38.0 -0.03227
38.5 -0.03225
39.0 -0.03219
39.5 -0.03218
40.0 -0.03203
40.5 -0.03196
41.0 -0.03184
41.5 -0.03172
42.0 -0.03155
42.5 -0.03137
43.0 -0.03123
43.5 -0.03101
44.0 -0.0308
44.5 -0.03063
45.0 -0.03036
45.5 -0.03012
46.0 -0.02987
46.5 -0.02962
47.0 -0.02934
47.5 -0.02901
48.0 -0.02873
48.5 -0.0284
49.0 -0.0281
49.5 -0.02783
50.0 -0.02748
50.5 -0.0271
51.0 -0.02675
51.5 -0.02638
52.0 -0.026
52.5 -0.02564
53.0 -0.02529
53.5 -0.02491
54.0 -0.02446
54.5 -0.0241
55.0 -0.02374
55.5 -0.02332
56.0 -0.02293
56.5 -0.02247
57.0 -0.02208
57.5 -0.02167
58.0 -0.02129
58.5 -0.02088
59.0 -0.02049
59.5 -0.02011
60.0 -0.01971
60.5 -0.01927
61.0 -0.01887
61.5 -0.01848
62.0 -0.01806
62.5 -0.01767
63.0 -0.01726
63.5 -0.01689
64.0 -0.01654
64.5 -0.01612
65.0 -0.01574
65.5 -0.01537
66.0 -0.01498
66.5 -0.01465
67.0 -0.01427
67.5 -0.0139
68.0 -0.01355
68.5 -0.01325
69.0 -0.01294
69.5 -0.0126
70.0 -0.01225
70.5 -0.01196
71.0 -0.01162
71.5 -0.01129
72.0 -0.01092
72.5 -0.01062
73.0 -0.01034
73.5 -0.01007
74.0 -0.00986
74.5 -0.00956
75.0 -0.00925
75.5 -0.00901
76.0 -0.00881
76.5 -0.0085
77.0 -0.00816
77.5 -0.00791
78.0 -0.00776
78.5 -0.00753
79.0 -0.00731
79.5 -0.00713
80.0 -0.00691
80.5 -0.00675
81.0 -0.00651
81.5 -0.00632
82.0 -0.00609
82.5 -0.0059
83.0 -0.00575
83.5 -0.00554
84.0 -0.00537
84.5 -0.00523
85.0 -0.00511
85.5 -0.00492
86.0 -0.00482
86.5 -0.00469
87.0 -0.00456
87.5 -0.00443
88.0 -0.00436
88.5 -0.00427
89.0 -0.00402
89.5 -0.00409
90.0 -0.00392
90.5 -0.00386
91.0 -0.00362
91.5 -0.00354
92.0 -0.0035
92.5 -0.00349
93.0 -0.00348
93.5 -0.00348
94.0 -0.00326
94.5 -0.00304
95.0 -0.00302
95.5 -0.00308
96.0 -0.00317
96.5 -0.00305
97.0 -0.00308
97.5 -0.00306
98.0 -0.00303
98.5 -0.00284
99.0 -0.00286
99.5 -0.00296
100.0 -0.0027
100.5 -0.0025
101.0 -0.0026
101.5 -0.0027
102.0 -0.0028
102.5 -0.0029
103.0 -0.0029
103.5 -0.003
104.0 -0.0032
104.5 -0.0033
105.0 -0.0028
105.5 -0.0031
106.0 -0.0027
106.5 -0.0029
107.0 -0.003
107.5 -0.0031
108.0 -0.0037
108.5 -0.0036
109.0 -0.0037
109.5 -0.0035
110.0 -0.0033
110.5 -0.0037
111.0 -0.004
111.5 -0.0043
112.0 -0.0044
112.5 -0.0044
113.0 -0.0043
113.5 -0.0048
114.0 -0.0049
114.5 -0.0051
115.0 -0.005
115.5 -0.0051
116.0 -0.0057
116.5 -0.0055
117.0 -0.0059
117.5 -0.0073
118.0 -0.0044
118.5 -0.0028
119.0 0.0013
119.5 0.0065
120.0 0.004
120.5 0.0034
121.0 -0.000500000000001
121.5 -0.0044
122.0 -0.0066
122.5 -0.0055
123.0 -0.00502
123.5 -0.00511
124.0 -0.00527
124.5 -0.00433
125.0 -0.00498
125.5 -0.00475
126.0 -0.0049
126.5 -0.00455
127.0 -0.00389
127.5 -0.00405
128.0 -0.00419
128.5 -0.00398
129.0 -0.00389
129.5 -0.00324
130.0 -0.00354
130.5 -0.00335
131.0 -0.00335
131.5 -0.00298
132.0 -0.00272
132.5 -0.00255
133.0 -0.00239
133.5 -0.00239
134.0 -0.00212
134.5 -0.00211
135.0 -0.00167
135.5 -0.00231
136.0 -0.00224
136.5 -0.00153
137.0 -0.00143
137.5 -0.00181
138.0 -0.00142
138.5 -0.0014
139.0 -0.00138
139.5 -0.0013
140.0 -0.00129
140.5 -0.00121
141.0 -0.00119
141.5 -0.00096
142.0 -0.00058
142.5 -0.00059
143.0 -0.00061
143.5 -0.00051
144.0 -0.0007
144.5 -0.00068
145.0 -0.00054
145.5 -0.00014
146.0 0.00012
146.5 -0.00037
147.0 -0.0004
147.5 -0.00021
148.0 -0.000122
148.5 -0.000246
149.0 -1.2e-05
149.5 -0.000237
150.0 -0.0004494
150.5 -0.000239
151.0 0.000216
151.5 0.000342
152.0 0.000271
152.5 0.000513
153.0 0.00067
153.5 0.00058
154.0 0.00054
154.5 0.00066
155.0 0.00054
155.5 0.00061
156.0 0.00118
156.5 0.00115
157.0 0.00103
157.5 0.00104
158.0 0.00102
158.5 0.00105
159.0 0.00108
159.5 0.0011
160.0 0.00165
160.5 0.00138
161.0 0.00171
161.5 0.00153
162.0 0.00186
162.5 0.00207
163.0 0.00216
163.5 0.00186
164.0 0.00183
164.5 0.00198
165.0 0.00245
165.5 0.00224
166.0 0.00218
166.5 0.00237
167.0 0.00264
167.5 0.00278
168.0 0.00295
168.5 0.00296
169.0 0.00308
169.5 0.00319
170.0 0.00335
170.5 0.00352
171.0 0.00344
171.5 0.00382
172.0 0.00402
172.5 0.00374
173.0 0.00385
173.5 0.00414
174.0 0.00421
174.5 0.00353
175.0 0.00354
175.5 0.00295
176.0 0.003
176.5 0.00364
177.0 0.00386
177.5 0.00467
178.0 0.003
178.5 0.0023
179.0 -0.002
179.5 -0.0055
180.0 -0.0051
180.5 -0.0049
181.0 -0.0015
181.5 -9.99999999998e-05
182.0 0.0015
182.5 0.0024
183.0 0.0029
183.5 0.0029
184.0 0.0024
184.5 0.0021
185.0 0.0021
185.5 0.0024
186.0 0.0022
186.5 0.0019
187.0 0.0017
187.5 0.0015
188.0 0.0011
188.5 0.0009
189.0 0.000500000000001
189.5 9.99999999998e-05
190.0 0.0
190.5 -0.0006
191.0 -0.000999999999999
191.5 -0.0013
192.0 -0.0018
192.5 -0.002
193.0 -0.0026
193.5 -0.0031
194.0 -0.0042
194.5 -0.0049
195.0 -0.0062
195.5 -0.0077
196.0 -0.009
196.5 -0.01
197.0 -0.0129
197.5 -0.01548
198.0 -0.02102
198.5 -0.0269
199.0 -0.04278
199.5 -0.06465
