0.0 0.0027
0.5 0.01602
1.0 0.01943
1.5 0.01464
2.0 0.01161
2.5 0.00931
3.0 0.00779
3.5 0.00626
4.0 0.00486
4.5 0.00359
5.0 0.00241
5.5 0.00115
6.0 0.000170000000001
6.5 -0.00071
7.0 -0.00154
7.5 -0.00245
8.0 -0.00325
8.5 -0.00403
9.0 -0.00492
9.5 -0.00563
10.0 -0.00638
10.5 -0.00712
11.0 -0.00794
11.5 -0.00866
12.0 -0.00937
12.5 -0.01006
13.0 -0.01078
13.5 -0.01156
14.0 -0.01225
14.5 -0.01294
15.0 -0.01363
15.5 -0.01438
16.0 -0.01507
16.5 -0.01571
17.0 -0.0164
17.5 -0.0171
18.0 -0.01777
18.5 -0.01846
19.0 -0.0191
19.5 -0.01978
20.0 -0.02044
20.5 -0.02111
21.0 -0.02174
21.5 -0.02237
22.0 -0.02304
22.5 -0.02361
23.0 -0.02426
23.5 -0.02483
24.0 -0.02546
24.5 -0.02605
25.0 -0.02663
25.5 -0.02718
26.0 -0.02774
26.5 -0.02826
27.0 -0.02879
27.5 -0.02927
28.0 -0.02972
28.5 -0.03021
29.0 -0.03067
29.5 -0.0311
30.0 -0.03152
30.5 -0.03195
31.0 -0.03232
31.5 -0.03268
32.0 -0.033
32.5 -0.0333
33.0 -0.03359
33.5 -0.03391
34.0 -0.03412
34.5 -0.03433
35.0 -0.03455
35.5 -0.03475
36.0 -0.03491
36.5 -0.03504
37.0 -0.0351
37.5 -0.03516
38.0 -0.03525
38.5 -0.03528
39.0 -0.03527
39.5 -0.03528
40.0 -0.03519
40.5 -0.03514
41.0 -0.03506
41.5 -0.03495
42.0 -0.0348
42.5 -0.03462
43.0 -0.03446
43.5 -0.03423
44.0 -0.034
44.5 -0.03379
45.0 -0.03348
45.5 -0.0332
46.0 -0.0329
46.5 -0.0326
47.0 -0.03227
47.5 -0.03189
48.0 -0.03156
48.5 -0.03117
49.0 -0.03078
49.5 -0.03042
50.0 -0.02998
50.5 -0.02954
51.0 -0.02909
51.5 -0.02867
52.0 -0.02819
52.5 -0.02773
53.0 -0.02727
53.5 -0.0268
54.0 -0.02627
54.5 -0.02584
55.0 -0.02538
55.5 -0.02487
56.0 -0.02439
56.5 -0.02386
57.0 -0.02339
57.5 -0.0229
58.0 -0.02245
58.5 -0.02198
59.0 -0.02152
59.5 -0.021
60.0 -0.02054
60.5 -0.02004
61.0 -0.01958
61.5 -0.01912
62.0 -0.01864
62.5 -0.01818
63.0 -0.01772
63.5 -0.0173
64.0 -0.01689
64.5 -0.01644
65.0 -0.01601
65.5 -0.01559
66.0 -0.01516
66.5 -0.01476
67.0 -0.01433
67.5 -0.01393
68.0 -0.01355
68.5 -0.01321
69.0 -0.01287
69.5 -0.01248
70.0 -0.01208
70.5 -0.01177
71.0 -0.01149
71.5 -0.01106
72.0 -0.01069
72.5 -0.01038
73.0 -0.01009
73.5 -0.00983
74.0 -0.0096
74.5 -0.00928
75.0 -0.00897
75.5 -0.00864
76.0 -0.00843
76.5 -0.00811
77.0 -0.00782
77.5 -0.00761
78.0 -0.00746
78.5 -0.00715
79.0 -0.00695
79.5 -0.00676
80.0 -0.00655
80.5 -0.00639
81.0 -0.00618
81.5 -0.00592
82.0 -0.00565
82.5 -0.00551
83.0 -0.0054
83.5 -0.00516
84.0 -0.00502
84.5 -0.00492
85.0 -0.00479
85.5 -0.00465
86.0 -0.00453
86.5 -0.00441
87.0 -0.0042
87.5 -0.00402
88.0 -0.00402
88.5 -0.00395
89.0 -0.00367
89.5 -0.00364
90.0 -0.00355
90.5 -0.00355
91.0 -0.0034
91.5 -0.00328
92.0 -0.00318
92.5 -0.00314
93.0 -0.00313
93.5 -0.00315
94.0 -0.00291
94.5 -0.00281
95.0 -0.0028
95.5 -0.00273
96.0 -0.00277
96.5 -0.0028
97.0 -0.00268
97.5 -0.00261
98.0 -0.00269
98.5 -0.00286
99.0 -0.00283
99.5 -0.00294
100.0 -0.00264
100.5 -0.00257
101.0 -0.0025
101.5 -0.0026
102.0 -0.0028
102.5 -0.0029
103.0 -0.0029
103.5 -0.0029
104.0 -0.0031
104.5 -0.0031
105.0 -0.003
105.5 -0.003
106.0 -0.0031
106.5 -0.0031
107.0 -0.0031
107.5 -0.0032
108.0 -0.0036
108.5 -0.0035
109.0 -0.0036
109.5 -0.0039
110.0 -0.0042
110.5 -0.0043
111.0 -0.0045
111.5 -0.0048
112.0 -0.0046
112.5 -0.0047
113.0 -0.005
113.5 -0.0055
114.0 -0.0053
114.5 -0.0048
115.0 -0.0053
115.5 -0.0052
116.0 -0.0048
116.5 -0.0054
117.0 -0.0053
117.5 -0.0073
118.0 -0.0059
118.5 -0.0054
119.0 -0.0026
119.5 0.0056
120.0 0.0077
120.5 0.0068
121.0 0.0024
121.5 -0.0015
122.0 -0.0022
122.5 -0.0048
123.0 -0.00333
123.5 -0.00335
124.0 -0.00399
124.5 -0.00368
125.0 -0.00367
125.5 -0.00369
126.0 -0.00393
126.5 -0.00349
127.0 -0.00369
127.5 -0.00381
128.0 -0.00343
128.5 -0.00306
129.0 -0.00308
129.5 -0.00352
130.0 -0.00257
130.5 -0.00275
131.0 -0.00279
131.5 -0.00278
132.0 -0.00266
132.5 -0.00215
133.0 -0.00193
133.5 -0.00207
134.0 -0.00157
134.5 -0.00149
135.0 -0.00168
135.5 -0.00182
136.0 -0.00163
136.5 -0.00135
137.0 -0.00096
137.5 -0.00138
138.0 -0.00127
138.5 -0.00109
139.0 -0.00076
139.5 -0.00118
140.0 -0.00105
140.5 -0.00082
141.0 -0.00096
141.5 -0.00061
142.0 -0.00042
142.5 -0.00033
143.0 -0.00019
143.5 -0.00021
144.0 -0.00043
144.5 -0.00013
145.0 -0.00059
145.5 -0.00017
146.0 0.00029
146.5 -4.99999999999e-05
147.0 0.0
147.5 0.00014
148.0 0.00034
148.5 0.000214
149.0 9.9e-05
149.5 -0.000149
150.0 -0.0004382
150.5 -0.0001663
151.0 0.000291
151.5 0.00044
152.0 0.000374
152.5 0.000525
153.0 0.00053
153.5 0.00029
154.0 0.00013
154.5 0.00029
155.0 0.00036
155.5 0.00044
156.0 0.000830000000001
156.5 0.00097
157.0 0.00101
157.5 0.00119
158.0 0.0012
158.5 0.00105
159.0 0.000939999999999
159.5 0.00102
160.0 0.00159
160.5 0.00123
161.0 0.00129
161.5 0.00152
162.0 0.00189
162.5 0.00197
163.0 0.00189
163.5 0.00136
164.0 0.00122
164.5 0.00162
165.0 0.00222
165.5 0.00242
166.0 0.00217
166.5 0.00226
167.0 0.00225
167.5 0.00252
168.0 0.00282
168.5 0.00283
169.0 0.00301
169.5 0.00321
170.0 0.00334
170.5 0.00293
171.0 0.00312
171.5 0.0035
172.0 0.0037
172.5 0.00338
173.0 0.00356
173.5 0.00383
174.0 0.00383
174.5 0.00314
175.0 0.00325
175.5 0.00259
176.0 0.00252
176.5 0.00308
177.0 0.00306
177.5 0.00388
178.0 9.99999999998e-05
178.5 0.000699999999998
179.0 -0.0018
179.5 -0.0043
180.0 -0.0031
180.5 -0.0045
181.0 -0.0022
181.5 0.0028
182.0 0.0039
182.5 0.0038
183.0 0.0032
183.5 0.0033
184.0 0.003
184.5 0.0028
185.0 0.0027
185.5 0.0023
186.0 0.0029
186.5 0.0026
187.0 0.0024
187.5 0.0022
188.0 0.0018
188.5 0.0018
189.0 0.0015
189.5 0.0009
190.0 0.0008
190.5 0.000500000000001
191.0 0.000100000000002
191.5 -0.0002
192.0 -0.0006
192.5 -0.0008
193.0 -0.0013
193.5 -0.0016
194.0 -0.0024
194.5 -0.003
195.0 -0.004
195.5 -0.0053
196.0 -0.0062
196.5 -0.0068
197.0 -0.0091
197.5 -0.01038
198.0 -0.0143
198.5 -0.0193
199.0 -0.02891
199.5 -0.04511
