0.0 -0.00126
0.5 0.02069
1.0 0.01967
1.5 0.01374
2.0 0.01018
2.5 0.00707
3.0 0.00518
3.5 0.00354
4.0 0.00196
4.5 0.000570000000001
5.0 -0.000799999999999
5.5 -0.00196
6.0 -0.00306
6.5 -0.00408
7.0 -0.00494
7.5 -0.00583
8.0 -0.00671
8.5 -0.00763
9.0 -0.00833
9.5 -0.00908
10.0 -0.00987
10.5 -0.01059
11.0 -0.0114
11.5 -0.01213
12.0 -0.01278
12.5 -0.01347
13.0 -0.01417
13.5 -0.01485
14.0 -0.01548
14.5 -0.01612
15.0 -0.01676
15.5 -0.0174
16.0 -0.01799
16.5 -0.01861
17.0 -0.01918
17.5 -0.01975
18.0 -0.02031
18.5 -0.02091
19.0 -0.02141
19.5 -0.02194
20.0 -0.02243
20.5 -0.02295
21.0 -0.02344
21.5 -0.02388
22.0 -0.02436
22.5 -0.02477
23.0 -0.02518
23.5 -0.02555
24.0 -0.02598
24.5 -0.02637
25.0 -0.0267
25.5 -0.02703
26.0 -0.02735
26.5 -0.02767
27.0 -0.02796
27.5 -0.02819
28.0 -0.0284
28.5 -0.02864
29.0 -0.02886
29.5 -0.02905
30.0 -0.02924
30.5 -0.02941
31.0 -0.02955
31.5 -0.02969
32.0 -0.02978
32.5 -0.02985
33.0 -0.0299
33.5 -0.02998
34.0 -0.02998
34.5 -0.02999
35.0 -0.03001
35.5 -0.03002
36.0 -0.03001
36.5 -0.02996
37.0 -0.02985
37.5 -0.02975
38.0 -0.02969
38.5 -0.0296
39.0 -0.02948
39.5 -0.0294
40.0 -0.02921
40.5 -0.02909
41.0 -0.02892
41.5 -0.02874
42.0 -0.02854
42.5 -0.02832
43.0 -0.0281
43.5 -0.02787
44.0 -0.02764
44.5 -0.02744
45.0 -0.02715
45.5 -0.0269
46.0 -0.02663
46.5 -0.02636
47.0 -0.02609
47.5 -0.02577
48.0 -0.02549
48.5 -0.02517
49.0 -0.02486
49.5 -0.02458
50.0 -0.02428
50.5 -0.02395
51.0 -0.0236
51.5 -0.02328
52.0 -0.02293
52.5 -0.02258
53.0 -0.02228
53.5 -0.02194
54.0 -0.02153
54.5 -0.02122
55.0 -0.0209
55.5 -0.02055
56.0 -0.02018
56.5 -0.01981
57.0 -0.01945
57.5 -0.01908
58.0 -0.01878
58.5 -0.01844
59.0 -0.01811
59.5 -0.01776
60.0 -0.01742
60.5 -0.01706
61.0 -0.01668
61.5 -0.01638
62.0 -0.01602
62.5 -0.01568
63.0 -0.01534
63.5 -0.01504
64.0 -0.01475
64.5 -0.01446
65.0 -0.01411
65.5 -0.01378
66.0 -0.01344
66.5 -0.01317
67.0 -0.01282
67.5 -0.01254
68.0 -0.01223
68.5 -0.01197
69.0 -0.01167
69.5 -0.01141
70.0 -0.01111
70.5 -0.01084
71.0 -0.0106
71.5 -0.01033
72.0 -0.01002
72.5 -0.00977
73.0 -0.00953
73.5 -0.00933
74.0 -0.0091
74.5 -0.00886
75.0 -0.00858
75.5 -0.00839
76.0 -0.00821
76.5 -0.00793
77.0 -0.00766
77.5 -0.00746
78.0 -0.00735
78.5 -0.00715
79.0 -0.0069
79.5 -0.00677
80.0 -0.00657
80.5 -0.00644
81.0 -0.00626
81.5 -0.0061
82.0 -0.00591
82.5 -0.00572
83.0 -0.00558
83.5 -0.00545
84.0 -0.00528
84.5 -0.00518
85.0 -0.00503
85.5 -0.00491
86.0 -0.00477
86.5 -0.00465
87.0 -0.00457
87.5 -0.00444
88.0 -0.00433
88.5 -0.00425
89.0 -0.00408
89.5 -0.00403
90.0 -0.00392
90.5 -0.00388
91.0 -0.00385
91.5 -0.0037
92.0 -0.00358
92.5 -0.00353
93.0 -0.00355
93.5 -0.00361
94.0 -0.00346
94.5 -0.00318
95.0 -0.00319
95.5 -0.00312
96.0 -0.00321
96.5 -0.00325
97.0 -0.00317
97.5 -0.00309
98.0 -0.00318
98.5 -0.00313
99.0 -0.003
99.5 -0.00315
100.0 -0.00279
100.5 -0.00296
101.0 -0.0029
101.5 -0.003
102.0 -0.003
102.5 -0.0031
103.0 -0.0032
103.5 -0.0033
104.0 -0.0032
104.5 -0.0032
105.0 -0.0034
105.5 -0.0033
106.0 -0.0033
106.5 -0.0035
107.0 -0.0032
107.5 -0.0032
108.0 -0.0037
108.5 -0.0035
109.0 -0.004
109.5 -0.0042
110.0 -0.004
110.5 -0.0039
111.0 -0.0042
111.5 -0.0041
112.0 -0.0042
112.5 -0.0046
113.0 -0.0049
113.5 -0.0051
114.0 -0.0047
114.5 -0.0044
115.0 -0.0045
115.5 -0.0044
116.0 -0.0049
116.5 -0.0047
117.0 -0.0036
117.5 -0.0045
118.0 -0.0039
118.5 -0.0033
119.0 -0.0018
119.5 0.0049
120.0 0.0055
120.5 0.0024
121.0 -0.0029
121.5 -0.0056
122.0 -0.0075
122.5 -0.0078
123.0 -0.00661
123.5 -0.00589
124.0 -0.00561
124.5 -0.00533
125.0 -0.00614
125.5 -0.00544
126.0 -0.00536
126.5 -0.00549
127.0 -0.00509
127.5 -0.00494
128.0 -0.00498
128.5 -0.00496
129.0 -0.0049
129.5 -0.00428
130.0 -0.00381
130.5 -0.00395
131.0 -0.00415
131.5 -0.00348
132.0 -0.00302
132.5 -0.00304
133.0 -0.00302
133.5 -0.00291
134.0 -0.00248
134.5 -0.0025
135.0 -0.00258
135.5 -0.00246
136.0 -0.00229
136.5 -0.00208
137.0 -0.00179
137.5 -0.00203
138.0 -0.00195
138.5 -0.00181
139.0 -0.00125
139.5 -0.00164
140.0 -0.00154
140.5 -0.00134
141.0 -0.00146
141.5 -0.00104
142.0 -0.00086
142.5 -0.0008
143.0 -0.00066
143.5 -0.00055
144.0 -0.00063
144.5 -0.00058
145.0 -0.00083
145.5 -0.00025
146.0 0.00011
146.5 -9.99999999984e-06
147.0 -0.00013
147.5 -0.00018
148.0 -3.4e-05
148.5 -0.000206
149.0 -0.0003
149.5 -0.000343
150.0 -0.0004808
150.5 -9.42e-05
151.0 0.000457
151.5 0.000642
152.0 0.000578
152.5 0.000869
153.0 0.00089
153.5 0.00069
154.0 0.00076
154.5 0.00089
155.0 0.00079
155.5 0.00088
156.0 0.00147
156.5 0.00147
157.0 0.00141
157.5 0.00152
158.0 0.00146
158.5 0.00131
159.0 0.00128
159.5 0.00138
160.0 0.00195
160.5 0.0016
161.0 0.00198
161.5 0.0021
162.0 0.00242
162.5 0.0026
163.0 0.00263
163.5 0.0023
164.0 0.00233
164.5 0.00263
165.0 0.00319
165.5 0.00338
166.0 0.00318
166.5 0.00337
167.0 0.00364
167.5 0.0038
168.0 0.004
168.5 0.00403
169.0 0.00417
169.5 0.00429
170.0 0.00451
170.5 0.00488
171.0 0.00441
171.5 0.00504
172.0 0.00558
172.5 0.00547
173.0 0.00575
173.5 0.00603
174.0 0.00658
174.5 0.00677
175.0 0.00675
175.5 0.00548
176.0 0.00655
176.5 0.00779
177.0 0.00878
177.5 0.00754
178.0 0.005
178.5 0.004
179.0 0.0015
179.5 -0.0028
180.0 -0.0057
180.5 -0.0081
181.0 -0.0048
181.5 -0.0025
182.0 0.000100000000002
182.5 0.0011
183.0 0.0014
183.5 0.0017
184.0 0.0013
184.5 0.0013
185.0 0.0015
185.5 0.0011
186.0 0.0011
186.5 0.001
187.0 0.0009
187.5 0.0008
188.0 0.000299999999999
188.5 0.000199999999998
189.0 -0.0002
189.5 -0.000300000000001
190.0 -0.000400000000001
190.5 -0.000999999999999
191.0 -0.0013
191.5 -0.0018
192.0 -0.0022
192.5 -0.0024
193.0 -0.003
193.5 -0.0034
194.0 -0.0042
194.5 -0.0049
195.0 -0.0063
195.5 -0.0078
196.0 -0.0092
196.5 -0.0109
197.0 -0.0133
197.5 -0.01578
198.0 -0.02163
198.5 -0.0289
199.0 -0.04399
199.5 -0.06852
