0.0 4.9999999999e-05
0.5 0.01983
1.0 0.02003
1.5 0.01417
2.0 0.01098
2.5 0.0078
3.0 0.00583
3.5 0.00409
4.0 0.00254
4.5 0.00121
5.0 -0.00041
5.5 -0.00147
6.0 -0.00253
6.5 -0.00352
7.0 -0.00442
7.5 -0.00536
8.0 -0.00621
8.5 -0.007
9.0 -0.00778
9.5 -0.00869
10.0 -0.00943
10.5 -0.01017
11.0 -0.01091
11.5 -0.01165
12.0 -0.01236
12.5 -0.01305
13.0 -0.01377
13.5 -0.0145
14.0 -0.01516
14.5 -0.01582
15.0 -0.01644
15.5 -0.01709
16.0 -0.01773
16.5 -0.01831
17.0 -0.0189
17.5 -0.0195
18.0 -0.02008
18.5 -0.02068
19.0 -0.02121
19.5 -0.02176
20.0 -0.02228
20.5 -0.02281
21.0 -0.02331
21.5 -0.02379
22.0 -0.0243
22.5 -0.02471
23.0 -0.02517
23.5 -0.02558
24.0 -0.02603
24.5 -0.02644
25.0 -0.02681
25.5 -0.02716
26.0 -0.02751
26.5 -0.02783
27.0 -0.02815
27.5 -0.02846
28.0 -0.02869
28.5 -0.02897
29.0 -0.02923
29.5 -0.02945
30.0 -0.02966
30.5 -0.02985
31.0 -0.03003
31.5 -0.0302
32.0 -0.03033
32.5 -0.03045
33.0 -0.03055
33.5 -0.03069
34.0 -0.03071
34.5 -0.03075
35.0 -0.03081
35.5 -0.03085
36.0 -0.03087
36.5 -0.03085
37.0 -0.03078
37.5 -0.03073
38.0 -0.0307
38.5 -0.03064
39.0 -0.03055
39.5 -0.03049
40.0 -0.03033
40.5 -0.03021
41.0 -0.03006
41.5 -0.02991
42.0 -0.02972
42.5 -0.02953
43.0 -0.02936
43.5 -0.02913
44.0 -0.02892
44.5 -0.02874
45.0 -0.02848
45.5 -0.02824
46.0 -0.02798
46.5 -0.02773
47.0 -0.02744
47.5 -0.02712
48.0 -0.02684
48.5 -0.02653
49.0 -0.02626
49.5 -0.02598
50.0 -0.02564
50.5 -0.0253
51.0 -0.02496
51.5 -0.02463
52.0 -0.02426
52.5 -0.02391
53.0 -0.02358
53.5 -0.02323
54.0 -0.02282
54.5 -0.02251
55.0 -0.02218
55.5 -0.02179
56.0 -0.02139
56.5 -0.02102
57.0 -0.02065
57.5 -0.02026
58.0 -0.01994
58.5 -0.01958
59.0 -0.01922
59.5 -0.01886
60.0 -0.01849
60.5 -0.01813
61.0 -0.01772
61.5 -0.01738
62.0 -0.01699
62.5 -0.01664
63.0 -0.01627
63.5 -0.01594
64.0 -0.01562
64.5 -0.01527
65.0 -0.0149
65.5 -0.01457
66.0 -0.0142
66.5 -0.01389
67.0 -0.01357
67.5 -0.01322
68.0 -0.01288
68.5 -0.01258
69.0 -0.01235
69.5 -0.01203
70.0 -0.0117
70.5 -0.01144
71.0 -0.01114
71.5 -0.01083
72.0 -0.01053
72.5 -0.01024
73.0 -0.00996
73.5 -0.00974
74.0 -0.00953
74.5 -0.00925
75.0 -0.00897
75.5 -0.00875
76.0 -0.00854
76.5 -0.00825
77.0 -0.00797
77.5 -0.00778
78.0 -0.00761
78.5 -0.00743
79.0 -0.00722
79.5 -0.00702
80.0 -0.00682
80.5 -0.00669
81.0 -0.00649
81.5 -0.00626
82.0 -0.00602
82.5 -0.00584
83.0 -0.00572
83.5 -0.00556
84.0 -0.0054
84.5 -0.00532
85.0 -0.00511
85.5 -0.00496
86.0 -0.00483
86.5 -0.00475
87.0 -0.00458
87.5 -0.00442
88.0 -0.0044
88.5 -0.00429
89.0 -0.00405
89.5 -0.00418
90.0 -0.00407
90.5 -0.00387
91.0 -0.00378
91.5 -0.00375
92.0 -0.00363
92.5 -0.00353
93.0 -0.00348
93.5 -0.00348
94.0 -0.0033
94.5 -0.00332
95.0 -0.00319
95.5 -0.00331
96.0 -0.00323
96.5 -0.00318
97.0 -0.00313
97.5 -0.00311
98.0 -0.00313
98.5 -0.00303
99.0 -0.00309
99.5 -0.00302
100.0 -0.00298
100.5 -0.00301
101.0 -0.0028
101.5 -0.0029
102.0 -0.0029
102.5 -0.0028
103.0 -0.0027
103.5 -0.0031
104.0 -0.0032
104.5 -0.0029
105.0 -0.0028
105.5 -0.003
106.0 -0.0032
106.5 -0.0033
107.0 -0.0032
107.5 -0.0034
108.0 -0.0039
108.5 -0.0037
109.0 -0.0039
109.5 -0.0037
110.0 -0.0039
110.5 -0.0038
111.0 -0.0041
111.5 -0.0043
112.0 -0.0046
112.5 -0.0046
113.0 -0.0044
113.5 -0.0049
114.0 -0.005
114.5 -0.0043
115.0 -0.0041
115.5 -0.0044
116.0 -0.0042
116.5 -0.0045
117.0 -0.0039
117.5 -0.0055
118.0 -0.0026
118.5 -0.000799999999998
119.0 0.000999999999999
119.5 0.0075
120.0 0.0057
120.5 0.0018
121.0 -0.0029
121.5 -0.0067
122.0 -0.0092
122.5 -0.0097
123.0 -0.00827
123.5 -0.00774
124.0 -0.00779
124.5 -0.00664
125.0 -0.0058
125.5 -0.00602
126.0 -0.0065
126.5 -0.00605
127.0 -0.00523
127.5 -0.00494
128.0 -0.0048
128.5 -0.00461
129.0 -0.00448
129.5 -0.00406
130.0 -0.00404
130.5 -0.00394
131.0 -0.00394
131.5 -0.00354
132.0 -0.00325
132.5 -0.00307
133.0 -0.00294
133.5 -0.00289
134.0 -0.00249
134.5 -0.00229
135.0 -0.00245
135.5 -0.00258
136.0 -0.00245
136.5 -0.00198
137.0 -0.00166
137.5 -0.00195
138.0 -0.00179
138.5 -0.00181
139.0 -0.00159
139.5 -0.00155
140.0 -0.00163
140.5 -0.00102
141.0 -0.00145
141.5 -0.0012
142.0 -0.00089
142.5 -0.00077
143.0 -0.00066
143.5 -0.00061
144.0 -0.00083
144.5 -0.00082
145.0 -0.00071
145.5 -1.99999999999e-05
146.0 3.00000000002e-05
146.5 -0.00049
147.0 -0.00039
147.5 -8.00000000001e-05
148.0 9e-05
148.5 -0.000187
149.0 -0.000238
149.5 -0.000348
150.0 -0.0005457
150.5 -0.0003265
151.0 0.000173
151.5 0.000342
152.0 0.000164
152.5 0.000334
153.0 0.00045
153.5 0.00041
154.0 0.00057
154.5 0.00085
155.0 0.00096
155.5 0.00082
156.0 0.00112
156.5 0.00116
157.0 0.00107
157.5 0.00127
158.0 0.00137
158.5 0.00128
159.0 0.00121
159.5 0.00131
160.0 0.0016
160.5 0.00136
161.0 0.0017
161.5 0.00181
162.0 0.00217
162.5 0.00232
163.0 0.00235
163.5 0.002
164.0 0.00199
164.5 0.00225
165.0 0.00284
165.5 0.00296
166.0 0.00265
166.5 0.00285
167.0 0.00324
167.5 0.00345
168.0 0.00338
168.5 0.00334
169.0 0.00368
169.5 0.00388
170.0 0.00426
170.5 0.00469
171.0 0.00465
171.5 0.00521
172.0 0.0049
172.5 0.00465
173.0 0.00515
173.5 0.00554
174.0 0.00614
174.5 0.00635
175.0 0.00637
175.5 0.00601
176.0 0.00603
176.5 0.00657
177.0 0.00642
177.5 0.00628
178.0 0.0044
178.5 0.000499999999999
179.0 -0.0028
179.5 -0.0059
180.0 -0.0051
180.5 -0.0052
181.0 -0.0022
181.5 0.0006
182.0 0.0011
182.5 0.0021
183.0 0.0016
183.5 0.0019
184.0 0.0017
184.5 0.0016
185.0 0.0017
185.5 0.0015
186.0 0.0015
186.5 0.0013
187.0 0.0014
187.5 0.0011
188.0 0.000599999999999
188.5 0.000599999999999
189.0 0.000500000000001
189.5 0.0
190.0 -0.000200000000001
190.5 -0.0008
191.0 -0.000999999999999
191.5 -0.0015
192.0 -0.002
192.5 -0.0022
193.0 -0.0029
193.5 -0.0033
194.0 -0.0042
194.5 -0.005
195.0 -0.0061
195.5 -0.0075
196.0 -0.0096
196.5 -0.0112
197.0 -0.0135
197.5 -0.01568
198.0 -0.02141
198.5 -0.02905
199.0 -0.0447
199.5 -0.07043
