0.0 -0.000690000000001
0.5 0.01936
1.0 0.0188
1.5 0.01286
2.0 0.00968
2.5 0.00658
3.0 0.00466
3.5 0.00299
4.0 0.00152
4.5 -0.00014
5.0 -0.00134
5.5 -0.00238
6.0 -0.00344
6.5 -0.00441
7.0 -0.00522
7.5 -0.00619
8.0 -0.00711
8.5 -0.00783
9.0 -0.0086
9.5 -0.00934
10.0 -0.01022
10.5 -0.01093
11.0 -0.01163
11.5 -0.01236
12.0 -0.01309
12.5 -0.01374
13.0 -0.01442
13.5 -0.0151
14.0 -0.01574
14.5 -0.01637
15.0 -0.01699
15.5 -0.01768
16.0 -0.01828
16.5 -0.01885
17.0 -0.01943
17.5 -0.02002
18.0 -0.0206
18.5 -0.02117
19.0 -0.02168
19.5 -0.02222
20.0 -0.02275
20.5 -0.02326
21.0 -0.02372
21.5 -0.02419
22.0 -0.02467
22.5 -0.02506
23.0 -0.0255
23.5 -0.02586
24.0 -0.02628
24.5 -0.02666
25.0 -0.02702
25.5 -0.02734
26.0 -0.02763
26.5 -0.02792
27.0 -0.02821
27.5 -0.02843
28.0 -0.02863
28.5 -0.02888
29.0 -0.02907
29.5 -0.02925
30.0 -0.02939
30.5 -0.02952
31.0 -0.02963
31.5 -0.02974
32.0 -0.02979
32.5 -0.02984
33.0 -0.02988
33.5 -0.02993
34.0 -0.02989
34.5 -0.02987
35.0 -0.02985
35.5 -0.02981
36.0 -0.02975
36.5 -0.02967
37.0 -0.02954
37.5 -0.02942
38.0 -0.0293
38.5 -0.02915
39.0 -0.02897
39.5 -0.02883
40.0 -0.02862
40.5 -0.02843
41.0 -0.02822
41.5 -0.02803
42.0 -0.02778
42.5 -0.02751
43.0 -0.02728
43.5 -0.02701
44.0 -0.02674
44.5 -0.02649
45.0 -0.0262
45.5 -0.02589
46.0 -0.02559
46.5 -0.02531
47.0 -0.025
47.5 -0.02464
48.0 -0.02434
48.5 -0.02401
49.0 -0.02367
49.5 -0.02338
50.0 -0.02303
50.5 -0.02267
51.0 -0.02232
51.5 -0.02197
52.0 -0.02161
52.5 -0.02127
53.0 -0.02094
53.5 -0.02061
54.0 -0.0202
54.5 -0.0199
55.0 -0.01957
55.5 -0.01922
56.0 -0.01885
56.5 -0.01848
57.0 -0.01814
57.5 -0.01779
58.0 -0.01747
58.5 -0.01715
59.0 -0.01684
59.5 -0.01649
60.0 -0.01616
60.5 -0.0158
61.0 -0.01546
61.5 -0.01516
62.0 -0.01481
62.5 -0.01448
63.0 -0.01417
63.5 -0.01387
64.0 -0.01358
64.5 -0.01329
65.0 -0.01297
65.5 -0.01269
66.0 -0.01236
66.5 -0.01209
67.0 -0.0118
67.5 -0.0115
68.0 -0.01124
68.5 -0.01102
69.0 -0.01081
69.5 -0.01049
70.0 -0.01023
70.5 -0.01001
71.0 -0.0098
71.5 -0.00954
72.0 -0.00923
72.5 -0.00897
73.0 -0.00877
73.5 -0.0086
74.0 -0.00842
74.5 -0.00818
75.0 -0.00795
75.5 -0.00779
76.0 -0.00757
76.5 -0.00734
77.0 -0.00709
77.5 -0.00689
78.0 -0.0068
78.5 -0.0066
79.0 -0.00644
79.5 -0.0063
80.0 -0.00612
80.5 -0.00599
81.0 -0.0058
81.5 -0.00567
82.0 -0.00547
82.5 -0.0053
83.0 -0.00519
83.5 -0.00505
84.0 -0.00493
84.5 -0.0049
85.0 -0.00471
85.5 -0.00461
86.0 -0.00446
86.5 -0.00435
87.0 -0.00424
87.5 -0.00414
88.0 -0.00415
88.5 -0.0041
89.0 -0.0038
89.5 -0.00382
90.0 -0.00377
90.5 -0.00376
91.0 -0.00365
91.5 -0.00357
92.0 -0.00353
92.5 -0.00346
93.0 -0.00339
93.5 -0.00338
94.0 -0.00319
94.5 -0.00319
95.0 -0.00313
95.5 -0.00313
96.0 -0.00326
96.5 -0.00315
97.0 -0.00306
97.5 -0.00296
98.0 -0.00311
98.5 -0.00325
99.0 -0.00323
99.5 -0.00329
100.0 -0.0029
100.5 -0.00298
101.0 -0.0029
101.5 -0.0029
102.0 -0.003
102.5 -0.0031
103.0 -0.0029
103.5 -0.003
104.0 -0.0032
104.5 -0.0034
105.0 -0.0035
105.5 -0.0031
106.0 -0.0033
106.5 -0.0037
107.0 -0.0034
107.5 -0.0035
108.0 -0.004
108.5 -0.0039
109.0 -0.0041
109.5 -0.004
110.0 -0.004
110.5 -0.0045
111.0 -0.0045
111.5 -0.005
112.0 -0.005
112.5 -0.0051
113.0 -0.0052
113.5 -0.0053
114.0 -0.0053
114.5 -0.0054
115.0 -0.0053
115.5 -0.0051
116.0 -0.0053
116.5 -0.0057
117.0 -0.005
117.5 -0.0061
118.0 -0.0052
118.5 -0.0034
119.0 -0.0016
119.5 0.0067
120.0 0.0099
120.5 0.0097
121.0 0.0038
121.5 -0.0023
122.0 -0.005
122.5 -0.0052
123.0 -0.00533
123.5 -0.00557
124.0 -0.00647
124.5 -0.0059
125.0 -0.00542
125.5 -0.00543
126.0 -0.00641
126.5 -0.00555
127.0 -0.00499
127.5 -0.00475
128.0 -0.00443
128.5 -0.00466
129.0 -0.00478
129.5 -0.0035
130.0 -0.00326
130.5 -0.00314
131.0 -0.00393
131.5 -0.00326
132.0 -0.00275
132.5 -0.00293
133.0 -0.00287
133.5 -0.00266
134.0 -0.00237
134.5 -0.00254
135.0 -0.00234
135.5 -0.00236
136.0 -0.00214
136.5 -0.00164
137.0 -0.00153
137.5 -0.00203
138.0 -0.00186
138.5 -0.00181
139.0 -0.00152
139.5 -0.0015
140.0 -0.00134
140.5 -0.00122
141.0 -0.00146
141.5 -0.00127
142.0 -0.001
142.5 -0.000859999999999
143.0 -0.00078
143.5 -0.00072
144.0 -0.00079
144.5 -0.0009
145.0 -0.00078
145.5 -0.00035
146.0 -0.00017
146.5 -0.00056
147.0 -0.0005
147.5 -0.00048
148.0 -0.000408
148.5 -0.000493
149.0 -0.000362
149.5 -0.000368
150.0 -0.0007196
150.5 -0.0003367
151.0 0.000206
151.5 0.000376
152.0 0.000331
152.5 0.000396
153.0 0.00028
153.5 0.00012
154.0 0.00025
154.5 0.00054
155.0 0.00061
155.5 0.00038
156.0 0.00058
156.5 0.0007
157.0 0.00077
157.5 0.00095
158.0 0.00096
158.5 0.00091
159.0 0.00091
159.5 0.00093
160.0 0.00117
160.5 0.00085
161.0 0.00123
161.5 0.00133
162.0 0.00163
162.5 0.00179
163.0 0.00183
163.5 0.0015
164.0 0.00147
164.5 0.00162
165.0 0.00209
165.5 0.00217
166.0 0.00179
166.5 0.00186
167.0 0.0023
167.5 0.00222
168.0 0.00236
168.5 0.00266
169.0 0.00289
169.5 0.00293
170.0 0.00308
170.5 0.00325
171.0 0.00321
171.5 0.00358
172.0 0.00373
172.5 0.00351
173.0 0.00336
173.5 0.00335
174.0 0.00393
174.5 0.00371
175.0 0.00326
175.5 0.00275
176.0 0.00136
176.5 0.00206
177.0 0.00187
177.5 0.00183
178.0 0.0002
178.5 -0.000100000000002
179.0 -0.0028
179.5 -0.0029
180.0 -0.002
180.5 -0.0034
181.0 -0.000300000000001
181.5 0.0021
182.0 0.0019
182.5 0.0038
183.0 0.0026
183.5 0.0026
184.0 0.0023
184.5 0.0028
185.0 0.0024
185.5 0.0018
186.0 0.0016
186.5 0.0019
187.0 0.0018
187.5 0.0014
188.0 0.000999999999999
188.5 0.0009
189.0 0.000400000000001
189.5 -9.99999999998e-05
190.0 0.0
190.5 -0.000499999999999
191.0 -0.000899999999998
191.5 -0.0013
192.0 -0.0017
192.5 -0.0019
193.0 -0.0026
193.5 -0.0031
194.0 -0.0041
194.5 -0.005
195.0 -0.0062
195.5 -0.0077
196.0 -0.0091
196.5 -0.0108
197.0 -0.0125
197.5 -0.01558
198.0 -0.02169
198.5 -0.0277
199.0 -0.04393
199.5 -0.06623
