0.0 0.00103
0.5 0.02249
1.0 0.02203
1.5 0.01604
2.0 0.01235
2.5 0.00934
3.0 0.00753
3.5 0.00581
4.0 0.00426
4.5 0.00289
5.0 0.00158
5.5 0.00044
6.0 -0.00062
6.5 -0.00154
7.0 -0.00248
7.5 -0.00345
8.0 -0.00421
8.5 -0.005
9.0 -0.0058
9.5 -0.00658
10.0 -0.00735
10.5 -0.00811
11.0 -0.00888
11.5 -0.0096
12.0 -0.01032
12.5 -0.01102
13.0 -0.01174
13.5 -0.0125
14.0 -0.01316
14.5 -0.01385
15.0 -0.01453
15.5 -0.01522
16.0 -0.01592
16.5 -0.01658
17.0 -0.01723
17.5 -0.01792
18.0 -0.01855
18.5 -0.01923
19.0 -0.01985
19.5 -0.02049
20.0 -0.02111
20.5 -0.02175
21.0 -0.02236
21.5 -0.02293
22.0 -0.02356
22.5 -0.02409
23.0 -0.02471
23.5 -0.02523
24.0 -0.0258
24.5 -0.02635
25.0 -0.02687
25.5 -0.02736
26.0 -0.02784
26.5 -0.0283
27.0 -0.02877
27.5 -0.02916
28.0 -0.02952
28.5 -0.02994
29.0 -0.03034
29.5 -0.03068
30.0 -0.03101
30.5 -0.03135
31.0 -0.03163
31.5 -0.03191
32.0 -0.03213
32.5 -0.03234
33.0 -0.03252
33.5 -0.03273
34.0 -0.03287
34.5 -0.03298
35.0 -0.03308
35.5 -0.03319
36.0 -0.03325
36.5 -0.03326
37.0 -0.03325
37.5 -0.0332
38.0 -0.03318
38.5 -0.03312
39.0 -0.03303
39.5 -0.03297
40.0 -0.03279
40.5 -0.03268
41.0 -0.0325
41.5 -0.03231
42.0 -0.03208
42.5 -0.03184
43.0 -0.03161
43.5 -0.03133
44.0 -0.03106
44.5 -0.0308
45.0 -0.03048
45.5 -0.03016
46.0 -0.02981
46.5 -0.02949
47.0 -0.02911
47.5 -0.02869
48.0 -0.02834
48.5 -0.02794
49.0 -0.02754
49.5 -0.0272
50.0 -0.02677
50.5 -0.02632
51.0 -0.02589
51.5 -0.02549
52.0 -0.02502
52.5 -0.02457
53.0 -0.02415
53.5 -0.02371
54.0 -0.02321
54.5 -0.02281
55.0 -0.0224
55.5 -0.02193
56.0 -0.02147
56.5 -0.02101
57.0 -0.02057
57.5 -0.02012
58.0 -0.01975
58.5 -0.01932
59.0 -0.0189
59.5 -0.01849
60.0 -0.01808
60.5 -0.01763
61.0 -0.01718
61.5 -0.01678
62.0 -0.01636
62.5 -0.01597
63.0 -0.01558
63.5 -0.01521
64.0 -0.01483
64.5 -0.01443
65.0 -0.01406
65.5 -0.01372
66.0 -0.0133
66.5 -0.01297
67.0 -0.01265
67.5 -0.01228
68.0 -0.01194
68.5 -0.01166
69.0 -0.01137
69.5 -0.01103
70.0 -0.0107
70.5 -0.01043
71.0 -0.01018
71.5 -0.00981
72.0 -0.00951
72.5 -0.00924
73.0 -0.00898
73.5 -0.00877
74.0 -0.00856
74.5 -0.00828
75.0 -0.008
75.5 -0.00777
76.0 -0.00757
76.5 -0.00729
77.0 -0.00703
77.5 -0.00684
78.0 -0.00668
78.5 -0.00648
79.0 -0.00629
79.5 -0.00615
80.0 -0.00595
80.5 -0.00583
81.0 -0.00562
81.5 -0.00547
82.0 -0.00523
82.5 -0.00504
83.0 -0.00492
83.5 -0.00481
84.0 -0.00463
84.5 -0.0045
85.0 -0.00443
85.5 -0.00429
86.0 -0.00416
86.5 -0.00407
87.0 -0.00392
87.5 -0.00377
88.0 -0.00373
88.5 -0.00366
89.0 -0.0035
89.5 -0.00345
90.0 -0.00336
90.5 -0.00333
91.0 -0.00328
91.5 -0.00314
92.0 -0.00303
92.5 -0.003
93.0 -0.00302
93.5 -0.00307
94.0 -0.00293
94.5 -0.00294
95.0 -0.00284
95.5 -0.00279
96.0 -0.00274
96.5 -0.00279
97.0 -0.0027
97.5 -0.00255
98.0 -0.00265
98.5 -0.00271
99.0 -0.00255
99.5 -0.0027
100.0 -0.00265
100.5 -0.00249
101.0 -0.0024
101.5 -0.0025
102.0 -0.0027
102.5 -0.0028
103.0 -0.0027
103.5 -0.0028
104.0 -0.0028
104.5 -0.0029
105.0 -0.0028
105.5 -0.0029
106.0 -0.0031
106.5 -0.0031
107.0 -0.0032
107.5 -0.0032
108.0 -0.0035
108.5 -0.0035
109.0 -0.0037
109.5 -0.0035
110.0 -0.0038
110.5 -0.004
111.0 -0.0041
111.5 -0.0043
112.0 -0.0043
112.5 -0.0044
113.0 -0.0046
113.5 -0.0051
114.0 -0.0051
114.5 -0.0047
115.0 -0.005
115.5 -0.0055
116.0 -0.0058
116.5 -0.0042
117.0 -0.0036
117.5 -0.0055
118.0 -0.0043
118.5 -0.0021
119.0 0.000399999999999
119.5 0.0084
120.0 0.0082
120.5 0.0044
121.0 9.99999999998e-05
121.5 -0.0026
122.0 -0.0049
122.5 -0.0054
123.0 -0.00403
123.5 -0.00412
124.0 -0.00524
124.5 -0.00523
125.0 -0.00589
125.5 -0.00601
126.0 -0.00571
126.5 -0.00569
127.0 -0.00514
127.5 -0.00469
128.0 -0.00482
128.5 -0.00526
129.0 -0.00479
129.5 -0.00396
130.0 -0.00387
130.5 -0.00344
131.0 -0.00456
131.5 -0.00379
132.0 -0.00326
132.5 -0.00309
133.0 -0.00282
133.5 -0.00277
134.0 -0.00241
134.5 -0.00267
135.0 -0.00239
135.5 -0.00206
136.0 -0.00231
136.5 -0.00203
137.0 -0.00166
137.5 -0.00193
138.0 -0.00174
138.5 -0.00187
139.0 -0.00168
139.5 -0.00129
140.0 -0.00131
140.5 -0.00137
141.0 -0.00142
141.5 -0.00121
142.0 -0.00095
142.5 -0.00078
143.0 -0.00054
143.5 -0.00046
144.0 -0.00082
144.5 -0.00081
145.0 -0.00097
145.5 -0.00034
146.0 -6.99999999998e-05
146.5 -0.00042
147.0 -0.00024
147.5 -8.00000000001e-05
148.0 -7.20000000001e-05
148.5 -0.000314
149.0 -0.000156
149.5 -0.000192
150.0 -0.0007788
150.5 -0.0001277
151.0 0.000287
151.5 0.000217
152.0 0.000405
152.5 0.000582
153.0 0.00032
153.5 0.00013
154.0 0.00033
154.5 0.00032
155.0 0.00033
155.5 0.0003
156.0 0.00062
156.5 0.00079
157.0 0.00095
157.5 0.00109
158.0 0.00088
158.5 0.00071
159.0 0.00086
159.5 0.0011
160.0 0.00156
160.5 0.00117
161.0 0.00153
161.5 0.00165
162.0 0.00203
162.5 0.00213
163.0 0.00204
163.5 0.00153
164.0 0.00143
164.5 0.00188
165.0 0.00253
165.5 0.00273
166.0 0.00198
166.5 0.00218
167.0 0.00254
167.5 0.00275
168.0 0.003
168.5 0.00314
169.0 0.00336
169.5 0.00338
170.0 0.00309
170.5 0.00354
171.0 0.00374
171.5 0.00433
172.0 0.00393
172.5 0.00357
173.0 0.00393
173.5 0.00413
174.0 0.00446
174.5 0.00436
175.0 0.00414
175.5 0.00335
176.0 0.00334
176.5 0.00264
177.0 0.00243
177.5 0.00257
178.0 0.0015
178.5 -0.0018
179.0 -0.0039
179.5 -0.0047
180.0 -0.0029
180.5 -0.003
181.0 -0.000300000000001
181.5 0.0024
182.0 0.0032
182.5 0.0036
183.0 0.0036
183.5 0.0035
184.0 0.003
184.5 0.0028
185.0 0.0028
185.5 0.0024
186.0 0.0023
186.5 0.0019
187.0 0.0021
187.5 0.0018
188.0 0.0013
188.5 0.0013
189.0 0.0008
189.5 0.000299999999999
190.0 0.000299999999999
190.5 -0.000399999999999
191.0 -0.000699999999998
191.5 -0.000999999999999
192.0 -0.0015
192.5 -0.0019
193.0 -0.0026
193.5 -0.0028
194.0 -0.0038
194.5 -0.005
195.0 -0.0059
195.5 -0.0077
196.0 -0.009
196.5 -0.0108
197.0 -0.013
197.5 -0.01458
198.0 -0.02059
198.5 -0.0273
199.0 -0.0431
199.5 -0.0652
