0.0 0.00081
0.5 0.0221
1.0 0.02147
1.5 0.01552
2.0 0.01185
2.5 0.00878
3.0 0.00693
3.5 0.00526
4.0 0.00376
4.5 0.00245
5.0 0.00113
5.5 -1.00000000005e-05
6.0 -0.00109
6.5 -0.00205
7.0 -0.00298
7.5 -0.00398
8.0 -0.00475
8.5 -0.00553
9.0 -0.0063
9.5 -0.00705
10.0 -0.00793
10.5 -0.00867
11.0 -0.0094
11.5 -0.01014
12.0 -0.01083
12.5 -0.01156
13.0 -0.01231
13.5 -0.01301
14.0 -0.01368
14.5 -0.01433
15.0 -0.01506
15.5 -0.01577
16.0 -0.01644
16.5 -0.01707
17.0 -0.01772
17.5 -0.01839
18.0 -0.01902
18.5 -0.01967
19.0 -0.02028
19.5 -0.02093
20.0 -0.02151
20.5 -0.02214
21.0 -0.02272
21.5 -0.0233
22.0 -0.02389
22.5 -0.02443
23.0 -0.02497
23.5 -0.02547
24.0 -0.02604
24.5 -0.02655
25.0 -0.02702
25.5 -0.02748
26.0 -0.02792
26.5 -0.02835
27.0 -0.02879
27.5 -0.02919
28.0 -0.0295
28.5 -0.02988
29.0 -0.03024
29.5 -0.03054
30.0 -0.03085
30.5 -0.03113
31.0 -0.03137
31.5 -0.03161
32.0 -0.03177
32.5 -0.03195
33.0 -0.03209
33.5 -0.03228
34.0 -0.03235
34.5 -0.03243
35.0 -0.03252
35.5 -0.03258
36.0 -0.0326
36.5 -0.03258
37.0 -0.03251
37.5 -0.03244
38.0 -0.03239
38.5 -0.03231
39.0 -0.03218
39.5 -0.03208
40.0 -0.03191
40.5 -0.03175
41.0 -0.03155
41.5 -0.03133
42.0 -0.03108
42.5 -0.03082
43.0 -0.03057
43.5 -0.03027
44.0 -0.02998
44.5 -0.02971
45.0 -0.02937
45.5 -0.02905
46.0 -0.02868
46.5 -0.02834
47.0 -0.02798
47.5 -0.02758
48.0 -0.02721
48.5 -0.02681
49.0 -0.02643
49.5 -0.02606
50.0 -0.02566
50.5 -0.02522
51.0 -0.02482
51.5 -0.02439
52.0 -0.02395
52.5 -0.02352
53.0 -0.02311
53.5 -0.02269
54.0 -0.02221
54.5 -0.02184
55.0 -0.02143
55.5 -0.02096
56.0 -0.02055
56.5 -0.0201
57.0 -0.01969
57.5 -0.01926
58.0 -0.01887
58.5 -0.01845
59.0 -0.01807
59.5 -0.01768
60.0 -0.01726
60.5 -0.01685
61.0 -0.01641
61.5 -0.01606
62.0 -0.01568
62.5 -0.01528
63.0 -0.01491
63.5 -0.01456
64.0 -0.01422
64.5 -0.01387
65.0 -0.01346
65.5 -0.01311
66.0 -0.01275
66.5 -0.01246
67.0 -0.01211
67.5 -0.01178
68.0 -0.01144
68.5 -0.01119
69.0 -0.01093
69.5 -0.01062
70.0 -0.01029
70.5 -0.01002
71.0 -0.00977
71.5 -0.00947
72.0 -0.00913
72.5 -0.00888
73.0 -0.00864
73.5 -0.0084
74.0 -0.00823
74.5 -0.00797
75.0 -0.00772
75.5 -0.00752
76.0 -0.00734
76.5 -0.00708
77.0 -0.00679
77.5 -0.00659
78.0 -0.00646
78.5 -0.00623
79.0 -0.00606
79.5 -0.00592
80.0 -0.00578
80.5 -0.00558
81.0 -0.00537
81.5 -0.00525
82.0 -0.00507
82.5 -0.00489
83.0 -0.00475
83.5 -0.00462
84.0 -0.00447
84.5 -0.00438
85.0 -0.00432
85.5 -0.00423
86.0 -0.00402
86.5 -0.00387
87.0 -0.00376
87.5 -0.00366
88.0 -0.00364
88.5 -0.0036
89.0 -0.00339
89.5 -0.00343
90.0 -0.00339
90.5 -0.00324
91.0 -0.00313
91.5 -0.00306
92.0 -0.00304
92.5 -0.00299
93.0 -0.00293
93.5 -0.00295
94.0 -0.00277
94.5 -0.00271
95.0 -0.00262
95.5 -0.00273
96.0 -0.00277
96.5 -0.00266
97.0 -0.00255
97.5 -0.00246
98.0 -0.00262
98.5 -0.00265
99.0 -0.00266
99.5 -0.00271
100.0 -0.00255
100.5 -0.00251
101.0 -0.0025
101.5 -0.0026
102.0 -0.0027
102.5 -0.0027
103.0 -0.0025
103.5 -0.0026
104.0 -0.0028
104.5 -0.0029
105.0 -0.0028
105.5 -0.0026
106.0 -0.0028
106.5 -0.0031
107.0 -0.003
107.5 -0.003
108.0 -0.0033
108.5 -0.0032
109.0 -0.0035
109.5 -0.0035
110.0 -0.0037
110.5 -0.0038
111.0 -0.0036
111.5 -0.004
112.0 -0.0041
112.5 -0.0041
113.0 -0.0041
113.5 -0.0046
114.0 -0.0047
114.5 -0.0048
115.0 -0.0048
115.5 -0.0049
116.0 -0.0055
116.5 -0.0044
117.0 -0.0043
117.5 -0.0053
118.0 -0.0054
118.5 -0.0041
119.0 -0.0021
119.5 0.0037
120.0 0.0041
120.5 0.0049
121.0 0.0043
121.5 -0.0029
122.0 -0.0072
122.5 -0.0061
123.0 -0.00501
123.5 -0.00505
124.0 -0.00547
124.5 -0.00446
125.0 -0.00488
125.5 -0.00428
126.0 -0.00525
126.5 -0.00506
127.0 -0.00464
127.5 -0.00466
128.0 -0.00454
128.5 -0.00441
129.0 -0.00435
129.5 -0.00411
130.0 -0.00353
130.5 -0.00337
131.0 -0.00387
131.5 -0.00323
132.0 -0.00282
132.5 -0.00256
133.0 -0.00261
133.5 -0.00279
134.0 -0.00226
134.5 -0.00241
135.0 -0.00249
135.5 -0.002
136.0 -0.00204
136.5 -0.00158
137.0 -0.00141
137.5 -0.00176
138.0 -0.00159
138.5 -0.00145
139.0 -0.00106
139.5 -0.00146
140.0 -0.00146
140.5 -0.00127
141.0 -0.0011
141.5 -0.00077
142.0 -0.00069
142.5 -0.00065
143.0 -0.00052
143.5 -0.00047
144.0 -0.00061
144.5 -0.0006
145.0 -0.00043
145.5 -0.00018
146.0 8.99999999999e-05
146.5 -0.00027
147.0 -0.00022
147.5 -0.00014
148.0 -6.1e-05
148.5 -0.000171
149.0 -6.2e-05
149.5 -0.000154
150.0 -0.0003615
150.5 -5.19999999998e-06
151.0 0.000501
151.5 0.000628
152.0 0.000603
152.5 0.00067
153.0 0.00057
153.5 0.00034
154.0 0.0003
154.5 0.00063
155.0 0.00086
155.5 0.00077
156.0 0.00109
156.5 0.00114
157.0 0.00113
157.5 0.00121
158.0 0.00108
158.5 0.00096
159.0 0.00113
159.5 0.00141
160.0 0.00196
160.5 0.00159
161.0 0.00181
161.5 0.00184
162.0 0.00214
162.5 0.00227
163.0 0.00215
163.5 0.00175
164.0 0.00191
164.5 0.00228
165.0 0.00294
165.5 0.00312
166.0 0.00271
166.5 0.00274
167.0 0.00308
167.5 0.00335
168.0 0.00334
168.5 0.00332
169.0 0.00369
169.5 0.00397
170.0 0.00424
170.5 0.00442
171.0 0.00439
171.5 0.00494
172.0 0.00477
172.5 0.00466
173.0 0.00507
173.5 0.00531
174.0 0.00573
174.5 0.00587
175.0 0.00559
175.5 0.00405
176.0 0.00437
176.5 0.00458
177.0 0.0036
177.5 0.00442
178.0 0.0033
178.5 0.0024
179.0 -0.000500000000001
179.5 -0.0041
180.0 -0.0054
180.5 -0.0059
181.0 -0.0025
181.5 -0.0007
182.0 1.7763568394e-15
182.5 0.0012
183.0 0.0014
183.5 0.0019
184.0 0.0017
184.5 0.0017
185.0 0.0017
185.5 0.0015
186.0 0.0014
186.5 0.0012
187.0 0.0012
187.5 0.0009
188.0 0.000499999999999
188.5 0.000499999999999
189.0 1.7763568394e-15
189.5 -0.000399999999999
190.0 -0.000399999999999
190.5 -0.000999999999999
191.0 -0.0012
191.5 -0.0016
192.0 -0.0021
192.5 -0.0023
193.0 -0.003
193.5 -0.0035
194.0 -0.0046
194.5 -0.0054
195.0 -0.0066
195.5 -0.0082
196.0 -0.0096
196.5 -0.0112
197.0 -0.0136
197.5 -0.01588
198.0 -0.02158
198.5 -0.02911
199.0 -0.04477
199.5 -0.07034
