0.0 0.00444789775641
0.5 0.0188151719119
1.0 0.0237760130355
1.5 0.019715533721
2.0 0.0166018798808
2.5 0.014003134145
3.0 0.0130211844427
3.5 0.0118439068793
4.0 0.0107939853153
4.5 0.00952227290453
5.0 0.00868826134433
5.5 0.00801646023661
6.0 0.00730649110381
6.5 0.00666413736454
7.0 0.00612244754439
7.5 0.00553411283954
8.0 0.0050305810381
8.5 0.00451655002168
9.0 0.00403695929381
9.5 0.0035520505301
10.0 0.00308581335753
10.5 0.00256249660016
11.0 0.00210273324802
11.5 0.00166094893687
12.0 0.00120599005684
12.5 0.000775960350486
13.0 0.000347375781526
13.5 -9.73697399473e-05
14.0 -0.000539687028152
14.5 -0.000967390064952
15.0 -0.0013993883541
15.5 -0.00185607339067
16.0 -0.00229169011956
16.5 -0.00272539875009
17.0 -0.00316568460206
17.5 -0.00363202900779
18.0 -0.00411482053953
18.5 -0.00456734070077
19.0 -0.00503377961626
19.5 -0.00552502530247
20.0 -0.00598787787386
20.5 -0.00649097667288
21.0 -0.00698352208347
21.5 -0.00746252254831
22.0 -0.00796206340284
22.5 -0.00847173947876
23.0 -0.00897735751953
23.5 -0.00951341510222
24.0 -0.0100534559964
24.5 -0.0105903901675
25.0 -0.0111242533362
25.5 -0.0116685536665
26.0 -0.0122102652612
26.5 -0.0127576166447
27.0 -0.0133262014848
27.5 -0.0138879268941
28.0 -0.0144544340313
28.5 -0.0150436748553
29.0 -0.0156507930646
29.5 -0.0162449242932
30.0 -0.016827087741
30.5 -0.0174234540538
31.0 -0.0180358943206
31.5 -0.0186352292002
32.0 -0.019233727825
32.5 -0.0198382557911
33.0 -0.020442187901
33.5 -0.0210514759858
34.0 -0.0216658046291
34.5 -0.0223028985493
35.0 -0.0229072321301
35.5 -0.0235243035286
36.0 -0.0241287277917
36.5 -0.024728691252
37.0 -0.0253373574391
37.5 -0.0259437382244
38.0 -0.0265405085779
38.5 -0.0271510062147
39.0 -0.0277314641076
39.5 -0.028308749374
40.0 -0.0288941080648
40.5 -0.0294716394232
41.0 -0.0300323708014
41.5 -0.0305806501436
42.0 -0.0311153879429
42.5 -0.0316571453411
43.0 -0.0321924914529
43.5 -0.0326871272693
44.0 -0.0331830281825
44.5 -0.0336672375671
45.0 -0.0341289526154
45.5 -0.0345836106835
46.0 -0.0350056219459
46.5 -0.0354344612972
47.0 -0.0358304873608
47.5 -0.0361962268778
48.0 -0.0365767482786
48.5 -0.036919136922
49.0 -0.0372369485734
49.5 -0.0375472713971
50.0 -0.0377651105071
50.5 -0.0380281009215
51.0 -0.0382728105037
51.5 -0.0384651160583
52.0 -0.0386591566563
52.5 -0.0388198425731
53.0 -0.0389628771059
53.5 -0.0390722247699
54.0 -0.0391502447891
54.5 -0.039174508153
55.0 -0.0391983488341
55.5 -0.0392104381731
56.0 -0.0391709920588
56.5 -0.0391347089327
57.0 -0.0390569471294
57.5 -0.0389308826565
58.0 -0.0388039468566
58.5 -0.0386711262368
59.0 -0.0384968595999
59.5 -0.0383203944911
60.0 -0.0381080022065
60.5 -0.0378485080296
61.0 -0.0375683728527
61.5 -0.0372477809681
62.0 -0.036932701647
62.5 -0.0366124427939
63.0 -0.036291517567
63.5 -0.0359223139851
64.0 -0.0355168173371
64.5 -0.0351151439036
65.0 -0.0346932752307
65.5 -0.0342606500384
66.0 -0.0337768767262
66.5 -0.0333013142884
67.0 -0.0328282692856
67.5 -0.0323800820474
68.0 -0.031863742023
68.5 -0.0313370378164
69.0 -0.0308557145991
69.5 -0.0303701159263
70.0 -0.0297948542025
70.5 -0.0292495773973
71.0 -0.0287071025804
71.5 -0.0281802838469
72.0 -0.027591470054
72.5 -0.0270158008689
73.0 -0.0264941654535
73.5 -0.025967306558
74.0 -0.0254130465769
74.5 -0.0248656061223
75.0 -0.0243164005129
75.5 -0.0238070053217
76.0 -0.0232086487201
76.5 -0.0226369260904
77.0 -0.0221260932033
77.5 -0.0215799631766
78.0 -0.0210064605908
78.5 -0.020522788171
79.0 -0.0200236487116
79.5 -0.0195100951269
80.0 -0.0190179461254
80.5 -0.0185222446346
81.0 -0.0180006490758
81.5 -0.0175461039
82.0 -0.0170625332677
82.5 -0.0165691201075
83.0 -0.0161337554029
83.5 -0.0156622964118
84.0 -0.0152303824389
84.5 -0.0148329768003
85.0 -0.0144310067111
85.5 -0.0139765569188
86.0 -0.0135673319769
86.5 -0.0131732336627
87.0 -0.0127523722862
87.5 -0.0123303973111
88.0 -0.011990818847
88.5 -0.011633542965
89.0 -0.0112294559043
89.5 -0.0108938078903
90.0 -0.0105524159034
90.5 -0.0102828258687
91.0 -0.00994758226369
91.5 -0.00961420674787
92.0 -0.00931913186669
92.5 -0.00902116502377
93.0 -0.00878980821221
93.5 -0.00855550155327
94.0 -0.00816177550227
94.5 -0.00789066496566
95.0 -0.00770083160679
95.5 -0.00756207842683
96.0 -0.00736977679048
96.5 -0.00717038894983
97.0 -0.00695452363479
97.5 -0.0066690971909
98.0 -0.00641531669099
98.5 -0.00626130160189
99.0 -0.00610243616404
99.5 -0.00596522326349
100.0 -0.00583941500532
100.5 -0.00571084387889
101.0 -0.00561282617265
101.5 -0.00557703644026
102.0 -0.00548159821454
102.5 -0.0053190178518
103.0 -0.00513968351937
103.5 -0.0051238751975
104.0 -0.00508456590349
104.5 -0.00508262483116
105.0 -0.00505250556815
105.5 -0.0049349105484
106.0 -0.0048267380593
106.5 -0.00492905500627
107.0 -0.004853660124
107.5 -0.00483220404406
108.0 -0.0048877972819
108.5 -0.00498926676919
109.0 -0.00507757179337
109.5 -0.0050222565479
110.0 -0.0046922986384
110.5 -0.00495393320597
111.0 -0.00513517808962
111.5 -0.00553251446013
112.0 -0.00563400278688
112.5 -0.00575547785753
113.0 -0.0055709202458
113.5 -0.00555397398755
114.0 -0.00572050943883
114.5 -0.00594147147557
115.0 -0.00583696578845
115.5 -0.00542806587589
116.0 -0.00549245130567
116.5 -0.00539733607779
117.0 -0.00531615534327
117.5 -0.0061209688089
118.0 -0.00375571877512
118.5 -0.00252472877878
119.0 -8.68543158958e-05
119.5 0.00666458499047
120.0 0.00616355477649
120.5 0.00423774110295
121.0 0.00206954484736
121.5 -0.00295837971979
122.0 -0.00283193272682
122.5 -0.00619644686057
123.0 -0.00566891000172
123.5 -0.00454306452714
124.0 -0.00428061392472
124.5 -0.00402964250389
125.0 -0.00400514094044
125.5 -0.00370840356571
126.0 -0.00356086754923
126.5 -0.00366085612102
127.0 -0.00355187736886
127.5 -0.00329350173121
128.0 -0.00305983901117
128.5 -0.00297961630091
129.0 -0.00265097885053
129.5 -0.00224830081639
130.0 -0.00170374294913
130.5 -0.00237004485431
131.0 -0.0020552239431
131.5 -0.00168974903577
132.0 -0.00142417247323
132.5 -0.00123036886092
133.0 -0.000933594410547
133.5 -0.000773003096342
134.0 -0.00093322781931
134.5 -0.000607097087638
135.0 -0.000567578281583
135.5 -8.89361251879e-05
136.0 -0.00033028028588
136.5 -5.67118640404e-06
137.0 0.000156108268978
137.5 -2.36512416514e-05
138.0 0.000110474094889
138.5 0.000283925507691
139.0 0.000427312518706
139.5 0.000685300909883
140.0 0.00101843936218
140.5 0.000458432375837
141.0 0.000831257907524
141.5 0.000879092641039
142.0 0.000876768977442
142.5 0.000937780684232
143.0 0.00106753248734
143.5 0.00103364574161
144.0 0.000972655634493
144.5 0.0010316053878
145.0 0.00127644789153
145.5 0.00153282192368
146.0 0.00143774471476
146.5 0.00172053359179
147.0 0.0016139611527
147.5 0.00153533459457
148.0 0.0015827807256
148.5 0.00169236105977
149.0 0.00180590063649
149.5 0.00189860086606
150.0 0.00187639742064
150.5 0.00187323533118
151.0 0.00190716554159
151.5 0.00214232898468
152.0 0.00213433829607
152.5 0.00220714483885
153.0 0.00248266301004
153.5 0.00254363355354
154.0 0.0023532542954
154.5 0.00246513688486
155.0 0.00257928034271
155.5 0.00251470757418
156.0 0.00243128508802
156.5 0.00247501784791
157.0 0.00246088077138
157.5 0.00256359872851
158.0 0.00280202704099
158.5 0.00299210576645
159.0 0.00289977349731
159.5 0.00285178193356
160.0 0.00288096517426
160.5 0.0029335984778
161.0 0.00296150767044
161.5 0.00314318627113
162.0 0.00331657891682
162.5 0.00335351624166
163.0 0.00345973959325
163.5 0.00372395934586
164.0 0.00384662756029
164.5 0.00372534459997
165.0 0.00385490587523
165.5 0.0039008955409
166.0 0.00398064417935
166.5 0.0039721143625
167.0 0.00384466313854
167.5 0.00416477151964
168.0 0.00456116757102
168.5 0.00458342522317
169.0 0.00438400520744
169.5 0.0046933542984
170.0 0.00503415543657
170.5 0.00523401326834
171.0 0.00558216739699
171.5 0.00520058562745
172.0 0.00553205837446
172.5 0.00550780063564
173.0 0.00576036068736
173.5 0.00625143942607
174.0 0.00615086844689
174.5 0.00586449222546
175.0 0.00592214004544
175.5 0.00582343904074
176.0 0.00635826317338
176.5 0.00598182743535
177.0 0.00698685087598
177.5 0.00852214010901
178.0 0.00660881619854
178.5 0.00405977426912
179.0 -0.00120351469874
179.5 -0.00282546152357
180.0 -0.00115840126139
180.5 -0.0013929398451
181.0 0.000888569892226
181.5 0.00270456426733
182.0 0.00279725004197
182.5 0.00301633630868
183.0 0.00333032001684
183.5 0.0028802178916
184.0 0.00248269226127
184.5 0.00291375597519
185.0 0.00262588209327
185.5 0.00235639100858
186.0 0.0024717122523
186.5 0.00240492799922
187.0 0.0021214635334
187.5 0.00192293705591
188.0 0.0016442381651
188.5 0.00143986447334
189.0 0.00135826304179
189.5 0.000921125890585
190.0 0.000598004324061
190.5 0.000201272011239
191.0 -8.6816202014e-06
191.5 -0.000433490473512
192.0 -0.000788968320805
192.5 -0.00108609705204
193.0 -0.00173081213549
193.5 -0.00233792333925
194.0 -0.00321323821392
194.5 -0.00397879633077
195.0 -0.00496395772477
195.5 -0.00659248745538
196.0 -0.00796886689963
196.5 -0.00971439942612
197.0 -0.0120313997297
197.5 -0.0144904616914
198.0 -0.0201361022039
198.5 -0.0264904071469
199.0 -0.0426123940578
199.5 -0.0663561461132
