0.0 0.0025998374231
0.5 0.0175893832473
1.0 0.0225556270713
1.5 0.0185300917029
2.0 0.0157879048146
2.5 0.0132391924256
3.0 0.0116416222938
3.5 0.0106873009507
4.0 0.00963602283991
4.5 0.00867887162974
5.0 0.00769735611018
5.5 0.00694486978252
6.0 0.00617354450318
6.5 0.00545721024528
7.0 0.00489138245752
7.5 0.00427330641158
8.0 0.00373173322314
8.5 0.00315480784914
9.0 0.00262244670038
9.5 0.00209649402472
10.0 0.00157865380364
10.5 0.00100217501565
11.0 0.000496557981739
11.5 -5.39924677767e-06
12.0 -0.000473089772223
12.5 -0.000967050608272
13.0 -0.00146737523614
13.5 -0.00194749322649
14.0 -0.00250762815779
14.5 -0.00298404761138
15.0 -0.00348238259053
15.5 -0.00400158218387
16.0 -0.00448735151882
16.5 -0.00498518934141
17.0 -0.00551779993517
17.5 -0.00607782751616
18.0 -0.00659261799491
18.5 -0.00713844249297
19.0 -0.00767085889101
19.5 -0.00822102540522
20.0 -0.00876541979148
20.5 -0.00932909257641
21.0 -0.00988488241421
21.5 -0.010441562352
22.0 -0.0110169997789
22.5 -0.0115911726786
23.0 -0.0121567394669
23.5 -0.0127406425784
24.0 -0.0133400126568
24.5 -0.0139630196804
25.0 -0.0145496356197
25.5 -0.0151442453452
26.0 -0.0157482624833
26.5 -0.0163515854132
27.0 -0.016966024415
27.5 -0.0175509484657
28.0 -0.0181596969753
28.5 -0.0187929860831
29.0 -0.0193950258571
29.5 -0.0200189421686
30.0 -0.0206314537183
30.5 -0.0212589452035
31.0 -0.0218686181761
31.5 -0.0224655132958
32.0 -0.0230707653797
32.5 -0.0236525838124
33.0 -0.024239681484
33.5 -0.0248183679653
34.0 -0.0254114552981
34.5 -0.0259817894017
35.0 -0.0265488328765
35.5 -0.0271140129337
36.0 -0.0276616944951
36.5 -0.0281852269547
37.0 -0.0287020945711
37.5 -0.0292108683782
38.0 -0.0297044321758
38.5 -0.0301940451097
39.0 -0.030651649241
39.5 -0.0311176073415
40.0 -0.031556879713
40.5 -0.0319650037403
41.0 -0.0323520403448
41.5 -0.0327405038687
42.0 -0.0331098927769
42.5 -0.0334606902344
43.0 -0.0337916332724
43.5 -0.034092259472
44.0 -0.0343867220884
44.5 -0.034672390053
45.0 -0.0348946307959
45.5 -0.0351158218345
46.0 -0.0353226292563
46.5 -0.0355108961987
47.0 -0.03566701371
47.5 -0.0357872121768
48.0 -0.0359074819195
48.5 -0.0359977406079
49.0 -0.0360756368683
49.5 -0.0361141284802
50.0 -0.0361217789266
50.5 -0.0361444966307
51.0 -0.0361104022896
51.5 -0.0360621580618
52.0 -0.0360288979163
52.5 -0.0359681914605
53.0 -0.0358790622902
53.5 -0.0357501168038
54.0 -0.0356135351262
54.5 -0.0354517555752
55.0 -0.0352717459596
55.5 -0.0350780673714
56.0 -0.0348712278145
56.5 -0.0346467360336
57.0 -0.0344202588957
57.5 -0.0341622140863
58.0 -0.0339024089781
58.5 -0.033615741587
59.0 -0.0332942085599
59.5 -0.0330112339151
60.0 -0.0326941989723
60.5 -0.0323511990418
61.0 -0.0319976408595
61.5 -0.031638399329
62.0 -0.0312872966129
62.5 -0.0309247860424
63.0 -0.0305369613104
63.5 -0.0301351340806
64.0 -0.0297631398064
64.5 -0.0293763701983
65.0 -0.0289564300681
65.5 -0.028548189722
66.0 -0.0280991701987
66.5 -0.0276619879718
67.0 -0.0272352524714
67.5 -0.0268354272343
68.0 -0.0263975192853
68.5 -0.0259593579568
69.0 -0.0255088392241
69.5 -0.0250937867596
70.0 -0.0246517896225
70.5 -0.0242014291042
71.0 -0.0237583912219
71.5 -0.02333066654
72.0 -0.0228660161384
72.5 -0.022404360049
73.0 -0.0219730527457
73.5 -0.0215343805941
74.0 -0.0211371321249
74.5 -0.0207246807682
75.0 -0.0202179950806
75.5 -0.0198223065242
76.0 -0.0193947248792
76.5 -0.0189421843799
77.0 -0.0185261169873
77.5 -0.0181231985616
78.0 -0.0176969506435
78.5 -0.0172957852428
79.0 -0.0169310024944
79.5 -0.0165448578113
80.0 -0.0161862899596
80.5 -0.015839081269
81.0 -0.0153694496409
81.5 -0.0149983456885
82.0 -0.0146047588177
82.5 -0.0142122632856
83.0 -0.0138413130612
83.5 -0.0134943222624
84.0 -0.0131773479898
84.5 -0.0128404974883
85.0 -0.0125378393019
85.5 -0.0122761235308
86.0 -0.0118669958623
86.5 -0.0115541445391
87.0 -0.011254830282
87.5 -0.0109147582661
88.0 -0.010631667797
88.5 -0.0103206401491
89.0 -0.0100503027658
89.5 -0.00978197584855
90.0 -0.00952266730791
90.5 -0.00931722572042
91.0 -0.00910728574944
91.5 -0.00888559385009
92.0 -0.00859853114178
92.5 -0.00831110218497
93.0 -0.00809630811136
93.5 -0.007932083882
94.0 -0.007696916866
94.5 -0.00757739669734
95.0 -0.00734149509885
95.5 -0.00711882610899
96.0 -0.00696938223086
96.5 -0.00674810188164
97.0 -0.00659864373321
97.5 -0.00644739502245
98.0 -0.00628125870277
98.5 -0.00613340805659
99.0 -0.00594453943515
99.5 -0.00578612393736
100.0 -0.00560849589238
100.5 -0.00552340192297
101.0 -0.00534148762558
101.5 -0.00534205772665
102.0 -0.00527300598406
102.5 -0.00524916829747
103.0 -0.00522190628084
103.5 -0.00518791159883
104.0 -0.00505741304329
104.5 -0.00494597907276
105.0 -0.00463569559221
105.5 -0.00475771996
106.0 -0.00475753004665
106.5 -0.00465066217879
107.0 -0.0045765337769
107.5 -0.00463839961421
108.0 -0.00471229572741
108.5 -0.00476518532657
109.0 -0.00479511474329
109.5 -0.00475849617187
110.0 -0.00477182808874
110.5 -0.00480388053482
111.0 -0.00491691393739
111.5 -0.00509046523123
112.0 -0.0051628549007
112.5 -0.00532189977285
113.0 -0.00538719629328
113.5 -0.00562164922185
114.0 -0.00559896526961
114.5 -0.0059064843571
115.0 -0.00593369623851
115.5 -0.00579557511867
116.0 -0.00637397112826
116.5 -0.00634298133068
117.0 -0.00679078380257
117.5 -0.00706401669325
118.0 -0.00600608112491
118.5 -0.00182325640597
119.0 0.00259838213212
119.5 0.00724555562279
120.0 0.00373009255476
120.5 0.00105059685191
121.0 -0.00164232658422
121.5 -0.00327992393608
122.0 -0.00526306341676
122.5 -0.00606849914084
123.0 -0.00552439715938
123.5 -0.00516618651626
124.0 -0.00514152769698
124.5 -0.00499636458355
125.0 -0.00588459220026
125.5 -0.00525109790621
126.0 -0.00442980151938
126.5 -0.00572076491069
127.0 -0.00537146602851
127.5 -0.00479688339101
128.0 -0.00476682064667
128.5 -0.00456513853196
129.0 -0.00392275725723
129.5 -0.00387073648818
130.0 -0.00380725830467
130.5 -0.00336364916177
131.0 -0.00301272124855
131.5 -0.00293992331088
132.0 -0.00287686257317
132.5 -0.00262465430384
133.0 -0.00228367115479
133.5 -0.00200725843956
134.0 -0.00181957954923
134.5 -0.00181605274776
135.0 -0.00143406317119
135.5 -0.00167616162788
136.0 -0.00136343972516
136.5 -0.000911355097276
137.0 -0.00104122087863
137.5 -0.00117826153328
138.0 -0.000726578096447
138.5 -0.000599790457372
139.0 -0.000819537544977
139.5 -0.000545836252133
140.0 -0.000585322437651
140.5 -0.000343443062224
141.0 -0.000264385085924
141.5 -0.000156732452449
142.0 0.000128680483613
142.5 0.000117628948773
143.0 0.000241072990802
143.5 0.000372760668167
144.0 0.000379493191151
144.5 0.000661010313214
145.0 0.000520870471291
145.5 0.000433540631993
146.0 0.000622816097829
146.5 0.000626897206191
147.0 0.000733681282074
147.5 0.000944062911049
148.0 0.00122475998748
148.5 0.00129472109321
149.0 0.00111015654206
149.5 0.00124794214747
150.0 0.00114537932815
150.5 0.00120760746986
151.0 0.00139341229474
151.5 0.00159553490486
152.0 0.00138751164676
152.5 0.00150796023566
153.0 0.00170017390922
153.5 0.00166265818421
154.0 0.00170588047728
154.5 0.00196524175223
155.0 0.00200696843309
155.5 0.00200230417118
156.0 0.00207685840509
156.5 0.00218631228768
157.0 0.00211911003084
157.5 0.00207636072203
158.0 0.00215524714902
158.5 0.00233288449081
159.0 0.00243217825868
159.5 0.00259670590404
160.0 0.00266139681809
160.5 0.00229647344258
161.0 0.00267783005295
161.5 0.00291544174068
162.0 0.00282526144219
162.5 0.00285826540249
163.0 0.00300966174277
163.5 0.00319437459056
164.0 0.00336117461219
164.5 0.00341700459679
165.0 0.00306461955159
165.5 0.00342295123133
166.0 0.00361985670113
166.5 0.00394565811417
167.0 0.00378037345988
167.5 0.00398239355352
168.0 0.00412012232615
168.5 0.00411633099642
169.0 0.00409488526483
169.5 0.00397921749448
170.0 0.004508692772
170.5 0.00490513697829
171.0 0.00528254703852
171.5 0.00491703778567
172.0 0.0051644172127
172.5 0.00567711736468
173.0 0.00601859852162
173.5 0.00626040820033
174.0 0.00642267772594
174.5 0.00649773219932
175.0 0.00666121171797
175.5 0.00610611702236
176.0 0.00634044678678
176.5 0.00554236238479
177.0 0.00571891155367
177.5 0.00796569277783
178.0 0.00609533887697
178.5 0.00416530513431
179.0 -0.000643596218097
179.5 -0.004165061463
180.0 -0.00411201398057
180.5 -0.00401167642282
181.0 -0.000293794887867
181.5 0.000974230284257
182.0 0.00187124207466
182.5 0.00344071841521
183.0 0.00309866812928
183.5 0.00343926761772
184.0 0.00361186476202
184.5 0.0040640245375
185.0 0.00366189005332
185.5 0.00326362014155
186.0 0.00327493949749
186.5 0.00310011492088
187.0 0.00276063353317
187.5 0.00276935572111
188.0 0.00259628155796
188.5 0.00235793874194
189.0 0.00203651968887
189.5 0.00174410334209
190.0 0.00169281381994
190.5 0.00121164286929
191.0 0.00101782190218
191.5 0.000735654089766
192.0 0.000424438543519
192.5 9.40861092715e-05
193.0 -0.000465964858918
193.5 -0.00077156000323
194.0 -0.00145528136511
194.5 -0.0021412465797
195.0 -0.00261700086263
195.5 -0.00367580612723
196.0 -0.00528692596347
196.5 -0.00632458352796
197.0 -0.00773490136201
197.5 -0.00892379623073
198.0 -0.0128722849863
198.5 -0.0182021413915
199.0 -0.0277483695122
199.5 -0.0444791118431
