0.0 0.00465640690858
0.5 0.0186736934582
1.0 0.0235860951185
1.5 0.0195585523155
2.0 0.0163238774678
2.5 0.0136183720091
3.0 0.0125315009913
3.5 0.0113340791454
4.0 0.0102835619738
4.5 0.00933727416457
5.0 0.00800912769371
5.5 0.00730448194054
6.0 0.00656040076649
6.5 0.00585985948315
7.0 0.00529711635307
7.5 0.00463396642854
8.0 0.0040676103368
8.5 0.0035069274284
9.0 0.0029727291375
9.5 0.00246501288672
10.0 0.00180719217348
10.5 0.00131778260567
11.0 0.000794718905148
11.5 0.000302301965192
12.0 -0.000207536923028
12.5 -0.000703509096061
13.0 -0.0012073117337
13.5 -0.00172712160259
14.0 -0.00223443798592
14.5 -0.00270810485364
15.0 -0.0032632501044
15.5 -0.00378521693283
16.0 -0.0043010852616
16.5 -0.00480383529454
17.0 -0.00533274844985
17.5 -0.0058728593188
18.0 -0.00639903212695
18.5 -0.00697489677749
19.0 -0.00750639709519
19.5 -0.00806374013796
20.0 -0.00862552403305
20.5 -0.00919274038848
21.0 -0.00974371832315
21.5 -0.0103166284598
22.0 -0.0109035864346
22.5 -0.0114612450902
23.0 -0.0120680122393
23.5 -0.012652739713
24.0 -0.0132523944224
24.5 -0.0138647344917
25.0 -0.0144711955672
25.5 -0.0150792635277
26.0 -0.015680870898
26.5 -0.0162903673383
27.0 -0.0169197961276
27.5 -0.0175173832612
28.0 -0.018128157169
28.5 -0.0187586722311
29.0 -0.0193806737694
29.5 -0.0200095330631
30.0 -0.0206151203326
30.5 -0.0212389020206
31.0 -0.0218523340739
31.5 -0.0224521696078
32.0 -0.0230592947766
32.5 -0.02364183485
33.0 -0.0242324829525
33.5 -0.024834297436
34.0 -0.0254162619537
34.5 -0.0259950772099
35.0 -0.0265533578995
35.5 -0.0271115264194
36.0 -0.0276437563501
36.5 -0.0281625926553
37.0 -0.0286806570097
37.5 -0.0291894766135
38.0 -0.0296813935505
38.5 -0.030146727819
39.0 -0.0306166890554
39.5 -0.0310833263979
40.0 -0.0315106927705
40.5 -0.0319251976078
41.0 -0.0323332389006
41.5 -0.0327393745467
42.0 -0.0330914366911
42.5 -0.0334094648808
43.0 -0.033734207347
43.5 -0.0340535222606
44.0 -0.0343555035595
44.5 -0.0346086577115
45.0 -0.0348634998541
45.5 -0.0350843327649
46.0 -0.0352744632445
46.5 -0.0354722962809
47.0 -0.0356368213862
47.5 -0.0357677287452
48.0 -0.035899852538
48.5 -0.0359944988849
49.0 -0.0360919183955
49.5 -0.0361566849592
50.0 -0.0361502304131
50.5 -0.036179625451
51.0 -0.0361846004144
51.5 -0.0361768898761
52.0 -0.0361344988513
52.5 -0.0360526839992
53.0 -0.0359776176221
53.5 -0.0358800838958
54.0 -0.0357525281598
54.5 -0.03562309567
55.0 -0.0354629823999
55.5 -0.035292081141
56.0 -0.0351041453702
56.5 -0.0348944917778
57.0 -0.03468821399
57.5 -0.0344522637586
58.0 -0.034216511435
58.5 -0.0339619555326
59.0 -0.0337060253176
59.5 -0.0334306971826
60.0 -0.0330973876148
60.5 -0.0328007903285
61.0 -0.0324627276508
61.5 -0.0321204617232
62.0 -0.0317786868436
62.5 -0.0314296764125
63.0 -0.0310753064424
63.5 -0.0307076021056
64.0 -0.0303261932211
64.5 -0.0299585096592
65.0 -0.0295253351162
65.5 -0.0291404790093
66.0 -0.0287386125034
66.5 -0.028305490843
67.0 -0.0278907081296
67.5 -0.0274886342527
68.0 -0.0270640595882
68.5 -0.0266426880803
69.0 -0.0262367596245
69.5 -0.0258135116406
70.0 -0.0253744324222
70.5 -0.0249493500622
71.0 -0.0244607978253
71.5 -0.0240056792137
72.0 -0.0235470154733
72.5 -0.0231056919208
73.0 -0.0227129988533
73.5 -0.0222759106274
74.0 -0.0218537558501
74.5 -0.0213767998803
75.0 -0.0209628460262
75.5 -0.0205368495237
76.0 -0.0200792839638
76.5 -0.0196244524041
77.0 -0.0192045019023
77.5 -0.0187971210957
78.0 -0.0183714318274
78.5 -0.0179833002407
79.0 -0.0175880459041
79.5 -0.0171829712795
80.0 -0.0167984509411
80.5 -0.0164157565037
81.0 -0.0160214165972
81.5 -0.0156166451562
82.0 -0.0152073576237
82.5 -0.0148204817114
83.0 -0.0145015555152
83.5 -0.014118485263
84.0 -0.0137055294442
84.5 -0.0134069689576
85.0 -0.0131066029673
85.5 -0.0127274493702
86.0 -0.0123750557508
86.5 -0.0120736083246
87.0 -0.0117518767841
87.5 -0.0113797724213
88.0 -0.0111190813395
88.5 -0.010839273897
89.0 -0.0105478459549
89.5 -0.0102063804359
90.0 -0.00991394611728
90.5 -0.00971597762469
91.0 -0.00950864894325
91.5 -0.00920623896248
92.0 -0.00893923951564
92.5 -0.00866245931013
93.0 -0.00841775068534
93.5 -0.00820825221605
94.0 -0.00795206784581
94.5 -0.00769984798321
95.0 -0.00748690943361
95.5 -0.00726412910895
96.0 -0.00714645928607
96.5 -0.00697221724655
97.0 -0.00688268892208
97.5 -0.00671731555459
98.0 -0.0064650025011
98.5 -0.00626566184348
99.0 -0.0061611983419
99.5 -0.00612884438084
100.0 -0.00582471439508
100.5 -0.00564963787475
101.0 -0.00559878776544
101.5 -0.00555487321994
102.0 -0.00541832850125
102.5 -0.00532751634114
103.0 -0.00513762800442
103.5 -0.00500797572315
104.0 -0.00507069997134
104.5 -0.00509697334577
105.0 -0.00499759612308
105.5 -0.00486059686229
106.0 -0.00455426384414
106.5 -0.0047437921433
107.0 -0.00476070832565
107.5 -0.00478052174382
108.0 -0.00488016638597
108.5 -0.00498631507729
109.0 -0.00495776194715
109.5 -0.00464519765066
110.0 -0.00494832944154
110.5 -0.00511578514242
111.0 -0.00479356583536
111.5 -0.0052425782275
112.0 -0.00536387978647
112.5 -0.00542726140897
113.0 -0.00538679256272
113.5 -0.00564091108366
114.0 -0.00548916296414
114.5 -0.00499962617775
115.0 -0.00530524691162
115.5 -0.00519492750499
116.0 -0.00545976467269
116.5 -0.00474431793887
117.0 -0.0044046891133
117.5 -0.00546238021251
118.0 -0.00515653389884
118.5 -0.00443973166995
119.0 -0.0016230220005
119.5 0.00449284147525
120.0 0.00396449465556
120.5 0.00248663977807
121.0 0.000514006348112
121.5 -0.00386532607564
122.0 -0.0070218229544
122.5 -0.00706546379659
123.0 -0.0062313623359
123.5 -0.00569461967282
124.0 -0.00660244410558
124.5 -0.00544189389686
125.0 -0.00519641646919
125.5 -0.00485022902575
126.0 -0.00480561444203
126.5 -0.00478063617066
127.0 -0.00436808978681
127.5 -0.00417591055385
128.0 -0.00426910773811
128.5 -0.00430192280845
129.0 -0.00377468034811
129.5 -0.00352160834434
130.0 -0.00355545769403
130.5 -0.00273158308289
131.0 -0.00307578222174
131.5 -0.0026316109165
132.0 -0.00235618879108
132.5 -0.00201174005366
133.0 -0.00165899542781
133.5 -0.00178803627276
134.0 -0.00183999128738
134.5 -0.00145017110743
135.0 -0.00158129493028
135.5 -0.00130765829197
136.0 -0.00116045120031
136.5 -0.00091505001895
137.0 -0.000805653253355
137.5 -0.000789703112805
138.0 -0.000453850212615
138.5 -0.000271873384662
139.0 -0.000256405662444
139.5 -0.000343185570578
140.0 -0.00033015823643
140.5 8.16367828058e-05
141.0 7.28962717389e-06
141.5 8.4966547071e-05
142.0 0.000349670535496
142.5 0.000391010608203
143.0 0.000453542286108
143.5 0.000498448762444
144.0 0.000507305030135
144.5 0.000722833647098
145.0 0.00064701370637
145.5 0.000467595390551
146.0 0.000857149556248
146.5 0.000938649696488
147.0 0.00107902229064
147.5 0.00107940454703
148.0 0.00109647625107
148.5 0.00124430511544
149.0 0.00137610137279
149.5 0.00149992849406
150.0 0.00139949331403
150.5 0.00155840175832
151.0 0.00143492417153
151.5 0.00181390955191
152.0 0.00177992587972
152.5 0.00173587643363
153.0 0.00183293403944
153.5 0.00194322806796
154.0 0.00207384007456
154.5 0.00229232952968
155.0 0.00255646395997
155.5 0.00232019577504
156.0 0.00230589723053
156.5 0.00216395692276
157.0 0.00215006604727
157.5 0.00229325026082
158.0 0.00250071585086
158.5 0.00263932157372
159.0 0.00262357326559
159.5 0.00284942063826
160.0 0.00307486972386
160.5 0.00313584546219
161.0 0.00292409134217
161.5 0.0030245197358
162.0 0.00317670404586
162.5 0.00328593143164
163.0 0.0032103785064
163.5 0.00332099101637
164.0 0.00356353273533
164.5 0.00338028418308
165.0 0.00340793664415
165.5 0.00368959380473
166.0 0.00330272500262
166.5 0.00398375261393
167.0 0.00410273359464
167.5 0.00429722510957
168.0 0.00461805082769
168.5 0.00461859730573
169.0 0.00454539885772
169.5 0.00504951951083
170.0 0.00511991568915
170.5 0.00423525707146
171.0 0.0050784984885
171.5 0.00555673513901
172.0 0.00595916980102
172.5 0.00604464540132
173.0 0.00632693194602
173.5 0.00695959536444
174.0 0.00729538955022
174.5 0.00745354795505
175.0 0.00774193096711
175.5 0.00770662631845
176.0 0.00689375517004
176.5 0.00741587609579
177.0 0.00751347430277
177.5 0.00906445778216
178.0 0.00772245475534
178.5 0.0058746452636
179.0 0.00286535560808
179.5 0.00105129870617
180.0 0.00120796507665
180.5 -0.0026968942351
181.0 -0.00312411274243
181.5 -0.000580213259425
182.0 0.000849588178596
182.5 0.0019978259083
183.0 0.00159071918995
183.5 0.00221632614966
184.0 0.00225685819701
184.5 0.00235916434502
185.0 0.0025150340299
185.5 0.00237268689887
186.0 0.00251804550733
186.5 0.00255250525463
187.0 0.00246964750104
187.5 0.00234437695293
188.0 0.00211257578093
188.5 0.00197980845671
189.0 0.00185051572613
189.5 0.00155070523655
190.0 0.00126653781636
190.5 0.000905010337675
191.0 0.000677441513162
191.5 0.000329212326989
192.0 7.54126645433e-05
192.5 -5.96213001955e-05
193.0 -0.000701949578286
193.5 -0.00109200804813
194.0 -0.00172919349559
194.5 -0.00242911692273
195.0 -0.0030992918188
195.5 -0.00446914918182
196.0 -0.00524862002835
196.5 -0.00598359897477
197.0 -0.00829673234161
197.5 -0.00963191213596
198.0 -0.0123589658853
198.5 -0.0173087842678
199.0 -0.0278723116359
199.5 -0.0450924078286
