0.0 0.00353029726008
0.5 0.018577747094
1.0 0.023973746021
1.5 0.0198662702057
2.0 0.0169492095653
2.5 0.0145263177898
3.0 0.0130836760817
3.5 0.0114810920493
4.0 0.0106214001698
4.5 0.00963182436823
5.0 0.00857503841122
5.5 0.00782027911179
6.0 0.00703296508246
6.5 0.00634663076881
7.0 0.00566155044093
7.5 0.00493012517699
8.0 0.00443574139224
8.5 0.00391404102009
9.0 0.0034178610176
9.5 0.00273025453267
10.0 0.00221464545946
10.5 0.00174532516309
11.0 0.00125043167094
11.5 0.000660734849291
12.0 0.000142387069785
12.5 -0.00034728351509
13.0 -0.000854849630427
13.5 -0.00137235680619
14.0 -0.00188648128021
14.5 -0.00239308747688
15.0 -0.00290148162406
15.5 -0.00344182441064
16.0 -0.00396625868873
16.5 -0.00447109545653
17.0 -0.00500500023984
17.5 -0.00556719346188
18.0 -0.00611080373259
18.5 -0.00667256822258
19.0 -0.00721479071048
19.5 -0.00776512595271
20.0 -0.00834329706811
20.5 -0.00892305654227
21.0 -0.00949762732652
21.5 -0.0100584828641
22.0 -0.0106359486296
22.5 -0.0112154655784
23.0 -0.0118357374794
23.5 -0.0124339753838
24.0 -0.0130328990489
24.5 -0.0136530279892
25.0 -0.0142702048801
25.5 -0.014888034377
26.0 -0.0154960669567
26.5 -0.0161038358604
27.0 -0.0167318645359
27.5 -0.0173608443235
28.0 -0.017968236491
28.5 -0.0186039514499
29.0 -0.0192505790398
29.5 -0.0198725806353
30.0 -0.0204883854826
30.5 -0.0211114148483
31.0 -0.02173961765
31.5 -0.0223453263512
32.0 -0.0229431521073
32.5 -0.023545930728
33.0 -0.0241419151421
33.5 -0.024748132441
34.0 -0.0253250024532
34.5 -0.0259231854322
35.0 -0.0265142359288
35.5 -0.0270630073741
36.0 -0.0276141616513
36.5 -0.0281452954831
37.0 -0.0286584271832
37.5 -0.029176281657
38.0 -0.0296871307129
38.5 -0.0301706875321
39.0 -0.0306599089369
39.5 -0.0311312080463
40.0 -0.0315731103439
40.5 -0.0320027136974
41.0 -0.0324258255659
41.5 -0.0328464067432
42.0 -0.0332155487835
42.5 -0.0335643378874
43.0 -0.0339126953611
43.5 -0.034218967977
44.0 -0.0345223892608
44.5 -0.0348384546639
45.0 -0.035085359172
45.5 -0.035344003466
46.0 -0.0355752074377
46.5 -0.0357751885822
47.0 -0.0359520958766
47.5 -0.0361140847772
48.0 -0.0362931902542
48.5 -0.0364180108417
49.0 -0.0365090715169
49.5 -0.0366260743075
50.0 -0.0366672157228
50.5 -0.036720366593
51.0 -0.0367463220632
51.5 -0.0367415330017
52.0 -0.0367431214754
52.5 -0.0367097367523
53.0 -0.0366859233625
53.5 -0.0366210566618
54.0 -0.0365258544384
54.5 -0.0364400993054
55.0 -0.0363126374374
55.5 -0.0361618616113
56.0 -0.0359948615177
56.5 -0.0358399768365
57.0 -0.0356504855916
57.5 -0.0354360298579
58.0 -0.035245767843
58.5 -0.0350202147853
59.0 -0.0347499217813
59.5 -0.0345229141027
60.0 -0.0342486424355
60.5 -0.0339448475333
61.0 -0.0336627935555
61.5 -0.0333243714671
62.0 -0.0329969811459
62.5 -0.0326539687774
63.0 -0.0323080882025
63.5 -0.0319788805106
64.0 -0.0316284977192
64.5 -0.0312762336683
65.0 -0.0308548461558
65.5 -0.0304791184192
66.0 -0.0300909682937
66.5 -0.0296719967283
67.0 -0.0292388474817
67.5 -0.0288683432432
68.0 -0.028427814588
68.5 -0.0279788908921
69.0 -0.0275771476531
69.5 -0.027169928085
70.0 -0.0267388026383
70.5 -0.0262862171622
71.0 -0.0257856205957
71.5 -0.0253383367033
72.0 -0.0249058732807
72.5 -0.0244392812812
73.0 -0.0240084210599
73.5 -0.0235940687698
74.0 -0.0231605669597
74.5 -0.0227325360412
75.0 -0.0222292152299
75.5 -0.0218014608397
76.0 -0.0213463311596
76.5 -0.0209001792054
77.0 -0.0204342482264
77.5 -0.0199892348682
78.0 -0.0195886845267
78.5 -0.0191220180287
79.0 -0.0187219679862
79.5 -0.018323679311
80.0 -0.0178506513754
80.5 -0.0174515969694
81.0 -0.0170108753769
81.5 -0.0166476089762
82.0 -0.0161884682812
82.5 -0.0157532716459
83.0 -0.0154116368727
83.5 -0.015033665559
84.0 -0.014673618446
84.5 -0.0142854684661
85.0 -0.0139030835547
85.5 -0.0135562910768
86.0 -0.0131841709774
86.5 -0.0128503577554
87.0 -0.012492982431
87.5 -0.0121231848042
88.0 -0.0118360453517
88.5 -0.0115300547421
89.0 -0.0112226920961
89.5 -0.0108614656425
90.0 -0.0105451687525
90.5 -0.0102805779145
91.0 -0.00997839969267
91.5 -0.0097083586248
92.0 -0.00945160180907
92.5 -0.00915748433005
93.0 -0.00891412572133
93.5 -0.00870583158418
94.0 -0.00838045777867
94.5 -0.00817277447537
95.0 -0.00799515125386
95.5 -0.00784872822542
96.0 -0.00755632782453
96.5 -0.0073129042013
97.0 -0.00718221943521
97.5 -0.0070234556892
98.0 -0.00684760582484
98.5 -0.00673193475461
99.0 -0.00658620425688
99.5 -0.00634839786559
100.0 -0.00615382110949
100.5 -0.0059585315325
101.0 -0.00574107492296
101.5 -0.00571613435898
102.0 -0.00572416506942
102.5 -0.00562401677989
103.0 -0.00542204718818
103.5 -0.00531408408902
104.0 -0.00517323740706
104.5 -0.00499054200651
105.0 -0.00504902611425
105.5 -0.00507422590417
106.0 -0.00497242775832
106.5 -0.00493386314916
107.0 -0.00489341218863
107.5 -0.00472629042098
108.0 -0.00474864477674
108.5 -0.00496648797253
109.0 -0.00501573262289
109.5 -0.00492166770654
110.0 -0.00498435000018
110.5 -0.00500674125895
111.0 -0.00511610596077
111.5 -0.00524017378243
112.0 -0.00524848620189
112.5 -0.00538192755727
113.0 -0.00552827139099
113.5 -0.00571165599618
114.0 -0.00523221595856
114.5 -0.0054291989064
115.0 -0.00544296703086
115.5 -0.00523471298118
116.0 -0.00564089619149
116.5 -0.00539653807861
117.0 -0.00445066728771
117.5 -0.00545749577793
118.0 -0.00455814162245
118.5 -0.00172039254146
119.0 0.00208229636316
119.5 0.00704904673235
120.0 0.00379728548651
120.5 0.000623574328841
121.0 -0.00209437901013
121.5 -0.00355777055375
122.0 -0.00643596240023
122.5 -0.00693419193759
123.0 -0.00538407896431
123.5 -0.00593558670835
124.0 -0.00584884466402
124.5 -0.006299044703
125.0 -0.00591918879564
125.5 -0.00527159469708
126.0 -0.0048459907316
126.5 -0.00562650740098
127.0 -0.00539328760085
127.5 -0.004588391254
128.0 -0.0045077316194
128.5 -0.00473760032712
129.0 -0.00397733951895
129.5 -0.00349383039779
130.0 -0.00389115202222
130.5 -0.00338019965611
131.0 -0.00310912067653
131.5 -0.00257326925858
132.0 -0.00264583801636
132.5 -0.00248592832875
133.0 -0.00211076225783
133.5 -0.0018368088997
134.0 -0.00162898389138
134.5 -0.00166203705433
135.0 -0.00128192688208
135.5 -0.00118556344703
136.0 -0.00138207477337
136.5 -0.00107264667649
137.0 -0.000906415820623
137.5 -0.000837259853508
138.0 -0.00040510793858
138.5 -0.000289086723399
139.0 -0.000547549578624
139.5 -0.00033467265774
140.0 -8.72337081859e-05
140.5 -0.000100493415271
141.0 4.65617594969e-05
141.5 0.000187220648467
142.0 0.000327108975736
142.5 0.000312240155065
143.0 0.00038295961517
143.5 0.00043260628552
144.0 0.000437093438851
144.5 0.000479795991961
145.0 0.000607080683745
145.5 0.000810890240515
146.0 0.00119263894214
146.5 0.000888102957204
147.0 0.00093376508674
147.5 0.00114550055146
148.0 0.00117267992677
148.5 0.00108652751196
149.0 0.0011020636911
149.5 0.00132550826503
150.0 0.00153783273153
150.5 0.00187727462212
151.0 0.00163564165642
151.5 0.00164089593424
152.0 0.00167290807415
152.5 0.00167078199673
153.0 0.00176559160357
153.5 0.00191559466438
154.0 0.00193063243012
154.5 0.00176860338265
155.0 0.00195507741126
155.5 0.00218783945293
156.0 0.00254125377211
156.5 0.00232852272242
157.0 0.00230336506068
157.5 0.00230717407767
158.0 0.00229658931294
158.5 0.00254039533847
159.0 0.00281972833325
159.5 0.00281990507697
160.0 0.00278371096207
160.5 0.00270887522998
161.0 0.00281058163765
161.5 0.00292969466009
162.0 0.00314306605112
162.5 0.003059798096
163.0 0.0031462516535
163.5 0.00340693088988
164.0 0.00345891370398
164.5 0.00340060529027
165.0 0.00348053358422
165.5 0.00359757681773
166.0 0.00371145980354
166.5 0.00391032337965
167.0 0.00407147890529
167.5 0.0039930013107
168.0 0.00406826064705
168.5 0.00431202524793
169.0 0.00442667114606
169.5 0.00458792327431
170.0 0.00472434410538
170.5 0.00475410983405
171.0 0.00501224450939
171.5 0.00477982439463
172.0 0.00518997987146
172.5 0.00582327945222
173.0 0.00614915800332
173.5 0.00646087810874
174.0 0.00680451147288
174.5 0.00709518730966
175.0 0.00726395395625
175.5 0.00588908604573
176.0 0.0067612787218
176.5 0.00716169609409
177.0 0.00719911195765
177.5 0.00795099881246
178.0 0.00634092684562
178.5 0.00449303109308
179.0 8.62809174151e-05
179.5 -0.000238279559653
180.0 0.000498841713167
180.5 -0.00172063070279
181.0 -0.000137012360312
181.5 0.00109419126295
182.0 0.000629031354151
182.5 0.00264743830243
183.0 0.00198437422334
183.5 0.00259500405997
184.0 0.0027069943624
184.5 0.00288201372702
185.0 0.00295274760197
185.5 0.00267526384793
186.0 0.00348538599957
186.5 0.00326130977736
187.0 0.00310008995037
187.5 0.00285403676945
188.0 0.00247753128488
188.5 0.00236392499026
189.0 0.00220596306792
189.5 0.00183074030538
190.0 0.00153653081996
190.5 0.00129228451149
191.0 0.00104022344271
191.5 0.000693441499763
192.0 0.000426065195114
192.5 0.000191185709511
193.0 -0.00044658978895
193.5 -0.000886991267805
194.0 -0.00148642544337
194.5 -0.00212317498658
195.0 -0.00289557772344
195.5 -0.00424899719218
196.0 -0.00525775728489
196.5 -0.00647014038465
197.0 -0.00795593949701
197.5 -0.00903652849594
198.0 -0.0120641621964
198.5 -0.0172449487215
199.0 -0.0277038653203
199.5 -0.0444184259203
