0.0 0.00220895968267
0.5 0.0251164934237
1.0 0.0268894740923
1.5 0.0212536296349
2.0 0.0178753261203
2.5 0.0151088231496
3.0 0.0134781873345
3.5 0.0120127343059
4.0 0.0104176136867
4.5 0.00957029795806
5.0 0.00853185092088
5.5 0.0076977815624
6.0 0.00689548305253
6.5 0.00618075834755
7.0 0.0055782852885
7.5 0.00493013914712
8.0 0.004363505186
8.5 0.00379649216519
9.0 0.00329925410957
9.5 0.00282106113741
10.0 0.00217890769912
10.5 0.00173529432999
11.0 0.0012704721464
11.5 0.000796295703456
12.0 0.000328304996385
12.5 -0.000147495013126
13.0 -0.00061616418169
13.5 -0.00109626141762
14.0 -0.00156452475779
14.5 -0.00200018134575
15.0 -0.00251511410264
15.5 -0.00299338797683
16.0 -0.00345365643043
16.5 -0.00391992798415
17.0 -0.00439695181801
17.5 -0.00490055411961
18.0 -0.00538304749735
18.5 -0.00589290998581
19.0 -0.00641439403406
19.5 -0.00692163377535
20.0 -0.00743640169603
20.5 -0.00795899995202
21.0 -0.00846236208137
21.5 -0.00898178239515
22.0 -0.00951477620926
22.5 -0.010048554379
23.0 -0.0106018210251
23.5 -0.0111571517857
24.0 -0.0117189418863
24.5 -0.0122983590206
25.0 -0.0128738465596
25.5 -0.0134524791416
26.0 -0.0140254885605
26.5 -0.0146062924871
27.0 -0.0152068625916
27.5 -0.0157812819013
28.0 -0.0163780174569
28.5 -0.0169999370291
29.0 -0.0175947569747
29.5 -0.0182246057695
30.0 -0.0188224404834
30.5 -0.0194266243432
31.0 -0.0200438376685
31.5 -0.0206536571375
32.0 -0.021270460347
32.5 -0.0218720579275
33.0 -0.0224876880247
33.5 -0.0231172678113
34.0 -0.0237073513023
34.5 -0.0243287796897
35.0 -0.0249445093183
35.5 -0.0255300099662
36.0 -0.0261166354353
36.5 -0.0266943042124
37.0 -0.0272753998318
37.5 -0.027853450224
38.0 -0.0284109062043
38.5 -0.0289750690286
39.0 -0.0295038600407
39.5 -0.0300271059885
40.0 -0.030554138565
40.5 -0.031053307983
41.0 -0.0315401578001
41.5 -0.0320134226521
42.0 -0.0324759698774
42.5 -0.0329252513716
43.0 -0.0333486526523
43.5 -0.0337477396726
44.0 -0.034139243069
44.5 -0.0345093727146
45.0 -0.0348400874758
45.5 -0.0351859535764
46.0 -0.0354861171685
46.5 -0.0357673002661
47.0 -0.0360408342078
47.5 -0.0362687850851
48.0 -0.0364830317205
48.5 -0.036667635462
49.0 -0.0368387958452
49.5 -0.0369860020564
50.0 -0.0370639231503
50.5 -0.0371715620872
51.0 -0.0372628369102
51.5 -0.0372967879971
52.0 -0.037324154042
52.5 -0.0373037326839
53.0 -0.0372811249257
53.5 -0.037221931662
54.0 -0.0371257248438
54.5 -0.0370414010931
55.0 -0.0369033134868
55.5 -0.0367560207188
56.0 -0.0366015259569
56.5 -0.0363819407949
57.0 -0.0361648331597
57.5 -0.0359307141213
58.0 -0.0356791102373
58.5 -0.0354150554138
59.0 -0.0351202229285
59.5 -0.0348095989744
60.0 -0.0344780867205
60.5 -0.0341058171404
61.0 -0.0337260402982
61.5 -0.0333441635306
62.0 -0.0329342055755
62.5 -0.0325317190124
63.0 -0.0321406550168
63.5 -0.0317197293893
64.0 -0.0312770168905
64.5 -0.0308365046137
65.0 -0.0303769657256
65.5 -0.0299255933858
66.0 -0.0293943847338
66.5 -0.028909102143
67.0 -0.0284342268907
67.5 -0.027958372342
68.0 -0.027478887654
68.5 -0.0269966373861
69.0 -0.0264756425082
69.5 -0.0260004229502
70.0 -0.0255080839998
70.5 -0.0250099342266
71.0 -0.0245065162501
71.5 -0.0240113917328
72.0 -0.0234623390388
72.5 -0.0229450362471
73.0 -0.0225045969841
73.5 -0.0220068576764
74.0 -0.0215384905573
74.5 -0.021044850896
75.0 -0.0205358874614
75.5 -0.0200551043548
76.0 -0.0195807286881
76.5 -0.019111431123
77.0 -0.0186231135505
77.5 -0.0181666417193
78.0 -0.017713982647
78.5 -0.017215711239
79.0 -0.0168079542628
79.5 -0.0163761066017
80.0 -0.0159389184619
80.5 -0.0155243467467
81.0 -0.0150846346003
81.5 -0.0146885329612
82.0 -0.0142683408018
82.5 -0.01388746802
83.0 -0.013497787079
83.5 -0.0130728877739
84.0 -0.0127102831352
84.5 -0.0123952623898
85.0 -0.0120342142066
85.5 -0.0117134758517
86.0 -0.0113547744046
86.5 -0.0110363852089
87.0 -0.0107145595244
87.5 -0.0103781456449
88.0 -0.0100645419888
88.5 -0.0096854950265
89.0 -0.00940067459854
89.5 -0.00919117205184
90.0 -0.00888348133214
90.5 -0.0086819168917
91.0 -0.00835369566372
91.5 -0.00806380046279
92.0 -0.00781846576105
92.5 -0.00757832659009
93.0 -0.00736993588256
93.5 -0.00718431738104
94.0 -0.00695049630174
94.5 -0.0067236721967
95.0 -0.00656461954607
95.5 -0.00647111085263
96.0 -0.00629676444795
96.5 -0.00606827798832
97.0 -0.00590665484949
97.5 -0.00574871357294
98.0 -0.00556681465732
98.5 -0.00538843178024
99.0 -0.00522046294939
99.5 -0.00508442115905
100.0 -0.0049466893658
100.5 -0.00480953077704
101.0 -0.00471794686229
101.5 -0.00463545423156
102.0 -0.00447393335521
102.5 -0.00429995696206
103.0 -0.00419036835326
103.5 -0.00426871095256
104.0 -0.00427486262829
104.5 -0.00424373545751
105.0 -0.00424523315852
105.5 -0.00390564637561
106.0 -0.00392842649988
106.5 -0.0040590039459
107.0 -0.0040677890031
107.5 -0.00409909682131
108.0 -0.00418399785536
108.5 -0.00427914263285
109.0 -0.00435156592435
109.5 -0.00426973015696
110.0 -0.00387112364535
110.5 -0.00413082845886
111.0 -0.00436504862517
111.5 -0.00476183723679
112.0 -0.00472299295785
112.5 -0.00481814867955
113.0 -0.00467099853191
113.5 -0.00462814525686
114.0 -0.00479544887158
114.5 -0.00490314065858
115.0 -0.00491541186757
115.5 -0.00367863395304
116.0 -0.00403095171457
116.5 -0.00414851002066
117.0 -0.00406795551112
117.5 -0.00477232229149
118.0 -0.00212036207398
118.5 -0.000576842142209
119.0 0.00132838025385
119.5 0.00917737999788
120.0 0.00882696657709
120.5 0.00268311964426
121.0 -0.00197258032817
121.5 -0.00530791634392
122.0 -0.00802967587842
122.5 -0.00827772871538
123.0 -0.00666304181429
123.5 -0.00675129197339
124.0 -0.0060420875232
124.5 -0.00536856844312
125.0 -0.00470948038266
125.5 -0.0057672423582
126.0 -0.00519777762391
126.5 -0.00471704112073
127.0 -0.0053530687421
127.5 -0.0051478442812
128.0 -0.00438781753945
128.5 -0.00406865933994
129.0 -0.00383317014067
129.5 -0.0038942245715
130.0 -0.00376005662641
130.5 -0.00318852095995
131.0 -0.00298811918933
131.5 -0.00256638718085
132.0 -0.00228873501722
132.5 -0.00226491815872
133.0 -0.00205639045122
133.5 -0.00185277479453
134.0 -0.00192895503493
134.5 -0.00163771691209
135.0 -0.00140391382809
135.5 -0.00101809759904
136.0 -0.00121059137257
136.5 -0.0010514925159
137.0 -0.000671895817639
137.5 -0.0007173020376
138.0 -0.000513340651047
138.5 -0.000425492140661
139.0 -0.000590437603236
139.5 -0.00037520935215
140.0 -0.000221149355323
140.5 0.000126725078552
141.0 3.65129688724e-05
141.5 0.000114366972774
142.0 0.000207733086224
142.5 0.000149641600348
143.0 0.00026434201158
143.5 0.00039134080491
144.0 0.000443126322414
144.5 0.000643465827823
145.0 0.000585255336851
145.5 0.000781459196959
146.0 0.0010308175845
146.5 0.000893113803362
147.0 0.000902233676448
147.5 0.000967231840804
148.0 0.000885907946479
148.5 0.000994509713973
149.0 0.00133811150881
149.5 0.00137900692479
150.0 0.00152778628295
150.5 0.00147137431466
151.0 0.00179820845976
151.5 0.00161309512539
152.0 0.0016341572408
152.5 0.0017405722046
153.0 0.00175397582604
153.5 0.00173367810526
154.0 0.00180892972732
154.5 0.00185338539864
155.0 0.00186505653279
155.5 0.00181263586884
156.0 0.00200439040395
156.5 0.00212769545644
157.0 0.00223507363632
157.5 0.00228697351632
158.0 0.00236536494471
158.5 0.00247582187185
159.0 0.00247724059626
159.5 0.0026419250252
160.0 0.00282086922057
160.5 0.00300925491566
161.0 0.00275388975322
161.5 0.00305202914784
162.0 0.00289693525468
162.5 0.0030252401127
163.0 0.00327469464575
163.5 0.00337484169964
164.0 0.00327737311693
164.5 0.00310067405763
165.0 0.00345144869942
165.5 0.0035024758225
166.0 0.00355793790291
166.5 0.00394071896735
167.0 0.00387418249985
167.5 0.00383129866916
168.0 0.00429971506858
168.5 0.00474573783611
169.0 0.00469628007151
169.5 0.00473104287555
170.0 0.00457432199551
170.5 0.00494997374174
171.0 0.00517776380467
171.5 0.00514904217121
172.0 0.00538036825083
172.5 0.0054566907942
173.0 0.00586730216388
173.5 0.00639931830577
174.0 0.0066052947105
174.5 0.00665228503102
175.0 0.00666078542342
175.5 0.00507150653341
176.0 0.00575455981742
176.5 0.00641317543452
177.0 0.00729189864809
177.5 0.00758034114584
178.0 0.00753998439323
178.5 0.00504726815781
179.0 -0.00287650420708
179.5 -0.00578605377933
180.0 -0.00437313818493
180.5 -0.0038664885473
181.0 -0.000592389694702
181.5 0.00102374116192
182.0 0.00172694074652
182.5 0.00243503465381
183.0 0.00306942862646
183.5 0.00309261305911
184.0 0.00281050121255
184.5 0.00271230006398
185.0 0.00262202626271
185.5 0.00219804366274
186.0 0.0029026181282
186.5 0.00259036126539
187.0 0.00220901171879
187.5 0.00187429972947
188.0 0.00174215796169
188.5 0.00166124108898
189.0 0.00126178537306
189.5 0.00093252014365
190.0 0.000629070419919
190.5 0.000206679048276
191.0 -4.20252977165e-05
191.5 -0.00044617904274
192.0 -0.000979779542462
192.5 -0.00137306129643
193.0 -0.0019701420896
193.5 -0.00261970812049
194.0 -0.00338719583486
194.5 -0.00420670383249
195.0 -0.00518147034174
195.5 -0.00678855715118
196.0 -0.00812296922668
196.5 -0.00978685645097
197.0 -0.0119103085199
197.5 -0.0135280357073
198.0 -0.0194252662117
198.5 -0.0262443556274
199.0 -0.0418979967467
199.5 -0.064535274058
