0.0 0.00245451372684
0.5 0.0252773859731
1.0 0.0269634779828
1.5 0.0213063054892
2.0 0.0178519051216
2.5 0.0151068274111
3.0 0.0135997319137
3.5 0.0121377555444
4.0 0.0105349486088
4.5 0.00969295473401
5.0 0.00866998982826
5.5 0.007866829483
6.0 0.00704794236335
6.5 0.00631074476966
7.0 0.00576311292048
7.5 0.0050957175979
8.0 0.00445528101714
8.5 0.00398123573328
9.0 0.00349670428635
9.5 0.00300082591622
10.0 0.0025216727244
10.5 0.00196144417926
11.0 0.00147734227086
11.5 0.00100317151951
12.0 0.000566952588663
12.5 0.000106691946767
13.0 -0.000357230897951
13.5 -0.000826441124914
14.0 -0.00127470230637
14.5 -0.00178851958281
15.0 -0.00221701942655
15.5 -0.00269169381058
16.0 -0.00315269609679
16.5 -0.00358972539435
17.0 -0.00405107058769
17.5 -0.00452542473994
18.0 -0.00502039175989
18.5 -0.00553650038252
19.0 -0.00601444713926
19.5 -0.00650366801033
20.0 -0.00701938229245
20.5 -0.00753688313996
21.0 -0.0080517714821
21.5 -0.00855569035739
22.0 -0.00907973652115
22.5 -0.00961356941998
23.0 -0.0101411612182
23.5 -0.010694863334
24.0 -0.0112596395158
24.5 -0.0118214285081
25.0 -0.0123780403577
25.5 -0.0129431605561
26.0 -0.0135047685701
26.5 -0.0140707726321
27.0 -0.0146601885476
27.5 -0.0152533559836
28.0 -0.0158257136169
28.5 -0.0164237281436
29.0 -0.0170399667907
29.5 -0.0176443800253
30.0 -0.018243058892
30.5 -0.0188537652159
31.0 -0.0194670095536
31.5 -0.0200684932971
32.0 -0.0206791966461
32.5 -0.0212971635638
33.0 -0.0219183690917
33.5 -0.0225119023882
34.0 -0.0231346800581
34.5 -0.0237742589106
35.0 -0.0243797096414
35.5 -0.0249775218446
36.0 -0.0255694309023
36.5 -0.0261625740859
37.0 -0.0267568849197
37.5 -0.0273480974519
38.0 -0.0279302056925
38.5 -0.0284987066393
39.0 -0.0290562293757
39.5 -0.0296150053104
40.0 -0.0301555228432
40.5 -0.0306752524168
41.0 -0.0311909176991
41.5 -0.0317061237144
42.0 -0.032194586379
42.5 -0.0326599968868
43.0 -0.0331138392826
43.5 -0.0335523763808
44.0 -0.0339772335502
44.5 -0.0343745474072
45.0 -0.0347414381553
45.5 -0.0351055922424
46.0 -0.0354627289446
46.5 -0.0357873184058
47.0 -0.0361019662425
47.5 -0.0363767180681
48.0 -0.036639577216
48.5 -0.0368681671956
49.0 -0.0370705087685
49.5 -0.0372576222018
50.0 -0.0374054987805
50.5 -0.0375593872813
51.0 -0.0376538685653
51.5 -0.0377515253115
52.0 -0.0378145322397
52.5 -0.0378326015215
53.0 -0.0378523753929
53.5 -0.0378388016999
54.0 -0.0377986814362
54.5 -0.0377246658859
55.0 -0.0376198170016
55.5 -0.0374848534377
56.0 -0.0373422777916
56.5 -0.0371913840586
57.0 -0.0369976437364
57.5 -0.0367699993512
58.0 -0.036550524684
58.5 -0.0363109797714
59.0 -0.0360374433121
59.5 -0.0357569712822
60.0 -0.0354389669905
60.5 -0.0351008027923
61.0 -0.034748008808
61.5 -0.0343732633528
62.0 -0.0339777653503
62.5 -0.0335994965912
63.0 -0.0332010346271
63.5 -0.0327849124142
64.0 -0.0323686926333
64.5 -0.0319426630326
65.0 -0.0314386646664
65.5 -0.0309842049012
66.0 -0.0304804352797
66.5 -0.0299910039283
67.0 -0.0295092177154
67.5 -0.0290537710951
68.0 -0.0285481389669
68.5 -0.0280417682326
69.0 -0.0275532079645
69.5 -0.027050089168
70.0 -0.0265367599946
70.5 -0.0260317411931
71.0 -0.0254578954236
71.5 -0.0249229581529
72.0 -0.024389895819
72.5 -0.0238811087299
73.0 -0.0234150118831
73.5 -0.0228972455912
74.0 -0.0224130436908
74.5 -0.0219035177682
75.0 -0.021377710947
75.5 -0.0208820809509
76.0 -0.0203873449961
76.5 -0.0198916404576
77.0 -0.0193805433975
77.5 -0.0189060271253
78.0 -0.0184382666715
78.5 -0.017927401883
79.0 -0.0175117295428
79.5 -0.0170874377483
80.0 -0.016630067171
80.5 -0.0162004758133
81.0 -0.0157392212801
81.5 -0.0153037416807
82.0 -0.0148627742246
82.5 -0.0144675193177
83.0 -0.0140775363277
83.5 -0.0136163941257
84.0 -0.0132665008685
84.5 -0.0129732771208
85.0 -0.0124887400689
85.5 -0.0121499441263
86.0 -0.0118078332047
86.5 -0.0114874685873
87.0 -0.011182859301
87.5 -0.0108175697864
88.0 -0.0104589581677
88.5 -0.0101335165818
89.0 -0.00984724809752
89.5 -0.00954058919744
90.0 -0.00922198321423
90.5 -0.00898308550717
91.0 -0.00873217690474
91.5 -0.00846197239387
92.0 -0.0082034765275
92.5 -0.00793398434201
93.0 -0.00769608489303
93.5 -0.00748819872987
94.0 -0.00721145355724
94.5 -0.00700085489568
95.0 -0.00682092384571
95.5 -0.00668602488314
96.0 -0.0065173219301
96.5 -0.00632902828612
97.0 -0.00625210474209
97.5 -0.00607510355923
98.0 -0.00583007079971
98.5 -0.00563793537913
99.0 -0.00542327376611
99.5 -0.00533257946976
100.0 -0.00528538878334
100.5 -0.00517074070667
101.0 -0.00499909592994
101.5 -0.00486145564997
102.0 -0.00473460569626
102.5 -0.00463589288523
103.0 -0.0045466973698
103.5 -0.004582671891
104.0 -0.00456148517515
104.5 -0.00455392305766
105.0 -0.00456944371386
105.5 -0.00440846391639
106.0 -0.00413774769854
106.5 -0.00438542652398
107.0 -0.00444883172127
107.5 -0.00443815070043
108.0 -0.00434147421976
108.5 -0.00434447005762
109.0 -0.00462910176142
109.5 -0.0046207083634
110.0 -0.00457397159158
110.5 -0.00460918881944
111.0 -0.00457297550488
111.5 -0.00489995501685
112.0 -0.00496482476218
112.5 -0.00478107692187
113.0 -0.00481896588687
113.5 -0.00531737666415
114.0 -0.00514308668521
114.5 -0.00510903064522
115.0 -0.00494198563746
115.5 -0.00453752626116
116.0 -0.00464613116606
116.5 -0.00466940873872
117.0 -0.00471183543202
117.5 -0.0063705356938
118.0 -0.00443029527915
118.5 -0.00328555950946
119.0 -0.000111966106815
119.5 0.00525971741155
120.0 0.00339272908282
120.5 0.00279591520147
121.0 0.000889362386161
121.5 -0.00280776118444
122.0 -0.00547984774211
122.5 -0.00620458624716
123.0 -0.00557093101048
123.5 -0.00506409027206
124.0 -0.00480386080396
124.5 -0.00439633944318
125.0 -0.0038937705653
125.5 -0.00491731130136
126.0 -0.00443570056801
126.5 -0.00423744664612
127.0 -0.00377421426278
127.5 -0.00397151699953
128.0 -0.00406077033465
128.5 -0.00362305623359
129.0 -0.00311233623036
129.5 -0.002687475509
130.0 -0.00199214624482
130.5 -0.00273096331416
131.0 -0.00277170423804
131.5 -0.00215408952367
132.0 -0.00177451687706
132.5 -0.00145587592244
133.0 -0.0013610250757
133.5 -0.00147568526848
134.0 -0.00102539215756
134.5 -0.000699789553366
135.0 -0.00096578619236
135.5 -0.000728006496495
136.0 -0.000676725284983
136.5 -0.000627869944662
137.0 -0.000394046547218
137.5 -0.000302320518145
138.0 -0.000217233146973
138.5 -0.000324558423376
139.0 -0.000157069907157
139.5 2.33159923724e-05
140.0 0.000170688587573
140.5 0.000302920931194
141.0 0.000531237808374
141.5 0.000796584159339
142.0 0.00067801950625
142.5 0.000537300720598
143.0 0.000593946561125
143.5 0.000637838428077
144.0 0.000824856192791
144.5 0.00112921311879
145.0 0.000959518684193
145.5 0.000926116320016
146.0 0.000977532481148
146.5 0.00136024415924
147.0 0.00125354923215
147.5 0.00130244232363
148.0 0.00138925087669
148.5 0.00134677997959
149.0 0.00135227608798
149.5 0.00149579228088
150.0 0.00140949730703
150.5 0.00132487797477
151.0 0.00190527379935
151.5 0.00179766089394
152.0 0.00170082912281
152.5 0.00173335162739
153.0 0.00189622864383
153.5 0.0021195754378
154.0 0.00229649049209
154.5 0.00225552899655
155.0 0.00212731220343
155.5 0.00224572499917
156.0 0.00223870255549
156.5 0.00203037502509
157.0 0.00232474690841
157.5 0.00241668027395
158.0 0.00226382495831
158.5 0.00237024913556
159.0 0.00257835339542
159.5 0.00258558633691
160.0 0.00283672117875
160.5 0.00287869675265
161.0 0.00271311279672
161.5 0.00297819961613
162.0 0.00318436961821
162.5 0.00306109896299
163.0 0.00303439650855
163.5 0.00315714681762
164.0 0.0032092431406
164.5 0.00334757081101
165.0 0.00356359467735
165.5 0.00355624213594
166.0 0.00347865493386
166.5 0.00413901631101
167.0 0.00380192845353
167.5 0.00379154253506
168.0 0.00427363243718
168.5 0.00473167470155
169.0 0.00487908176606
169.5 0.00490718968378
170.0 0.00452548626294
170.5 0.00503144455091
171.0 0.00537112436878
171.5 0.00511396375296
172.0 0.00523601460442
172.5 0.00558575081189
173.0 0.00581708525746
173.5 0.00624994084349
174.0 0.00664104246995
174.5 0.0066476313379
175.0 0.00592754561383
175.5 0.00572900824923
176.0 0.00569400227315
176.5 0.00576585695293
177.0 0.00617977937948
177.5 0.00658697607655
178.0 0.00449082563995
178.5 0.00265397642011
179.0 -0.000388847353477
179.5 -0.00351238836257
180.0 -0.00447215861855
180.5 -0.00474754952408
181.0 -0.00099458775172
181.5 0.00117528611031
182.0 0.00240766621104
182.5 0.00378913816205
183.0 0.00326675639153
183.5 0.00340748466579
184.0 0.00313651305713
184.5 0.00301623768395
185.0 0.0029828458226
185.5 0.00266368755568
186.0 0.00265692798214
186.5 0.00240034563474
187.0 0.00255775087491
187.5 0.00233775463796
188.0 0.0018414692296
188.5 0.00177502519345
189.0 0.00153442248029
189.5 0.00117979575701
190.0 0.000922127465088
190.5 0.000373573736624
191.0 3.97054223242e-05
191.5 -0.000320922483624
192.0 -0.000741759153229
192.5 -0.00109006829294
193.0 -0.00184637350195
193.5 -0.00243113435246
194.0 -0.00317613735591
194.5 -0.00401024593086
195.0 -0.00490623801832
195.5 -0.00651267875266
196.0 -0.00751910592554
196.5 -0.0100249180128
197.0 -0.0123943907435
197.5 -0.0144402519705
198.0 -0.019712659416
198.5 -0.0273329949382
199.0 -0.0425066900814
199.5 -0.0680882416961
