0.0 0.00143727077078
0.5 0.0260374002597
1.0 0.029389477615
1.5 0.0234906540599
2.0 0.0198424666553
2.5 0.0168490495218
3.0 0.0151384348126
3.5 0.0136692433374
4.0 0.0123087654141
4.5 0.0111119498696
5.0 0.00997000603094
5.5 0.00908495653102
6.0 0.00823749566403
6.5 0.00747067267417
7.0 0.00681770776752
7.5 0.00612319872307
8.0 0.0055064486493
8.5 0.00479812449159
9.0 0.00429616741924
9.5 0.00373075968198
10.0 0.00314634374618
10.5 0.00262428359761
11.0 0.00208342077678
11.5 0.0015367291142
12.0 0.00102254268318
12.5 0.000503183460729
13.0 -2.92368184347e-05
13.5 -0.000622815800373
14.0 -0.00112578039547
14.5 -0.0016360689876
15.0 -0.00215780085479
15.5 -0.00269625617487
16.0 -0.00325426895911
16.5 -0.00380509432589
17.0 -0.00431803483588
17.5 -0.00485195219754
18.0 -0.00542858129794
18.5 -0.00600425558313
19.0 -0.00655410732781
19.5 -0.00713357123704
20.0 -0.00771295595082
20.5 -0.00829831456633
21.0 -0.00886734014757
21.5 -0.00945606824218
22.0 -0.0100602246539
22.5 -0.0106361227416
23.0 -0.011263778635
23.5 -0.0118765601493
24.0 -0.0124968374774
24.5 -0.0131319935875
25.0 -0.013749664194
25.5 -0.0143783233637
26.0 -0.01501055525
26.5 -0.0156363357655
27.0 -0.0162753777068
27.5 -0.0169169370608
28.0 -0.0175371305693
28.5 -0.0181844684491
29.0 -0.0188439789833
29.5 -0.0194881135483
30.0 -0.0201250555849
30.5 -0.0207657612018
31.0 -0.0214009517212
31.5 -0.0220212348732
32.0 -0.0226486711797
32.5 -0.0232764082205
33.0 -0.0238988526513
33.5 -0.024516764038
34.0 -0.0251114980557
34.5 -0.0257315460174
35.0 -0.0263284797215
35.5 -0.0269083936958
36.0 -0.0274968623182
36.5 -0.0280687478555
37.0 -0.0286122132207
37.5 -0.0291515371262
38.0 -0.0296900333164
38.5 -0.0302194383667
39.0 -0.0307129788472
39.5 -0.0312132440617
40.0 -0.0316965285454
40.5 -0.0321810261369
41.0 -0.0326107154527
41.5 -0.0330444522326
42.0 -0.0334740508643
42.5 -0.0338753046749
43.0 -0.0342454141139
43.5 -0.0346038243504
44.0 -0.0349693869595
44.5 -0.0353142085224
45.0 -0.0356051701145
45.5 -0.0359084321198
46.0 -0.0361738187575
46.5 -0.0364218060727
47.0 -0.0366644416834
47.5 -0.0368872627615
48.0 -0.0371090002075
48.5 -0.0372854116217
49.0 -0.0374418140804
49.5 -0.0375978964759
50.0 -0.0376797405068
50.5 -0.037779168329
51.0 -0.037871619641
51.5 -0.0379180368961
52.0 -0.0379677062547
52.5 -0.0379805687923
53.0 -0.037981649132
53.5 -0.0379698561513
54.0 -0.0379396768909
54.5 -0.0378838997061
55.0 -0.0377960140346
55.5 -0.0377067149729
56.0 -0.0375749112508
56.5 -0.0374571619352
57.0 -0.0373083747133
57.5 -0.03712062359
58.0 -0.036954938467
58.5 -0.0367759075724
59.0 -0.0365530053472
59.5 -0.0363449608097
60.0 -0.0361047424292
60.5 -0.0358347105103
61.0 -0.0355683617256
61.5 -0.0352477779975
62.0 -0.0349381341762
62.5 -0.0346289308822
63.0 -0.0343310450342
63.5 -0.0339959013394
64.0 -0.033634774558
64.5 -0.0332906658039
65.0 -0.0328809057447
65.5 -0.0324836232736
66.0 -0.0320753454468
66.5 -0.031669739292
67.0 -0.03126657676
67.5 -0.0308573732765
68.0 -0.0304273524485
68.5 -0.0300008034202
69.0 -0.0295638170479
69.5 -0.0291216119992
70.0 -0.0286735487495
70.5 -0.028210672657
71.0 -0.027744861325
71.5 -0.0272575520152
72.0 -0.0267860663732
72.5 -0.0262887110781
73.0 -0.0258312740778
73.5 -0.0253824466574
74.0 -0.0249111459717
74.5 -0.0244491054216
75.0 -0.0239139856838
75.5 -0.0234539585692
76.0 -0.0229689890999
76.5 -0.0224885350006
77.0 -0.0219890694594
77.5 -0.0215205824839
78.0 -0.0210705734186
78.5 -0.0205446189925
79.0 -0.0201306156977
79.5 -0.0197091849724
80.0 -0.0191760303666
80.5 -0.0187544086335
81.0 -0.0182835217487
81.5 -0.0178306654043
82.0 -0.0173650572577
82.5 -0.0169217152488
83.0 -0.0165236285896
83.5 -0.0160841460752
84.0 -0.0156843991714
84.5 -0.0153456278124
85.0 -0.0148380295791
85.5 -0.0144815810549
86.0 -0.0140959790387
86.5 -0.0137265225201
87.0 -0.0133317579792
87.5 -0.0129241614031
88.0 -0.0125974494382
88.5 -0.0122500658549
89.0 -0.011875492945
89.5 -0.0116162780075
90.0 -0.0112640341713
90.5 -0.0110141528556
91.0 -0.0106325563494
91.5 -0.0103044976119
92.0 -0.010010270521
92.5 -0.00970410283539
93.0 -0.00945240844208
93.5 -0.00924860130148
94.0 -0.00899983913452
94.5 -0.00864852915989
95.0 -0.00841998240466
95.5 -0.00822161309964
96.0 -0.00798668586457
96.5 -0.00772619840764
97.0 -0.00753937094238
97.5 -0.00734211989381
98.0 -0.00719325797392
98.5 -0.0070802498497
99.0 -0.00678801150813
99.5 -0.00659288536356
100.0 -0.00641339789185
100.5 -0.00623279917453
101.0 -0.00610416759148
101.5 -0.00598414662861
102.0 -0.0057738821798
102.5 -0.00569704035166
103.0 -0.00567332599119
103.5 -0.00566815337447
104.0 -0.00562900588144
104.5 -0.00561594275447
105.0 -0.00562915048801
105.5 -0.00542025111989
106.0 -0.00529384924494
106.5 -0.00530758243898
107.0 -0.00535397684036
107.5 -0.00518841949749
108.0 -0.0051995302515
108.5 -0.00540962125361
109.0 -0.00531213643559
109.5 -0.00555480337186
110.0 -0.00585550971238
110.5 -0.00541333718797
111.0 -0.0056691888583
111.5 -0.00577925799156
112.0 -0.00572649685458
112.5 -0.00574102656579
113.0 -0.00585268210888
113.5 -0.00633754827952
114.0 -0.00653969180701
114.5 -0.00678374591143
115.0 -0.00551719178161
115.5 -0.0060050655126
116.0 -0.0055059380345
116.5 -0.00559821500495
117.0 -0.00476692476165
117.5 -0.00538391177018
118.0 -0.00440963209853
118.5 -0.00215525769535
119.0 0.000270544290117
119.5 0.00739909416515
120.0 0.00649106145214
120.5 0.00377019398803
121.0 0.0029455827694
121.5 -0.00254476029559
122.0 -0.00349521897876
122.5 -0.00651254657068
123.0 -0.0055269893639
123.5 -0.00477316584303
124.0 -0.00495934683852
124.5 -0.00442667423675
125.0 -0.00494796333132
125.5 -0.00391523867604
126.0 -0.00436006389535
126.5 -0.00399209531462
127.0 -0.00363437043271
127.5 -0.00418516485885
128.0 -0.00434285541276
128.5 -0.00367922068583
129.0 -0.00311436863293
129.5 -0.00265716352242
130.0 -0.00280446715751
130.5 -0.00231163052919
131.0 -0.00269672639683
131.5 -0.00217592916307
132.0 -0.00174891539421
132.5 -0.00174188326114
133.0 -0.00162734790863
133.5 -0.00123220347327
134.0 -0.000968400971942
134.5 -0.000744340767397
135.0 -0.000874723658804
135.5 -0.000936760779346
136.0 -0.000683376886656
136.5 -0.000376279613274
137.0 -0.00020625196586
137.5 -0.000403845568563
138.0 -0.000303466208997
138.5 -6.21294349656e-06
139.0 0.000183057074178
139.5 3.21387414388e-05
140.0 0.000243175044282
140.5 0.000509259545677
141.0 0.000556273102909
141.5 0.000372051537635
142.0 0.000585324036905
142.5 0.000524001848337
143.0 0.000606702746765
143.5 0.000871794442544
144.0 0.000966660487093
144.5 0.000973592139603
145.0 0.00123743933337
145.5 0.00127064663455
146.0 0.00126494565724
146.5 0.00115519192381
147.0 0.00130214920965
147.5 0.00127454540694
148.0 0.00126055892233
148.5 0.00144339575855
149.0 0.00164827680501
149.5 0.00181671514177
150.0 0.00144483532074
150.5 0.00161027351235
151.0 0.00182389376214
151.5 0.0018902849766
152.0 0.0020373329615
152.5 0.00211558718273
153.0 0.00211379948994
153.5 0.00204773750267
154.0 0.00204733930004
154.5 0.00217053184245
155.0 0.00200346508169
155.5 0.00230794489487
156.0 0.00233478176743
156.5 0.00265694491157
157.0 0.00255336948436
157.5 0.00245187769717
158.0 0.00242564891017
158.5 0.00248721117133
159.0 0.00256304944466
159.5 0.00276980913654
160.0 0.00303203572549
160.5 0.00295217941457
161.0 0.00283340565736
161.5 0.00317374232064
162.0 0.00322922579712
162.5 0.00338810581556
163.0 0.00338675481002
163.5 0.0033217475718
164.0 0.00344946552027
164.5 0.00356804028816
165.0 0.00352320144045
165.5 0.0037214301243
166.0 0.00347622458531
166.5 0.00381674598172
167.0 0.00374584669128
167.5 0.00393254246872
168.0 0.00398483058876
168.5 0.0039547976079
169.0 0.00408140376572
169.5 0.00433929253538
170.0 0.00453582025839
170.5 0.00463351025134
171.0 0.00478911063833
171.5 0.0051150912237
172.0 0.00542316355211
172.5 0.00589320656483
173.0 0.00629379402913
173.5 0.00624084622021
174.0 0.00613786520002
174.5 0.00670382828747
175.0 0.00712547018877
175.5 0.00675808868101
176.0 0.006999641937
176.5 0.00768127576627
177.0 0.00840383394132
177.5 0.00819954640002
178.0 0.00754957192035
178.5 0.00506121775966
179.0 -0.00151993822763
179.5 -0.00255060139274
180.0 -0.00142598786843
180.5 -0.00262870141005
181.0 -0.000521678300018
181.5 0.00148093733898
182.0 0.00210281834704
182.5 0.0024610009354
183.0 0.00343499987784
183.5 0.00361662105827
184.0 0.00285279188394
184.5 0.00261947779322
185.0 0.00261061379696
185.5 0.00233288083948
186.0 0.00223729372304
186.5 0.00270359755629
187.0 0.0025778836284
187.5 0.00221062664853
188.0 0.00182321164462
188.5 0.00163809675288
189.0 0.00147042852691
189.5 0.00114059565084
190.0 0.000846173178928
190.5 0.000462901093982
191.0 0.000189643742559
191.5 -0.000233090194499
192.0 -0.000583757202392
192.5 -0.000824383939104
193.0 -0.00158362188947
193.5 -0.00211164602374
194.0 -0.00290599378742
194.5 -0.00377919670312
195.0 -0.00463879930307
195.5 -0.00629154431951
196.0 -0.00750507851966
196.5 -0.00904835661956
197.0 -0.01072731473
197.5 -0.0137236986056
198.0 -0.0195380235145
198.5 -0.0255456260379
199.0 -0.0412879241966
199.5 -0.0629093858393
