0.0 0.00165902146582
0.5 0.024845119558
1.0 0.0266648754216
1.5 0.0209813644853
2.0 0.0176891089643
2.5 0.0149712138378
3.0 0.0132338108649
3.5 0.0114645320124
4.0 0.0104712794188
4.5 0.00941055137274
5.0 0.00831279956287
5.5 0.00750248643439
6.0 0.00668457187301
6.5 0.00593559638358
7.0 0.00534651527225
7.5 0.00469371850138
8.0 0.00415983118545
8.5 0.00361651666861
9.0 0.00296436186474
9.5 0.00250238690698
10.0 0.00198696900353
10.5 0.00149111124794
11.0 0.000968873007418
11.5 0.000488960965356
12.0 -8.08589345525e-06
12.5 -0.000485788355631
13.0 -0.000966641856305
13.5 -0.00144454116774
14.0 -0.00192832107028
14.5 -0.002403899225
15.0 -0.00287094020169
15.5 -0.0033655752977
16.0 -0.00384628353309
16.5 -0.00431873025357
17.0 -0.00481963265962
17.5 -0.00533698443236
18.0 -0.00585737904283
18.5 -0.00635890325492
19.0 -0.00686198191175
19.5 -0.00738334118304
20.0 -0.00789446063662
20.5 -0.00844372127899
21.0 -0.00897142577903
21.5 -0.00949927648337
22.0 -0.0100434750525
22.5 -0.0106050015958
23.0 -0.0111626572042
23.5 -0.0117327233215
24.0 -0.0123084415027
24.5 -0.0129038862246
25.0 -0.0134646694908
25.5 -0.0140392601827
26.0 -0.0146321234533
26.5 -0.0152148973049
27.0 -0.0157968314698
27.5 -0.0163871566197
28.0 -0.0169920127762
28.5 -0.0176270103036
29.0 -0.018230739264
29.5 -0.0188455039051
30.0 -0.0194542038991
30.5 -0.0200689255425
31.0 -0.0206839864701
31.5 -0.0212856064947
32.0 -0.0218973582441
32.5 -0.0225168468667
33.0 -0.0231411589104
33.5 -0.0237397595181
34.0 -0.02434761227
34.5 -0.0249442583004
35.0 -0.0255380439685
35.5 -0.0261297832024
36.0 -0.0267022011511
36.5 -0.0272678265765
37.0 -0.0278327849618
37.5 -0.0283924244803
38.0 -0.028934707499
38.5 -0.0294491668634
39.0 -0.0299753519447
39.5 -0.0305103579789
40.0 -0.0310020298465
40.5 -0.0314845078036
41.0 -0.0319390064202
41.5 -0.0323928423907
42.0 -0.0328322764828
42.5 -0.0332460466297
43.0 -0.0336350348269
43.5 -0.0340076640711
44.0 -0.0343736535316
44.5 -0.0346943416044
45.0 -0.0349995911905
45.5 -0.0352933006387
46.0 -0.0355568261262
46.5 -0.0358074062282
47.0 -0.0360495449915
47.5 -0.0362430600227
48.0 -0.0364187692096
48.5 -0.0365591345059
49.0 -0.036685966376
49.5 -0.0368219474402
50.0 -0.036866228875
50.5 -0.0369169269926
51.0 -0.0369451034938
51.5 -0.0369485605926
52.0 -0.036936503447
52.5 -0.0368846070178
53.0 -0.0368355521878
53.5 -0.0367596036862
54.0 -0.0366475345789
54.5 -0.0365022522698
55.0 -0.0363297426939
55.5 -0.0361617346306
56.0 -0.0359505222534
56.5 -0.0357440932839
57.0 -0.0355055165789
57.5 -0.0352406985835
58.0 -0.0349821164786
58.5 -0.0346962845056
59.0 -0.034363872394
59.5 -0.0340607942374
60.0 -0.0337193511959
60.5 -0.0333412355433
61.0 -0.0329532249614
61.5 -0.0325693251679
62.0 -0.0321977328766
62.5 -0.031790773346
63.0 -0.031402508384
63.5 -0.0309837716685
64.0 -0.0305359937127
64.5 -0.0300765228379
65.0 -0.029640341971
65.5 -0.029174026178
66.0 -0.0287040596282
66.5 -0.0282430954457
67.0 -0.0277501408022
67.5 -0.0273119151573
68.0 -0.0268140113112
68.5 -0.0263013835797
69.0 -0.0258474570083
69.5 -0.025368656315
70.0 -0.0248760787231
70.5 -0.0243915619063
71.0 -0.0239136564811
71.5 -0.023428621167
72.0 -0.0229174236366
72.5 -0.0223975302327
73.0 -0.0219551658184
73.5 -0.0215054570313
74.0 -0.021031650632
74.5 -0.02057111667
75.0 -0.0201160360059
75.5 -0.0196837628739
76.0 -0.0191675767279
76.5 -0.0187006570334
77.0 -0.0182686275499
77.5 -0.0178433824467
78.0 -0.017410105189
78.5 -0.0169923018581
79.0 -0.016523127704
79.5 -0.0161313701668
80.0 -0.015776457924
80.5 -0.0153167245232
81.0 -0.0148873373151
81.5 -0.0145189296714
82.0 -0.0141116048544
82.5 -0.0136965330374
83.0 -0.0133383133224
83.5 -0.0129946478211
84.0 -0.0126819689208
84.5 -0.0123400073745
85.0 -0.0119871470332
85.5 -0.011725310589
86.0 -0.0113403658436
86.5 -0.0110185205423
87.0 -0.0107074277061
87.5 -0.0104005411544
88.0 -0.0101277809433
88.5 -0.0098422830126
89.0 -0.00959426923851
89.5 -0.00924150596728
90.0 -0.00897272292838
90.5 -0.00877763068807
91.0 -0.00852297103099
91.5 -0.00827408484874
92.0 -0.00803438746106
92.5 -0.00776300551147
93.0 -0.00753094009336
93.5 -0.0073374859132
94.0 -0.00712509387045
94.5 -0.00693556999194
95.0 -0.00679762449242
95.5 -0.00672723617878
96.0 -0.00652582907601
96.5 -0.0063005234506
97.0 -0.00615714168
97.5 -0.00599347646272
98.0 -0.00582460711517
98.5 -0.00571736755814
99.0 -0.00561058117903
99.5 -0.00556637757681
100.0 -0.00532898626695
100.5 -0.00523225117074
101.0 -0.00514291995074
101.5 -0.00500843358558
102.0 -0.00495135541944
102.5 -0.00499011600192
103.0 -0.00494088275635
103.5 -0.00488296567913
104.0 -0.00480494769108
104.5 -0.00471944232444
105.0 -0.00465256971686
105.5 -0.00462587996936
106.0 -0.00457512371011
106.5 -0.00451806568846
107.0 -0.00458639571453
107.5 -0.00473274509253
108.0 -0.00488188250463
108.5 -0.00502838254927
109.0 -0.00513014929424
109.5 -0.00510759085134
110.0 -0.00507164610459
110.5 -0.00510018862931
111.0 -0.00518962896655
111.5 -0.00560236389423
112.0 -0.00531743241952
112.5 -0.00540485604498
113.0 -0.00575870534639
113.5 -0.00614344015609
114.0 -0.00621967245249
114.5 -0.00636935486381
115.0 -0.00643949458167
115.5 -0.00528406810645
116.0 -0.00567326576105
116.5 -0.00578417495792
117.0 -0.00572319479299
117.5 -0.00707030551905
118.0 -0.00604977922652
118.5 -0.00424196851664
119.0 -0.0017192031606
119.5 0.00574024234764
120.0 0.00638822486333
120.5 0.00497700209613
121.0 0.00454027902933
121.5 -0.00224364370841
122.0 -0.00333722914864
122.5 -0.00630484316802
123.0 -0.00462595910683
123.5 -0.00419230879778
124.0 -0.00455345469523
124.5 -0.00572732867055
125.0 -0.00486433404471
125.5 -0.00421235287278
126.0 -0.0038382026688
126.5 -0.00363634496928
127.0 -0.00358603987699
127.5 -0.00282388255647
128.0 -0.0028384119596
128.5 -0.00354051361761
129.0 -0.00287570641475
129.5 -0.00253775472767
130.0 -0.00212761615631
130.5 -0.00177799149856
131.0 -0.00212406007228
131.5 -0.00200303515667
132.0 -0.00146694028626
132.5 -0.00116721070858
133.0 -0.00107460200024
133.5 -0.00101501010818
134.0 -0.000929515395867
134.5 -0.00100292898164
135.0 -0.000608305399524
135.5 -0.000695003285372
136.0 -0.000526691021783
136.5 -0.000443393075169
137.0 -0.000290098120569
137.5 -0.000244417050034
138.0 -2.93621642875e-05
138.5 8.21301054721e-05
139.0 0.000159507723815
139.5 0.000131014748732
140.0 0.000164622805578
140.5 0.000316240715829
141.0 0.000591111359032
141.5 0.00060484968682
142.0 0.000550559251405
142.5 0.00055302092208
143.0 0.00081735249038
143.5 0.000976942019937
144.0 0.00093203989038
144.5 0.00104569552317
145.0 0.00102488925136
145.5 0.00123536938105
146.0 0.0015286524286
146.5 0.00122900584087
147.0 0.00123536421896
147.5 0.0013208864996
148.0 0.00139852241759
148.5 0.00159207517281
149.0 0.0017212218468
149.5 0.00161938594203
150.0 0.00170414002717
150.5 0.00174517622107
151.0 0.00179789345748
151.5 0.00185271565322
152.0 0.0018747054977
152.5 0.00201597597246
153.0 0.0019278244905
153.5 0.00191975092914
154.0 0.00232933981879
154.5 0.0024356203722
155.0 0.00236839796964
155.5 0.00230296829544
156.0 0.00201132756789
156.5 0.00243686526502
157.0 0.00269722821224
157.5 0.00272617937994
158.0 0.00261852309185
158.5 0.0025553747801
159.0 0.00245070715198
159.5 0.0024934493565
160.0 0.00308081462694
160.5 0.00312116415837
161.0 0.00325651340372
161.5 0.00321615593041
162.0 0.00312366376298
162.5 0.00340671935071
163.0 0.00347737901193
163.5 0.00329255236805
164.0 0.00338589188832
164.5 0.00378405233134
165.0 0.00376195772649
165.5 0.00362505916381
166.0 0.00364995661657
166.5 0.00406755781609
167.0 0.00407059444746
167.5 0.00420118118112
168.0 0.00419451073693
168.5 0.00437143719519
169.0 0.0047864027681
169.5 0.00477175422655
170.0 0.00477594868581
170.5 0.00510472636199
171.0 0.00550028868759
171.5 0.00571407896688
172.0 0.00600309529423
172.5 0.00654885535245
173.0 0.00654059899335
173.5 0.00669830689468
174.0 0.00737880222988
174.5 0.00759644596565
175.0 0.00774228953505
175.5 0.00737431922015
176.0 0.00774208544506
176.5 0.00688003302433
177.0 0.00717708729589
177.5 0.00919923642083
178.0 0.00767219014057
178.5 0.00556105600698
179.0 0.00217465788054
179.5 -0.00203937929928
180.0 -0.00545445417329
180.5 -0.00737051290007
181.0 -0.00250744334068
181.5 0.00018214144724
182.0 0.00075801579834
182.5 0.00101768109113
183.0 0.00173579903309
183.5 0.0020514144281
184.0 0.00194676689523
184.5 0.00191347461495
185.0 0.00195128288091
185.5 0.00250125014841
186.0 0.00235061521843
186.5 0.0022031184793
187.0 0.00194578029921
187.5 0.00199841634699
188.0 0.0018651164895
188.5 0.0014969382874
189.0 0.00119256583686
189.5 0.00092823595466
190.0 0.000724867548584
190.5 0.000216340536525
191.0 -0.000114813267587
191.5 -0.000520503395421
192.0 -0.000901738525798
192.5 -0.00116007651465
193.0 -0.00197199092533
193.5 -0.00261245527882
194.0 -0.00330629891091
194.5 -0.00411487624389
195.0 -0.00501664748356
195.5 -0.00668734163941
196.0 -0.00795673161471
196.5 -0.00921765237513
197.0 -0.0122746432346
197.5 -0.0148957028978
198.0 -0.0205090015401
198.5 -0.0281068191282
199.0 -0.0431771171805
199.5 -0.069403886567
