0.0 0.00380581401068
0.5 0.0281869381248
1.0 0.0324311457966
1.5 0.0263304738734
2.0 0.0226852475064
2.5 0.0197288785127
3.0 0.0178000395843
3.5 0.0158692079124
4.0 0.0147554376355
4.5 0.0135583061834
5.0 0.0123327905095
5.5 0.0114699509883
6.0 0.0106481596186
6.5 0.00973060421515
7.0 0.00902759714747
7.5 0.00837239108588
8.0 0.00778172490439
8.5 0.00721112141524
9.0 0.00666547048516
9.5 0.00594591826058
10.0 0.00540357656344
10.5 0.00489285722561
11.0 0.0043755145819
11.5 0.00378174283987
12.0 0.00320156850439
12.5 0.00269582382371
13.0 0.00217068349762
13.5 0.00163714893932
14.0 0.00109318999619
14.5 0.00055896386578
15.0 3.4019576848e-05
15.5 -0.000518608885884
16.0 -0.00106204839887
16.5 -0.00160408197064
17.0 -0.0021430941537
17.5 -0.00271199546866
18.0 -0.00332546538399
18.5 -0.00388562595669
19.0 -0.00445678482209
19.5 -0.00505993713358
20.0 -0.00564789083924
20.5 -0.00625003770166
21.0 -0.00685567625709
21.5 -0.00745451554597
22.0 -0.00807964411305
22.5 -0.00871846588531
23.0 -0.00935211763193
23.5 -0.0100097851411
24.0 -0.0106723142992
24.5 -0.0113384131502
25.0 -0.0119838204597
25.5 -0.0126483368747
26.0 -0.013329680029
26.5 -0.0140051500563
27.0 -0.0146853852811
27.5 -0.0153761942978
28.0 -0.0160499154679
28.5 -0.0167529767257
29.0 -0.0174743558217
29.5 -0.0181816422236
30.0 -0.0188824879995
30.5 -0.0195953693615
31.0 -0.0203201904071
31.5 -0.0210270060165
32.0 -0.0217302963949
32.5 -0.0224368712986
33.0 -0.0231397561349
33.5 -0.023859522555
34.0 -0.0245528785848
34.5 -0.0252745675937
35.0 -0.0259646973421
35.5 -0.0266521407279
36.0 -0.0273344309716
36.5 -0.0280158888325
37.0 -0.0286919655538
37.5 -0.0293570803768
38.0 -0.0300146357336
38.5 -0.0306706741151
39.0 -0.0313295157716
39.5 -0.0319915545382
40.0 -0.0325902456066
40.5 -0.0332083780984
41.0 -0.0337923440538
41.5 -0.0343764412947
42.0 -0.0349473172772
42.5 -0.0355053947733
43.0 -0.0360510648039
43.5 -0.0365687511622
44.0 -0.0370763548232
44.5 -0.0375929080494
45.0 -0.0380722148131
45.5 -0.0385522642173
46.0 -0.0390003892634
46.5 -0.0394281539775
47.0 -0.0398251468031
47.5 -0.0401983390691
48.0 -0.0405842586396
48.5 -0.040928197494
49.0 -0.0412561397541
49.5 -0.041578794007
50.0 -0.0418214688459
50.5 -0.0420816269963
51.0 -0.042320384693
51.5 -0.0425502604166
52.0 -0.0427449335416
52.5 -0.0428889975337
53.0 -0.0430405281934
53.5 -0.0431784569868
54.0 -0.043278450873
54.5 -0.0433624872989
55.0 -0.043397795963
55.5 -0.0434315835683
56.0 -0.0434151013196
56.5 -0.0433850903158
57.0 -0.0433275885847
57.5 -0.0432418877818
58.0 -0.0431538461817
58.5 -0.0430386588273
59.0 -0.0428795905802
59.5 -0.0427075730146
60.0 -0.0424995884871
60.5 -0.0422632535282
61.0 -0.0420100167543
61.5 -0.0417100966555
62.0 -0.0414299773296
62.5 -0.0411115819962
63.0 -0.0407977921181
63.5 -0.0404469922369
64.0 -0.0400633541543
64.5 -0.0396735287196
65.0 -0.0392485688966
65.5 -0.0388147863204
66.0 -0.0383339607307
66.5 -0.0378251445825
67.0 -0.0373487596662
67.5 -0.0368377373603
68.0 -0.0363190189856
68.5 -0.0358141643984
69.0 -0.0352762348372
69.5 -0.0347319926219
70.0 -0.034164399357
70.5 -0.0335753654455
71.0 -0.0329459500349
71.5 -0.0323671770815
72.0 -0.0317407111674
72.5 -0.031127179829
73.0 -0.0305390647343
73.5 -0.029937691803
74.0 -0.0293378529475
74.5 -0.0287244809001
75.0 -0.0280948983429
75.5 -0.0274951954406
76.0 -0.0268291411573
76.5 -0.0262033772338
77.0 -0.0255622181185
77.5 -0.0249320062118
78.0 -0.0243233645488
78.5 -0.0237369482508
79.0 -0.0231351054382
79.5 -0.0225317888846
80.0 -0.0219367120423
80.5 -0.0213826116341
81.0 -0.0207922503854
81.5 -0.0202367110954
82.0 -0.0196061980823
82.5 -0.019013645249
83.0 -0.0184839879102
83.5 -0.0179549961672
84.0 -0.0174456207931
84.5 -0.0169705228587
85.0 -0.0163655499828
85.5 -0.0158917404839
86.0 -0.0153611319202
86.5 -0.0148797617024
87.0 -0.0143952585071
87.5 -0.0138799994413
88.0 -0.0134780035642
88.5 -0.0130644171138
89.0 -0.0126020230916
89.5 -0.012132887304
90.0 -0.0117192845445
90.5 -0.0113694985807
91.0 -0.0109485544578
91.5 -0.0105598652329
92.0 -0.0102155305664
92.5 -0.00984509240623
93.0 -0.0095156701259
93.5 -0.00922298942607
94.0 -0.00888618602964
94.5 -0.00855473252326
95.0 -0.00826736002411
95.5 -0.00803892277654
96.0 -0.00777669749836
96.5 -0.00751262845097
97.0 -0.00723150866961
97.5 -0.00690854243967
98.0 -0.00661690539576
98.5 -0.00639561920206
99.0 -0.00620499455493
99.5 -0.00603370449612
100.0 -0.00575263135956
100.5 -0.00565784360114
101.0 -0.00551257011157
101.5 -0.00540606485568
102.0 -0.00525372707604
102.5 -0.00508956747427
103.0 -0.00491197007617
103.5 -0.00482753775479
104.0 -0.00469902319676
104.5 -0.00452194453153
105.0 -0.00442817829447
105.5 -0.00428489225759
106.0 -0.00399935297884
106.5 -0.00421362657635
107.0 -0.00424691299167
107.5 -0.00407359543085
108.0 -0.00403324297263
108.5 -0.0041614794862
109.0 -0.00416509917051
109.5 -0.0041214629537
110.0 -0.00415503466595
110.5 -0.00425047901847
111.0 -0.004349446123
111.5 -0.00467067346802
112.0 -0.00459632633192
112.5 -0.0046329175553
113.0 -0.00472774080991
113.5 -0.00493115081214
114.0 -0.00481377861254
114.5 -0.00493984644854
115.0 -0.00484862497076
115.5 -0.00447180567089
116.0 -0.00452771692279
116.5 -0.004534611637
117.0 -0.00377822200306
117.5 -0.00469475257836
118.0 -0.00362155766034
118.5 -0.00107489722181
119.0 0.00185924305777
119.5 0.00957218329816
120.0 0.00909303367018
120.5 0.00383651263901
121.0 -0.000556324308448
121.5 -0.00328204423215
122.0 -0.00482996687001
122.5 -0.00625445829492
123.0 -0.00625351055035
123.5 -0.00564586541304
124.0 -0.00534577320251
124.5 -0.00504934706878
125.0 -0.00500176636622
125.5 -0.00475513182747
126.0 -0.00471630118038
126.5 -0.00476927149327
127.0 -0.00463494645101
127.5 -0.0042542723032
128.0 -0.00388216207465
128.5 -0.00356782917191
129.0 -0.00326978861057
129.5 -0.00377661799879
130.0 -0.00313723058835
130.5 -0.0029720460041
131.0 -0.00275624504467
131.5 -0.00244867928322
132.0 -0.00211145947191
132.5 -0.00164161689263
133.0 -0.00144309520176
133.5 -0.00157437606953
134.0 -0.00148327577771
134.5 -0.00123327155907
135.0 -0.00103787734088
135.5 -0.000769571141397
136.0 -0.000591916991631
136.5 -0.000403210636225
137.0 -4.78003120641e-05
137.5 -0.000322308351752
138.0 -0.000389402401211
138.5 -0.000179644735478
139.0 0.000123470101592
139.5 0.000342859900595
140.0 0.000193060811362
140.5 0.000519296163144
141.0 0.000401882879672
141.5 0.00046864696008
142.0 0.000745904849516
142.5 0.00062936868818
143.0 0.000623402422061
143.5 0.000764045126544
144.0 0.000808377536012
144.5 0.000929952328956
145.0 0.00106429370917
145.5 0.00123638098579
146.0 0.00134999424448
146.5 0.00115188505843
147.0 0.00120103615548
147.5 0.00131315024774
148.0 0.0013815233459
148.5 0.00142726879414
149.0 0.00143898842668
149.5 0.00150501390761
150.0 0.00146956750671
150.5 0.00194934935631
151.0 0.00193154449515
151.5 0.00192422359974
152.0 0.00175213156775
152.5 0.00175005615297
153.0 0.00195011073132
153.5 0.0020567406117
154.0 0.00209403814574
154.5 0.00229638131284
155.0 0.00221151881909
155.5 0.00227096646821
156.0 0.00239042108104
156.5 0.00225312353427
157.0 0.0023142810133
157.5 0.00243742559308
158.0 0.00239819363194
158.5 0.00227534685076
159.0 0.00220659734666
159.5 0.00246952649865
160.0 0.00270495684245
160.5 0.0027096907441
161.0 0.00275431311907
161.5 0.00299898777163
162.0 0.00290276049411
162.5 0.00279590818796
163.0 0.00279696726102
163.5 0.00288498548251
164.0 0.00304509371848
164.5 0.00317949853874
165.0 0.0031639938428
165.5 0.00327336153117
166.0 0.00324736663539
166.5 0.00360863136568
167.0 0.00349645578588
167.5 0.00380661941502
168.0 0.00399001456977
168.5 0.00393588708502
169.0 0.00381648116267
169.5 0.00368507263168
170.0 0.00418971047328
170.5 0.00410416447747
171.0 0.00408874414848
171.5 0.00432526688707
172.0 0.00399372872711
172.5 0.00445846252732
173.0 0.00500016086956
173.5 0.00485503993245
174.0 0.00456076110454
174.5 0.00485450849354
175.0 0.00470386353543
175.5 0.00387481083546
176.0 0.00375401016835
176.5 0.00408662078624
177.0 0.0046446006652
177.5 0.00433730772866
178.0 0.00346401658838
178.5 0.000656493014816
179.0 -0.0023155466633
179.5 -0.00140088338547
180.0 0.000334828352493
180.5 -0.000392970015724
181.0 0.00300136363836
181.5 0.00620422536248
182.0 0.00702462293646
182.5 0.00606258332736
183.0 0.00572797208494
183.5 0.0055790734951
184.0 0.0046345971333
184.5 0.00428416604466
185.0 0.00417915696009
185.5 0.00383944513862
186.0 0.0036640719444
186.5 0.00406736052349
187.0 0.00390389357202
187.5 0.00347157299123
188.0 0.00304464002328
188.5 0.00279282551817
189.0 0.00247551499574
189.5 0.00216597672042
190.0 0.00189010868272
190.5 0.00143449019684
191.0 0.00108668430785
191.5 0.00065802670504
192.0 0.000194533154698
192.5 -6.84845272048e-05
193.0 -0.000717729302437
193.5 -0.00143945474611
194.0 -0.00221122216888
194.5 -0.0030815375717
195.0 -0.00387323042874
195.5 -0.00551841377317
196.0 -0.00683660557679
196.5 -0.00817833086988
197.0 -0.0112990780634
197.5 -0.013963667371
198.0 -0.0192566425527
198.5 -0.0265036779678
199.0 -0.042004531724
199.5 -0.0687718709387
