0.0 0.00406465790056
0.5 0.0179086677542
1.0 0.0224620745957
1.5 0.0180991386651
2.0 0.0153369588193
2.5 0.013371281803
3.0 0.0120791679861
3.5 0.0108268772115
4.0 0.00936932672964
4.5 0.00857469867572
5.0 0.00767043323223
5.5 0.00694734592142
6.0 0.00616845654489
6.5 0.00545389142408
7.0 0.00489545251333
7.5 0.00425738018685
8.0 0.00372168005339
8.5 0.00318663129862
9.0 0.00268758386098
9.5 0.00220473867092
10.0 0.00155761123053
10.5 0.00109832998774
11.0 0.000612265655727
11.5 0.000149861085792
12.0 -0.000341994541184
12.5 -0.000813822993278
13.0 -0.00127882215926
13.5 -0.0017619933373
14.0 -0.00230577027185
14.5 -0.00275104865726
15.0 -0.00322589537208
15.5 -0.00371636563232
16.0 -0.00422510947723
16.5 -0.00473103415213
17.0 -0.00520310039617
17.5 -0.0057033677678
18.0 -0.00623522823318
18.5 -0.00674457854186
19.0 -0.00726157370703
19.5 -0.00780373442686
20.0 -0.00832777780015
20.5 -0.00886039903941
21.0 -0.00941323640343
21.5 -0.00994812227634
22.0 -0.0104992899446
22.5 -0.0110626059533
23.0 -0.0116177163683
23.5 -0.0121944912301
24.0 -0.0127771129029
24.5 -0.0133707005568
25.0 -0.0139437219647
25.5 -0.0145322094373
26.0 -0.0151264219836
26.5 -0.0157205597498
27.0 -0.016328484065
27.5 -0.016908389143
28.0 -0.0175147320036
28.5 -0.0181423802064
29.0 -0.0187543805615
29.5 -0.0193695249765
30.0 -0.0199757704951
30.5 -0.0205954539904
31.0 -0.0212059078274
31.5 -0.0218055640685
32.0 -0.0224175395309
32.5 -0.0230097843811
33.0 -0.0236111786482
33.5 -0.0242171676871
34.0 -0.0248309853291
34.5 -0.0254175355253
35.0 -0.0259966872014
35.5 -0.026582143877
36.0 -0.0271495150753
36.5 -0.0276985592807
37.0 -0.0282474946978
37.5 -0.028786933561
38.0 -0.0293042398614
38.5 -0.0298071812268
39.0 -0.0303112777065
39.5 -0.0308156285138
40.0 -0.0312659849299
40.5 -0.031717992226
41.0 -0.0321583797344
41.5 -0.032590048041
42.0 -0.0329805676402
42.5 -0.0333562279829
43.0 -0.0337248105127
43.5 -0.0340522567349
44.0 -0.0343911862494
44.5 -0.0347082557578
45.0 -0.0349789154178
45.5 -0.0352302647543
46.0 -0.0354536464371
46.5 -0.0356701333583
47.0 -0.0358687195218
47.5 -0.0360282452871
48.0 -0.036190733377
48.5 -0.0363230231718
49.0 -0.0364228501827
49.5 -0.0365154987266
50.0 -0.036523329407
50.5 -0.0365466325068
51.0 -0.0365471807416
51.5 -0.0365167943235
52.0 -0.0364895403639
52.5 -0.0364083530432
53.0 -0.0363201479544
53.5 -0.0362139836969
54.0 -0.0360834170386
54.5 -0.0359479660148
55.0 -0.0357664241608
55.5 -0.035565203281
56.0 -0.0353437126685
56.5 -0.0351005868216
57.0 -0.0348648013643
57.5 -0.0346079583856
58.0 -0.0343298657795
58.5 -0.0340402422336
59.0 -0.0337250643502
59.5 -0.0333993286106
60.0 -0.0330226643501
60.5 -0.0326787145178
61.0 -0.0323138970993
61.5 -0.031916510475
62.0 -0.0315194033743
62.5 -0.031124390098
63.0 -0.0307384277873
63.5 -0.0303203415769
64.0 -0.0298821967724
64.5 -0.0294666812321
65.0 -0.0290313652662
65.5 -0.0285824323387
66.0 -0.0281028458856
66.5 -0.027662465112
67.0 -0.0271969779959
67.5 -0.0267435449047
68.0 -0.0262482611054
68.5 -0.0258008378939
69.0 -0.0253617116611
69.5 -0.0248985606159
70.0 -0.0244200434644
70.5 -0.023953905615
71.0 -0.0234937083235
71.5 -0.023015959668
72.0 -0.0224966523093
72.5 -0.0220099897188
73.0 -0.0215884194393
73.5 -0.021140327428
74.0 -0.020696564605
74.5 -0.0202546136476
75.0 -0.019803025883
75.5 -0.0193631079962
76.0 -0.0189258818247
76.5 -0.01842782949
77.0 -0.0179806759322
77.5 -0.0175733553375
78.0 -0.0171402899077
78.5 -0.0167257565699
79.0 -0.0163583628706
79.5 -0.0159828543175
80.0 -0.0155670833266
80.5 -0.015174470017
81.0 -0.0148023927727
81.5 -0.0144055929411
82.0 -0.0139982512767
82.5 -0.0136015734209
83.0 -0.0132647763555
83.5 -0.012900951165
84.0 -0.0125870169395
84.5 -0.0122978627413
85.0 -0.0118758173802
85.5 -0.0115916921978
86.0 -0.0112692807834
86.5 -0.0109912238912
87.0 -0.0107081514676
87.5 -0.010382613577
88.0 -0.0101057188633
88.5 -0.00977232594389
89.0 -0.00948296290539
89.5 -0.00932312100542
90.0 -0.00893916962597
90.5 -0.00872355347597
91.0 -0.00853847083388
91.5 -0.00833843566354
92.0 -0.0080695296403
92.5 -0.00780938871376
93.0 -0.00760907981743
93.5 -0.00742437935898
94.0 -0.00724676685982
94.5 -0.00707672895592
95.0 -0.00681429678213
95.5 -0.00663275348379
96.0 -0.0064633733457
96.5 -0.00625663890092
97.0 -0.00614873107947
97.5 -0.00607312345114
98.0 -0.00589595896763
98.5 -0.00566235972608
99.0 -0.00554728408969
99.5 -0.0054750063745
100.0 -0.00536760917659
100.5 -0.00525070905966
101.0 -0.00518204599099
101.5 -0.00513137232227
102.0 -0.00509701559744
102.5 -0.00506631251509
103.0 -0.00499314708106
103.5 -0.00490305442722
104.0 -0.00469608280772
104.5 -0.0047320503847
105.0 -0.00471648431136
105.5 -0.00471891019051
106.0 -0.00472930680235
106.5 -0.00492927255356
107.0 -0.00470074644246
107.5 -0.00465963825135
108.0 -0.00486430122994
108.5 -0.00502556294182
109.0 -0.00503222529309
109.5 -0.00473641853038
110.0 -0.0050025920471
110.5 -0.00517486608322
111.0 -0.00537176562008
111.5 -0.00565578281496
112.0 -0.00568905139048
112.5 -0.00576693743508
113.0 -0.00586639286091
113.5 -0.00606348441818
114.0 -0.00594597539254
114.5 -0.00606064301374
115.0 -0.00596634623888
115.5 -0.00560650400885
116.0 -0.0058620339492
116.5 -0.00456628724758
117.0 -0.00398431497237
117.5 -0.00441381174214
118.0 -0.00268448787955
118.5 -0.00027226002149
119.0 0.00204811640953
119.5 0.00641795744899
120.0 0.0033025682272
120.5 0.000405364017922
121.0 -0.00212489787175
121.5 -0.00352560685538
122.0 -0.005690406501
122.5 -0.00593737740139
123.0 -0.00487213678672
123.5 -0.00445287204947
124.0 -0.0037256745244
124.5 -0.00446256064195
125.0 -0.00415528774813
125.5 -0.00388817171392
126.0 -0.00373832531366
126.5 -0.00360887464721
127.0 -0.00358709244051
127.5 -0.00349829625208
128.0 -0.00339060135686
128.5 -0.00337903057459
129.0 -0.003138083294
129.5 -0.00259140840028
130.0 -0.00271595356232
130.5 -0.0024096211473
131.0 -0.00211007774816
131.5 -0.00185377048996
132.0 -0.00212189588408
132.5 -0.00197574478941
133.0 -0.0013894055061
133.5 -0.00114161497239
134.0 -0.00112662286445
134.5 -0.00124155314757
135.0 -0.00120520422055
135.5 -0.000584655642101
136.0 -0.000840562365404
136.5 -0.000738358987231
137.0 -0.000553880940799
137.5 -0.000508880732738
138.0 -0.00031147332043
138.5 -0.000236187195231
139.0 -0.000254251688833
139.5 -0.000176576296738
140.0 0.000298887185
140.5 0.000141320566549
141.0 0.000449816718916
141.5 0.000484550586695
142.0 0.00050878832073
142.5 0.000398878834647
143.0 0.000525403039052
143.5 0.00061525940961
144.0 0.000608697312691
144.5 0.00098462984991
145.0 0.0010977840063
145.5 0.000866107531004
146.0 0.000852904791039
146.5 0.000931750803487
147.0 0.000997113453495
147.5 0.00103093699715
148.0 0.00108837251165
148.5 0.00124222715415
149.0 0.00142637659262
149.5 0.00157663626942
150.0 0.0014406051169
150.5 0.00149993542586
151.0 0.00147484994317
151.5 0.00179541102258
152.0 0.00175891820089
152.5 0.00165184808793
153.0 0.00168334903463
153.5 0.00173798340955
154.0 0.00173997715618
154.5 0.00171522053581
155.0 0.00173202462245
155.5 0.0021605645187
156.0 0.00223116901073
156.5 0.00226378645993
157.0 0.00244740800001
157.5 0.00237179912694
158.0 0.00216205810223
158.5 0.00209722413582
159.0 0.00219816290445
159.5 0.00262394412046
160.0 0.00273980564469
160.5 0.00244970832797
161.0 0.00277051643893
161.5 0.00245216896845
162.0 0.00277349601636
162.5 0.00301753401347
163.0 0.00312947568244
163.5 0.00309728056587
164.0 0.00295407247785
164.5 0.00316436518701
165.0 0.00362012968252
165.5 0.00321258080814
166.0 0.00357631657376
166.5 0.0034264264153
167.0 0.00319655098536
167.5 0.00372363557033
168.0 0.00404851751338
168.5 0.00383221312355
169.0 0.00363854829759
169.5 0.00407881231526
170.0 0.00444468363246
170.5 0.00472613574762
171.0 0.00484237485792
171.5 0.00504482946455
172.0 0.00508725274142
172.5 0.00539270267501
173.0 0.00573679071931
173.5 0.0055933740438
174.0 0.00537894102074
174.5 0.00573635283453
175.0 0.00588114536849
175.5 0.00546941154032
176.0 0.0056366528694
176.5 0.00598916750327
177.0 0.00625570894258
177.5 0.00649575884218
178.0 0.00568183357159
178.5 0.00198755913415
179.0 -0.000957022937797
179.5 -0.00251242480934
180.0 -0.000927539678131
180.5 -0.00118288540901
181.0 0.00105322183704
181.5 0.00372552235854
182.0 0.00457917070844
182.5 0.00438846495506
183.0 0.00383693021107
183.5 0.00319329538262
184.0 0.00270550152746
184.5 0.00307879779227
185.0 0.00274603275292
185.5 0.00249542309808
186.0 0.00258617464685
186.5 0.00248286091606
187.0 0.00238558819652
187.5 0.00216101014645
188.0 0.00182914741022
188.5 0.0015738517711
189.0 0.00129421481638
189.5 0.00116552348258
190.0 0.000846688260125
190.5 0.000457264522822
191.0 0.000181760674337
191.5 -0.000242997626842
192.0 -0.000631586935754
192.5 -0.000971813152006
193.0 -0.00162973930087
193.5 -0.00220014733422
194.0 -0.00293030336998
194.5 -0.00370340193646
195.0 -0.00465942726305
195.5 -0.00622855108891
196.0 -0.00750942426266
196.5 -0.00903688268403
197.0 -0.0106318909996
197.5 -0.0134906416097
198.0 -0.0190816331323
198.5 -0.0247335546074
199.0 -0.0401047297951
199.5 -0.0621182308398
