0.0 0.00290529666941
0.5 0.0251807459114
1.0 0.0281193461478
1.5 0.0221260020975
2.0 0.0190787914242
2.5 0.0162124100777
3.0 0.0144605274352
3.5 0.0126866696313
4.0 0.0116535567309
4.5 0.0106286611829
5.0 0.00959989342642
5.5 0.00885087139144
6.0 0.00806598119792
6.5 0.00735606919772
7.0 0.0066942545079
7.5 0.00597494675386
8.0 0.0055127477897
8.5 0.00498865080907
9.0 0.00448034746893
9.5 0.00401154067143
10.0 0.0033990050675
10.5 0.00295628716112
11.0 0.00249614526965
11.5 0.0020176652156
12.0 0.00158342233936
12.5 0.00112772737578
13.0 0.000674107105009
13.5 0.00022978363674
14.0 -0.000220534917144
14.5 -0.000664827809361
15.0 -0.0011062910139
15.5 -0.00156155886852
16.0 -0.00204536639453
16.5 -0.0024813995455
17.0 -0.00292909304648
17.5 -0.00339967958513
18.0 -0.00388715550184
18.5 -0.00434668823761
19.0 -0.00481532171349
19.5 -0.00529953542238
20.0 -0.00580293904057
20.5 -0.0062873233274
21.0 -0.00676792685823
21.5 -0.00727236751599
22.0 -0.00779300587096
22.5 -0.00828630461803
23.0 -0.00882928825112
23.5 -0.00935072124891
24.0 -0.00988166623006
24.5 -0.0104445952949
25.0 -0.0109706618626
25.5 -0.0115091530193
26.0 -0.012062715682
26.5 -0.0126192415739
27.0 -0.0131942700705
27.5 -0.013742614576
28.0 -0.0143119382153
28.5 -0.0149018299799
29.0 -0.0154969954878
29.5 -0.0160959067063
30.0 -0.0166839966434
30.5 -0.0172823095248
31.0 -0.0178965285166
31.5 -0.0184989090034
32.0 -0.0191012815163
32.5 -0.0197180176343
33.0 -0.0203375963159
33.5 -0.0209349318756
34.0 -0.0215525334721
34.5 -0.0221890863061
35.0 -0.0228077732345
35.5 -0.0234094801431
36.0 -0.0240243160694
36.5 -0.0246296147782
37.0 -0.0252278111658
37.5 -0.0258400266292
38.0 -0.0264609982213
38.5 -0.0270777392644
39.0 -0.027650119591
39.5 -0.0282396463747
40.0 -0.0288416050253
40.5 -0.0294175090189
41.0 -0.0299792075304
41.5 -0.0305480818779
42.0 -0.0310922138546
42.5 -0.0316279675169
43.0 -0.0321742455387
43.5 -0.0327097689595
44.0 -0.0332391313593
44.5 -0.0337303409142
45.0 -0.0342267366774
45.5 -0.034680867533
46.0 -0.0351121701275
46.5 -0.035544604447
47.0 -0.0359771518183
47.5 -0.0363677517568
48.0 -0.0367483438267
48.5 -0.037103014626
49.0 -0.0374497163871
49.5 -0.0377775002602
50.0 -0.0380567925861
50.5 -0.0383223312196
51.0 -0.0385850441717
51.5 -0.0388255535268
52.0 -0.0390523431601
52.5 -0.0392320596126
53.0 -0.0394133311281
53.5 -0.0395452716625
54.0 -0.0396363828186
54.5 -0.0397537112531
55.0 -0.0397875586164
55.5 -0.0398080792732
56.0 -0.0398150944699
56.5 -0.0397919129393
57.0 -0.0397518021135
57.5 -0.0396732757938
58.0 -0.0395969324918
58.5 -0.0394964473492
59.0 -0.0393474508724
59.5 -0.0391596272879
60.0 -0.0389660646305
60.5 -0.0387453541876
61.0 -0.0385068989422
61.5 -0.0382318635426
62.0 -0.0379487855065
62.5 -0.0376348244988
63.0 -0.037303288103
63.5 -0.0369681485299
64.0 -0.0365904155015
64.5 -0.036216674506
65.0 -0.0358085159988
65.5 -0.0353693980117
66.0 -0.0349270648942
66.5 -0.0344822803313
67.0 -0.0339911965102
67.5 -0.033534486186
68.0 -0.0330313926235
68.5 -0.03253488688
69.0 -0.0320424739733
69.5 -0.0315188021894
70.0 -0.0309753040674
70.5 -0.0304388556696
71.0 -0.0298960006425
71.5 -0.0293284762514
72.0 -0.0287809620674
72.5 -0.0282078626501
73.0 -0.0276783795652
73.5 -0.0271440174495
74.0 -0.0265425516127
74.5 -0.0260104112997
75.0 -0.0254662111343
75.5 -0.0249294548369
76.0 -0.0243042492317
76.5 -0.023736920577
77.0 -0.023160993151
77.5 -0.0226013546759
78.0 -0.0220758943522
78.5 -0.0215554157425
79.0 -0.0210551551227
79.5 -0.0204865937825
80.0 -0.0199691331707
80.5 -0.0194854241035
81.0 -0.018986826687
81.5 -0.0184312566774
82.0 -0.0178852273743
82.5 -0.0173854441754
83.0 -0.0169112051625
83.5 -0.0164581481326
84.0 -0.0160339376602
84.5 -0.0156234319248
85.0 -0.015075168665
85.5 -0.0146763731432
86.0 -0.0142330637321
86.5 -0.0138311318227
87.0 -0.0134152404997
87.5 -0.0129631388072
88.0 -0.0126164451637
88.5 -0.0122372817821
89.0 -0.0118809157434
89.5 -0.0115389840079
90.0 -0.0112200198727
90.5 -0.0108392211998
91.0 -0.0105294717867
91.5 -0.0101876273346
92.0 -0.00985054112316
92.5 -0.00955015708753
93.0 -0.00931031432937
93.5 -0.00903626430936
94.0 -0.00865551838886
94.5 -0.0083902801363
95.0 -0.00819606829761
95.5 -0.00802369113291
96.0 -0.00784352640782
96.5 -0.00752420076685
97.0 -0.00728116495077
97.5 -0.00706794087936
98.0 -0.00687912473687
98.5 -0.00674269549218
99.0 -0.00660335513741
99.5 -0.00651453813079
100.0 -0.00628182361358
100.5 -0.00609956758817
101.0 -0.00597386158405
101.5 -0.00583630736404
102.0 -0.00570656665033
102.5 -0.00562962838815
103.0 -0.00547056123858
103.5 -0.00540056508818
104.0 -0.00547127885581
104.5 -0.00544123669343
105.0 -0.00529533167411
105.5 -0.00521230602438
106.0 -0.00511386695458
106.5 -0.00524368527999
107.0 -0.00504094240671
107.5 -0.00501849529186
108.0 -0.00517313081738
108.5 -0.00532142159094
109.0 -0.00545422979439
109.5 -0.00539951093
110.0 -0.00538457333642
110.5 -0.00506357457831
111.0 -0.00546839165624
111.5 -0.0058422091104
112.0 -0.00561884551279
112.5 -0.00573914307456
113.0 -0.00601730042963
113.5 -0.00638009916528
114.0 -0.00637210755629
114.5 -0.00657718631646
115.0 -0.00675224957976
115.5 -0.00685083608482
116.0 -0.00725732203804
116.5 -0.00745511935017
117.0 -0.00729129063467
117.5 -0.00824785242908
118.0 -0.00723637709686
118.5 -0.0051305153134
119.0 -0.00215781248403
119.5 0.00653971941594
120.0 0.00778778589385
120.5 0.00529033753986
121.0 0.00220316167514
121.5 -0.000450215873428
122.0 -0.00492947470931
122.5 -0.00465619317212
123.0 -0.00360210957872
123.5 -0.00335031460273
124.0 -0.0042419798756
124.5 -0.0037878673797
125.0 -0.00388562264963
125.5 -0.00355433253908
126.0 -0.00351059029104
126.5 -0.00358584551086
127.0 -0.00322532662372
127.5 -0.00354008991117
128.0 -0.00372037108382
128.5 -0.00323904514239
129.0 -0.00276541091706
129.5 -0.00235641745338
130.0 -0.00183830339149
130.5 -0.00258886370635
131.0 -0.00224037597623
131.5 -0.00164580858132
132.0 -0.00121726285427
132.5 -0.00137103738349
133.0 -0.00128331592015
133.5 -0.000908257295379
134.0 -0.000786780427781
134.5 -0.000841844920942
135.0 -0.000384778180901
135.5 -0.000541699690331
136.0 -0.000255126116784
136.5 7.5098093081e-05
137.0 0.000209405615863
137.5 4.00371881639e-05
138.0 1.71823772774e-05
138.5 5.93799727469e-05
139.0 0.000333130246375
139.5 0.000484840716229
140.0 0.000696639372631
140.5 0.00106891857804
141.0 0.000651987870452
141.5 0.000740960723654
142.0 0.000743501985408
142.5 0.000800135082574
143.0 0.00103212738129
143.5 0.00116189915158
144.0 0.00120593293845
144.5 0.00136085974538
145.0 0.00142028152116
145.5 0.00153637308623
146.0 0.00177787071005
146.5 0.00175165568134
147.0 0.00170338955455
147.5 0.00165422197298
148.0 0.00170204126433
148.5 0.00183246455837
149.0 0.00187105008468
149.5 0.00191188144721
150.0 0.00197629573644
150.5 0.00205572157215
151.0 0.00215205091743
151.5 0.00212089842997
152.0 0.00241965793237
152.5 0.00237006195553
153.0 0.0023194227348
153.5 0.00248387885241
154.0 0.00258806959254
154.5 0.00250803970629
155.0 0.00243716159773
155.5 0.00256128188552
156.0 0.00263845778898
156.5 0.00259604404697
157.0 0.00277435589025
157.5 0.00297378641691
158.0 0.00313950682349
158.5 0.00319328330506
159.0 0.00298701470759
159.5 0.00300107757692
160.0 0.00336927470189
160.5 0.00331622043839
161.0 0.00322256794786
161.5 0.00326046573088
162.0 0.00346503880606
162.5 0.00376240655309
163.0 0.00391886117396
163.5 0.00373340384873
164.0 0.00351356943842
164.5 0.00379688838346
165.0 0.00420103211957
165.5 0.00433983115208
166.0 0.00428675433491
166.5 0.00382132273639
167.0 0.00437782245727
167.5 0.00485187620238
168.0 0.00474729813162
168.5 0.00476929398649
169.0 0.0050945471931
169.5 0.005314863524
170.0 0.0055618288764
170.5 0.00479288078206
171.0 0.00540189026306
171.5 0.00580124010767
172.0 0.00577738980705
172.5 0.00567368527282
173.0 0.00626091327297
173.5 0.0069408129917
174.0 0.00690701202588
174.5 0.00646493559704
175.0 0.00557675317575
175.5 0.00558158952362
176.0 0.00585299760243
176.5 0.00643793478228
177.0 0.00752269214952
177.5 0.0098764604205
178.0 0.00928722712321
178.5 0.00761367082113
179.0 0.00274582126991
179.5 0.00102512460445
180.0 0.00105283375248
180.5 -0.00112150471512
181.0 -0.000221022693324
181.5 0.000972784873326
182.0 0.00124995667626
182.5 0.00267406024571
183.0 0.00353030981321
183.5 0.00322269314169
184.0 0.0029124439837
184.5 0.00298451114188
185.0 0.00302823624871
185.5 0.00272061726932
186.0 0.00351401614465
186.5 0.00329937205574
187.0 0.00306254752412
187.5 0.00281776160723
188.0 0.00247581887248
188.5 0.00241524958786
189.0 0.00232933652867
189.5 0.00199906272493
190.0 0.00174581923008
190.5 0.00135331819608
191.0 0.0012234032407
191.5 0.000932370359308
192.0 0.000544231812697
192.5 0.000280230422533
193.0 -0.000156433122058
193.5 -0.000609131206772
194.0 -0.0012923672015
194.5 -0.00183809692258
195.0 -0.00256880654243
195.5 -0.00389736062117
196.0 -0.0048876087604
196.5 -0.0061377688527
197.0 -0.00777436856477
197.5 -0.00906827958647
198.0 -0.0119308163432
198.5 -0.016780068718
199.0 -0.0274953752225
199.5 -0.0447950368192
