0.0 0.0012411554413
0.5 0.0249991623247
1.0 0.027181619176
1.5 0.0215624833434
2.0 0.018183356332
2.5 0.0154791934676
3.0 0.0137596101629
3.5 0.0119722549267
4.0 0.0109307791971
4.5 0.00989588119805
5.0 0.00882786733018
5.5 0.00806356639567
6.0 0.00727122244557
6.5 0.00655859691627
7.0 0.00597494505523
7.5 0.00536719669522
8.0 0.00484180458051
8.5 0.00428580677098
9.0 0.00377768211758
9.5 0.00328321030451
10.0 0.00277012336199
10.5 0.00230208812079
11.0 0.00181843147096
11.5 0.00135349226002
12.0 0.000905085654193
12.5 0.000438926706037
13.0 -3.18141987456e-05
13.5 -0.000474217657967
14.0 -0.00094009082488
14.5 -0.00139263323518
15.0 -0.00182164076597
15.5 -0.00227155836674
16.0 -0.00276056984019
16.5 -0.00320346870789
17.0 -0.00365395168546
17.5 -0.00412958092091
18.0 -0.00461242011832
18.5 -0.00509221993165
19.0 -0.00557392880707
19.5 -0.00607847717516
20.0 -0.00656296407078
20.5 -0.00705389107637
21.0 -0.00756405155763
21.5 -0.00805700241327
22.0 -0.0085665251047
22.5 -0.00909513253383
23.0 -0.0096240268242
23.5 -0.0101710466127
24.0 -0.010725809464
24.5 -0.0112694372725
25.0 -0.0118073082264
25.5 -0.0123664377586
26.0 -0.0129386845988
26.5 -0.013505238902
27.0 -0.0140732319656
27.5 -0.0146492158546
28.0 -0.0152291059699
28.5 -0.0158381932691
29.0 -0.0164174748264
29.5 -0.0170354522774
30.0 -0.0176227286471
30.5 -0.018220589494
31.0 -0.0188402428456
31.5 -0.0194484720821
32.0 -0.0200515617741
32.5 -0.0206606536159
33.0 -0.0212720547354
33.5 -0.021882742348
34.0 -0.0224963453816
34.5 -0.0231245969436
35.0 -0.0237417376061
35.5 -0.0243581694069
36.0 -0.0249658106091
36.5 -0.0255608855613
37.0 -0.0261524435633
37.5 -0.0267509471363
38.0 -0.0273466928458
38.5 -0.0279151855263
39.0 -0.0284931915977
39.5 -0.0290789940833
40.0 -0.0296224862244
40.5 -0.0301732898007
41.0 -0.0306987291519
41.5 -0.0312276046922
42.0 -0.0317366961482
42.5 -0.0322288304091
43.0 -0.0327117493833
43.5 -0.0331725145406
44.0 -0.0336275227352
44.5 -0.0340644174295
45.0 -0.0344772179885
45.5 -0.0348946545637
46.0 -0.0352767737841
46.5 -0.0356394554421
47.0 -0.0359681087348
47.5 -0.0362720522155
48.0 -0.0365926251615
48.5 -0.0368636169737
49.0 -0.037101779142
49.5 -0.037335063666
50.0 -0.0375197687934
50.5 -0.037707251882
51.0 -0.0378585725978
51.5 -0.0379855760185
52.0 -0.0380997668237
52.5 -0.0381755663361
53.0 -0.0382338365443
53.5 -0.0382552143583
54.0 -0.0382565403775
54.5 -0.0382197850867
55.0 -0.0381571242697
55.5 -0.038070330356
56.0 -0.0379853684772
56.5 -0.0378430918808
57.0 -0.0377057466417
57.5 -0.0375384844686
58.0 -0.0373432792784
58.5 -0.0371226734904
59.0 -0.0368748409091
59.5 -0.0366251249812
60.0 -0.0363382308829
60.5 -0.0360096293011
61.0 -0.035690089387
61.5 -0.0353190748863
62.0 -0.0349389381568
62.5 -0.0345835382167
63.0 -0.0342074077816
63.5 -0.0338043805892
64.0 -0.0333917714705
64.5 -0.0329374308434
65.0 -0.0324883276626
65.5 -0.0320243234969
66.0 -0.0315425961116
66.5 -0.0310601310673
67.0 -0.0305684234847
67.5 -0.0300750918677
68.0 -0.0295861843391
68.5 -0.0290854614317
69.0 -0.0285407474301
69.5 -0.0280355327248
70.0 -0.0275117044859
70.5 -0.0269919139168
71.0 -0.0264676661296
71.5 -0.0259145889712
72.0 -0.0253724572338
72.5 -0.0248526579904
73.0 -0.0243489348382
73.5 -0.0238271780753
74.0 -0.0233122550557
74.5 -0.0227453714693
75.0 -0.0222555098912
75.5 -0.0217566762844
76.0 -0.0212491626535
76.5 -0.0206990443031
77.0 -0.0201631009725
77.5 -0.019672929054
78.0 -0.0192126978283
78.5 -0.0186857892831
79.0 -0.0182180134088
79.5 -0.017749120971
80.0 -0.0173125653679
80.5 -0.0168893491176
81.0 -0.0163581126937
81.5 -0.0159422644407
82.0 -0.0154964653437
82.5 -0.0150292595813
83.0 -0.0146221649032
83.5 -0.0141840842808
84.0 -0.0138020184417
84.5 -0.013486093036
85.0 -0.0129845815965
85.5 -0.01264514056
86.0 -0.0123251359401
86.5 -0.0119313742374
87.0 -0.0115521065576
87.5 -0.0111872176859
88.0 -0.0108405362852
88.5 -0.0104837328241
89.0 -0.0102012692458
89.5 -0.00994100333309
90.0 -0.00955900645863
90.5 -0.00933550796161
91.0 -0.00904664025043
91.5 -0.00876515320173
92.0 -0.00850137855194
92.5 -0.00820436715317
93.0 -0.00795528159947
93.5 -0.00774395540527
94.0 -0.00741925378355
94.5 -0.00721232428305
95.0 -0.00703702440797
95.5 -0.00678969243584
96.0 -0.00656592179431
96.5 -0.00637641428575
97.0 -0.00632997051476
97.5 -0.00614860807758
98.0 -0.0058746483791
98.5 -0.0057176772644
99.0 -0.00558135577897
99.5 -0.00552777906152
100.0 -0.0052698919304
100.5 -0.00518944671097
101.0 -0.00502298071864
101.5 -0.00487135282295
102.0 -0.00467615891175
102.5 -0.00466742677135
103.0 -0.00468985574837
103.5 -0.0047035094323
104.0 -0.00466890081788
104.5 -0.0045192557543
105.0 -0.00420436448795
105.5 -0.0042842375661
106.0 -0.0043002607755
106.5 -0.00436639966556
107.0 -0.00442097728853
107.5 -0.0044809355966
108.0 -0.0045800075607
108.5 -0.00461306163201
109.0 -0.00456658822301
109.5 -0.00450406661624
110.0 -0.0045277489878
110.5 -0.004195537298
111.0 -0.00447563930957
111.5 -0.00494674120022
112.0 -0.0051216368845
112.5 -0.00489461596567
113.0 -0.00473717072771
113.5 -0.00516026683121
114.0 -0.00511347394936
114.5 -0.00527502251245
115.0 -0.00513764120468
115.5 -0.00470658547485
116.0 -0.00480929539002
116.5 -0.00492720899459
117.0 -0.0053058621527
117.5 -0.00510952727912
118.0 -0.00391172866384
118.5 -0.00254632035566
119.0 -0.00180142550774
119.5 0.0052533316081
120.0 0.00637522549239
120.5 0.00418128388606
121.0 0.00167183239277
121.5 -0.00354593770084
122.0 -0.00356454058516
122.5 -0.00689866721945
123.0 -0.00611986211835
123.5 -0.00489967435726
124.0 -0.00465364125176
124.5 -0.00447233052996
125.0 -0.00443255901905
125.5 -0.00399554575544
126.0 -0.00385883526927
126.5 -0.0036168782259
127.0 -0.00408592826047
127.5 -0.00397114096087
128.0 -0.0034912102228
128.5 -0.0034187333997
129.0 -0.00298883886412
129.5 -0.00269760668202
130.0 -0.00252549353452
130.5 -0.00229574491248
131.0 -0.0024512876125
131.5 -0.00192022292792
132.0 -0.00145142867994
132.5 -0.00145632846711
133.0 -0.00123949270859
133.5 -0.00108151571366
134.0 -0.0011274407321
134.5 -0.000697044480127
135.0 -0.000766689663827
135.5 -0.000769746297017
136.0 -0.000434001856604
136.5 -0.000564571410539
137.0 -0.000386292079689
137.5 -0.00017981333481
138.0 1.66610440289e-06
138.5 -0.000108438496415
139.0 4.98764602597e-05
139.5 0.000309540484331
140.0 0.000251555026693
140.5 0.000137101264013
141.0 0.00036234352385
141.5 0.000415043018879
142.0 0.000673187971987
142.5 0.000870467859862
143.0 0.00102132047889
143.5 0.000958160832878
144.0 0.000826891951622
144.5 0.00105485826374
145.0 0.00116520654106
145.5 0.000972438471526
146.0 0.00106805149128
146.5 0.00122811808643
147.0 0.00129771371219
147.5 0.00132605363925
148.0 0.00147330266148
148.5 0.00163919616044
149.0 0.00157303038176
149.5 0.00146472531434
150.0 0.0015495501868
150.5 0.00172792020302
151.0 0.00195307309211
151.5 0.00198000635477
152.0 0.00193855194308
152.5 0.00189940522654
153.0 0.00193275470349
153.5 0.00203404078042
154.0 0.00220431906405
154.5 0.00236647319428
155.0 0.00232585433637
155.5 0.00256134008656
156.0 0.0026110517356
156.5 0.00249324255717
157.0 0.00240023247959
157.5 0.00239676319213
158.0 0.00242736903767
158.5 0.00265230408386
159.0 0.00283832855931
159.5 0.00270928529222
160.0 0.0025845813456
160.5 0.0028542505006
161.0 0.00283613717033
161.5 0.00309739463523
162.0 0.00309127915904
162.5 0.00328010331175
163.0 0.00352111906666
163.5 0.00352323547995
164.0 0.00334534503302
164.5 0.00335782213749
165.0 0.0036761262447
165.5 0.00381698979019
166.0 0.00390231295184
166.5 0.00398284491157
167.0 0.00410303933201
167.5 0.00444512811072
168.0 0.00443219108904
168.5 0.00439392700406
169.0 0.00459028115883
169.5 0.00474264972407
170.0 0.0051420998497
170.5 0.0053436345256
171.0 0.00502091151101
171.5 0.00492248448663
172.0 0.00570100102064
172.5 0.00619680324465
173.0 0.00583772766622
173.5 0.00564067449108
174.0 0.00592039764004
174.5 0.00608960314841
175.0 0.00647226009571
175.5 0.00641879532763
176.0 0.00557737481556
176.5 0.00623279175676
177.0 0.00666375765941
177.5 0.00643814628205
178.0 0.00648670139685
178.5 0.0045256914935
179.0 -0.000430964894818
179.5 -0.000754947029549
180.0 -3.84066979109e-07
180.5 -0.00274581585049
181.0 -0.00199031608091
181.5 0.000722237609068
182.0 0.00188196196545
182.5 0.00305409441178
183.0 0.00314172403797
183.5 0.00364546571096
184.0 0.00354535262835
184.5 0.00344784804358
185.0 0.00339328024262
185.5 0.00313153708238
186.0 0.00318396349577
186.5 0.00303035052183
187.0 0.00275879184044
187.5 0.00249663090156
188.0 0.00241507203484
188.5 0.00248742302374
189.0 0.00204969208238
189.5 0.00171416523914
190.0 0.00152017493079
190.5 0.00119527246584
191.0 0.000972730555787
191.5 0.000674445354619
192.0 0.00023860040659
192.5 -1.74311075938e-05
193.0 -0.000480717550559
193.5 -0.000786999243502
194.0 -0.00146830467239
194.5 -0.00217085865945
195.0 -0.00281208683376
195.5 -0.00433048236273
196.0 -0.00539724664708
196.5 -0.00646541818098
197.0 -0.00792083716571
197.5 -0.00900994028052
198.0 -0.0119381534314
198.5 -0.0167490526943
199.0 -0.0271590839299
199.5 -0.0427390097917
