0.0 0.00308770862821
0.5 0.0255270808549
1.0 0.0289037518956
1.5 0.0228441884788
2.0 0.0197424995074
2.5 0.0167895110797
3.0 0.015069227302
3.5 0.0136086321072
4.0 0.0123841564966
4.5 0.0109482080708
5.0 0.0100081959965
5.5 0.00922287445462
6.0 0.00843619198825
6.5 0.00775284667062
7.0 0.00715764466649
7.5 0.0064994075291
8.0 0.00593508422069
8.5 0.00538078056786
9.0 0.00485705968189
9.5 0.00434350763715
10.0 0.00386583251944
10.5 0.00329712323942
11.0 0.00281326248781
11.5 0.0023650065382
12.0 0.00191597342957
12.5 0.00144967554101
13.0 0.00100090174356
13.5 0.000540728134087
14.0 1.80634706375e-05
14.5 -0.000403721093866
15.0 -0.000846872964928
15.5 -0.00131787745655
16.0 -0.00177665263478
16.5 -0.00223879631608
17.0 -0.00270386897557
17.5 -0.00317818761804
18.0 -0.00366235597653
18.5 -0.00416189806927
19.0 -0.00464155137239
19.5 -0.00513653880682
20.0 -0.00563543207509
20.5 -0.00614329836174
21.0 -0.00663544335151
21.5 -0.00714778530871
22.0 -0.00767316733916
22.5 -0.00817302043307
23.0 -0.00871489420926
23.5 -0.00925752920964
24.0 -0.00981108926154
24.5 -0.0103676490585
25.0 -0.010915030583
25.5 -0.0114733911996
26.0 -0.0120282930334
26.5 -0.0125879947736
27.0 -0.0131681549969
27.5 -0.013739148651
28.0 -0.0143128269021
28.5 -0.014910210764
29.0 -0.0155123359136
29.5 -0.016123598049
30.0 -0.0167162833184
30.5 -0.0173161934134
31.0 -0.0179260839164
31.5 -0.0185315972447
32.0 -0.0191433628241
32.5 -0.0197524749304
33.0 -0.0203688195345
33.5 -0.0209898785444
34.0 -0.0216086411827
34.5 -0.0222482352933
35.0 -0.0228718852085
35.5 -0.0234840754581
36.0 -0.024094526026
36.5 -0.0247124207173
37.0 -0.025339570368
37.5 -0.0259507867005
38.0 -0.0265377853729
38.5 -0.0271447415908
39.0 -0.0277319609138
39.5 -0.0283370699791
40.0 -0.0289470867494
40.5 -0.0295296048837
41.0 -0.0300984759147
41.5 -0.0306660624453
42.0 -0.0312137666733
42.5 -0.0317616731753
43.0 -0.0323048912524
43.5 -0.0328080626258
44.0 -0.0333116628253
44.5 -0.0338294145996
45.0 -0.0343334956414
45.5 -0.0347938943833
46.0 -0.0352279928594
46.5 -0.0356891915919
47.0 -0.0361236858103
47.5 -0.0365267211461
48.0 -0.0369425402508
48.5 -0.0373103602197
49.0 -0.0376424315107
49.5 -0.0380039136787
50.0 -0.0382834839518
50.5 -0.0385802716905
51.0 -0.0388530115358
51.5 -0.0391035893033
52.0 -0.039344249436
52.5 -0.0395478615348
53.0 -0.0397347050167
53.5 -0.0398894002617
54.0 -0.0400188209857
54.5 -0.0401163273441
55.0 -0.0401853302023
55.5 -0.0402488720694
56.0 -0.0402628129327
56.5 -0.0402778515842
57.0 -0.0402375782138
57.5 -0.0401704590793
58.0 -0.0401247820615
58.5 -0.0400263865525
59.0 -0.0398849417479
59.5 -0.0397522098323
60.0 -0.0395810903769
60.5 -0.0393612891362
61.0 -0.0391228796851
61.5 -0.0388754384102
62.0 -0.0386321090319
62.5 -0.0383368244163
63.0 -0.0380383587486
63.5 -0.0376999525467
64.0 -0.0373332945755
64.5 -0.0369811372204
65.0 -0.0365980391543
65.5 -0.0361348258363
66.0 -0.0357008303067
66.5 -0.0352646290877
67.0 -0.0348053306293
67.5 -0.0343237632791
68.0 -0.0338341362354
68.5 -0.033348669463
69.0 -0.0328548758541
69.5 -0.0323036622655
70.0 -0.0317925223274
70.5 -0.03125043309
71.0 -0.0307098191236
71.5 -0.0301204434802
72.0 -0.029535350896
72.5 -0.0289719600967
73.0 -0.0284229632609
73.5 -0.0278773835419
74.0 -0.0273067932629
74.5 -0.0267390538891
75.0 -0.0261700630926
75.5 -0.0255991907848
76.0 -0.0250154198603
76.5 -0.0243865858524
77.0 -0.0237986708226
77.5 -0.0232360361105
78.0 -0.0226853495635
78.5 -0.0221211504028
79.0 -0.0216016675583
79.5 -0.0210858145643
80.0 -0.0205359708112
80.5 -0.0200189852106
81.0 -0.0194905380521
81.5 -0.0189101110649
82.0 -0.0183468487589
82.5 -0.0178456070357
83.0 -0.017384269592
83.5 -0.0168793398282
84.0 -0.0164176337683
84.5 -0.0160191250143
85.0 -0.015446742982
85.5 -0.015012609362
86.0 -0.0145300615914
86.5 -0.0140972060055
87.0 -0.0136932725243
87.5 -0.0132622035265
88.0 -0.0128824642096
88.5 -0.0124798635816
89.0 -0.0120990111104
89.5 -0.011715924809
90.0 -0.011318555936
90.5 -0.0109632434415
91.0 -0.0105811781808
91.5 -0.0102466650457
92.0 -0.00994222197554
92.5 -0.00960470835887
93.0 -0.00931148484801
93.5 -0.00905138892981
94.0 -0.00867457737263
94.5 -0.00842464916934
95.0 -0.00823088208876
95.5 -0.00801096255442
96.0 -0.00769320904914
96.5 -0.00736692765768
97.0 -0.00718944239918
97.5 -0.0070183721353
98.0 -0.00676313837138
98.5 -0.00650741811465
99.0 -0.00628565719773
99.5 -0.00613247083941
100.0 -0.00594601508225
100.5 -0.00586460162704
101.0 -0.00575236216484
101.5 -0.00548038686623
102.0 -0.00537924671239
102.5 -0.0053632301484
103.0 -0.00528433248001
103.5 -0.0052350729763
104.0 -0.00507258624261
104.5 -0.00488837469173
105.0 -0.00476326440972
105.5 -0.00468828937589
106.0 -0.00441489676398
106.5 -0.00453870351502
107.0 -0.00460990428706
107.5 -0.00468458622503
108.0 -0.00460382819263
108.5 -0.00453713261775
109.0 -0.00478595289503
109.5 -0.00474444481925
110.0 -0.00436465748813
110.5 -0.00461383263794
111.0 -0.00480984324343
111.5 -0.00506690445193
112.0 -0.0050574993019
112.5 -0.00509567615917
113.0 -0.00515750840658
113.5 -0.00530592871239
114.0 -0.00511906275817
114.5 -0.00517463648836
115.0 -0.00513714562909
115.5 -0.00384134843182
116.0 -0.00399444485393
116.5 -0.00359749385379
117.0 -0.00308584902503
117.5 -0.00373103443783
118.0 -0.00332836887574
118.5 -0.00264410390369
119.0 0.000366354894695
119.5 0.00798008517869
120.0 0.00773113898238
120.5 0.0051551677177
121.0 0.00277649688175
121.5 -0.00300169391738
122.0 -0.00572497564507
122.5 -0.00950712563926
123.0 -0.00764584155128
123.5 -0.00683601116276
124.0 -0.00669797762806
124.5 -0.00746190048237
125.0 -0.00641223631429
125.5 -0.00570479952692
126.0 -0.00535302843348
126.5 -0.00517493246446
127.0 -0.0048580548066
127.5 -0.00416448039715
128.0 -0.00412517721823
128.5 -0.0043941063371
129.0 -0.0035677137779
129.5 -0.00312347908887
130.0 -0.00278678662043
130.5 -0.00228936134814
131.0 -0.00293884402851
131.5 -0.00251884462779
132.0 -0.00221566110081
132.5 -0.00189627584707
133.0 -0.00156684481706
133.5 -0.00144791683721
134.0 -0.00136892857255
134.5 -0.001179973687
135.0 -0.000947326516716
135.5 -0.000507544255193
136.0 -0.00094977006988
136.5 -0.000761129503967
137.0 -0.000445522252726
137.5 -0.000317560160909
138.0 -2.49350439319e-05
138.5 -2.92709807681e-05
139.0 -0.000207147911464
139.5 7.15859386524e-05
140.0 0.000257818450059
140.5 0.000477638337468
141.0 0.000336713286046
141.5 0.000378672946667
142.0 0.0005903662666
142.5 0.000705772371814
143.0 0.000738824034395
143.5 0.000744981147852
144.0 0.00096483616902
144.5 0.00123380119769
145.0 0.00118211316645
145.5 0.00108642099962
146.0 0.00122870373001
146.5 0.00138915941664
147.0 0.00133358073265
147.5 0.00142563473843
148.0 0.00147245469574
148.5 0.00145094805572
149.0 0.00152757203554
149.5 0.00165788360659
150.0 0.00173573613858
150.5 0.00200018128253
151.0 0.00186807628394
151.5 0.00184238412056
152.0 0.00192869013257
152.5 0.00205729007554
153.0 0.00214321630853
153.5 0.00216279920271
154.0 0.00226161146451
154.5 0.00252294809734
155.0 0.00279587752231
155.5 0.00258887717118
156.0 0.00260452987552
156.5 0.00262650923193
157.0 0.00265469177087
157.5 0.00260239553863
158.0 0.00262175884206
158.5 0.0027545819729
159.0 0.00275413755145
159.5 0.00282417288446
160.0 0.00304596357245
160.5 0.002911247049
161.0 0.00318369721628
161.5 0.00338564318528
162.0 0.00349917200845
162.5 0.00341910802353
163.0 0.00328628586735
163.5 0.00333515599811
164.0 0.00355185411207
164.5 0.00374670984791
165.0 0.00405227235643
165.5 0.00394868504453
166.0 0.00426051443949
166.5 0.00449531112118
167.0 0.00401509854812
167.5 0.00450407526006
168.0 0.00491780533721
168.5 0.00486359520959
169.0 0.00494759929364
169.5 0.00515858842705
170.0 0.00535532900242
170.5 0.0050687189939
171.0 0.00517271030651
171.5 0.00614539055108
172.0 0.0064635956543
172.5 0.00662738597724
173.0 0.00679473117363
173.5 0.00684456248489
174.0 0.0069784722982
174.5 0.00712914767851
175.0 0.00671027350779
175.5 0.00678353818117
176.0 0.00708156558798
176.5 0.00717226912812
177.0 0.0070410302506
177.5 0.00766916184368
178.0 0.00535172869181
178.5 0.00342320221914
179.0 0.000181034292396
179.5 -0.00301906914579
180.0 -0.0041028238013
180.5 -0.00575348986233
181.0 -0.00310416523729
181.5 0.000282036099733
182.0 0.000704045210043
182.5 0.00314072543854
183.0 0.00275018549564
183.5 0.00309091943835
184.0 0.00302121834024
184.5 0.0030508618038
185.0 0.0031328250566
185.5 0.00289429571409
186.0 0.00291236506199
186.5 0.00279574839684
187.0 0.00264897688133
187.5 0.00233181392325
188.0 0.00212880298612
188.5 0.00215210482017
189.0 0.0016901328781
189.5 0.00134762692953
190.0 0.00106242819086
190.5 0.000596102214388
191.0 0.000309777289132
191.5 -7.2935824079e-05
192.0 -0.00045247230311
192.5 -0.000744216758491
193.0 -0.00149064119213
193.5 -0.00212406588103
194.0 -0.0027439870842
194.5 -0.00351291567937
195.0 -0.00487703651648
195.5 -0.00645383370535
196.0 -0.00787947531818
196.5 -0.00967395031047
197.0 -0.0118432426841
197.5 -0.0140945878203
198.0 -0.019531545617
198.5 -0.0272506927536
199.0 -0.0426060401844
199.5 -0.0690901373286
