0.0 0.00239315293362
0.5 0.0253256001772
1.0 0.0269887105479
1.5 0.0212993921136
2.0 0.0178309206586
2.5 0.015007875737
3.0 0.0132817973088
3.5 0.0117598675765
4.0 0.0104704781276
4.5 0.00935146676886
5.0 0.00822652282468
5.5 0.00741975049892
6.0 0.00664821878286
6.5 0.00581210161825
7.0 0.00513758038051
7.5 0.00458301176634
8.0 0.00400155584951
8.5 0.0032958926348
9.0 0.00281845861783
9.5 0.00229143895083
10.0 0.00174826227318
10.5 0.00128676198202
11.0 0.000696912547246
11.5 0.000161173099523
12.0 -0.000321291155785
12.5 -0.00081381314717
13.0 -0.00130484615158
13.5 -0.00180015584758
14.0 -0.00232084449685
14.5 -0.00281999714786
15.0 -0.0032992962622
15.5 -0.0038090109365
16.0 -0.0043116723617
16.5 -0.0048253125425
17.0 -0.00531730066471
17.5 -0.00583369929591
18.0 -0.00637615156674
18.5 -0.00689504435742
19.0 -0.00744852464015
19.5 -0.00798880076267
20.0 -0.00853102276607
20.5 -0.00907905252371
21.0 -0.00963054125356
21.5 -0.0101941668479
22.0 -0.0107570666314
22.5 -0.0113149705178
23.0 -0.0118976344428
23.5 -0.0124878867159
24.0 -0.0130898309875
24.5 -0.0136855959212
25.0 -0.0142649559978
25.5 -0.014866474083
26.0 -0.0154775777361
26.5 -0.016079781315
27.0 -0.0166818838199
27.5 -0.0172921398705
28.0 -0.0178818699689
28.5 -0.0184932706181
29.0 -0.0191051811588
29.5 -0.0197294839943
30.0 -0.020339437091
30.5 -0.0209651284419
31.0 -0.0215825192256
31.5 -0.022190077704
32.0 -0.0228011003179
32.5 -0.023386531935
33.0 -0.0239798341859
33.5 -0.0245695556096
34.0 -0.0251530492148
34.5 -0.0257345296797
35.0 -0.0263039747919
35.5 -0.0268755922087
36.0 -0.0274233445807
36.5 -0.0279618288793
37.0 -0.0285047239764
37.5 -0.0290273485955
38.0 -0.0295204192418
38.5 -0.0300212408833
39.0 -0.0304834272656
39.5 -0.0309505286423
40.0 -0.0313970333499
40.5 -0.0318555252384
41.0 -0.0322709822594
41.5 -0.0326716143469
42.0 -0.0330574069645
42.5 -0.0334158107789
43.0 -0.0337488285468
43.5 -0.0340701743991
44.0 -0.0343699148778
44.5 -0.0346357018497
45.0 -0.0348841781674
45.5 -0.0351345543344
46.0 -0.0353599850097
46.5 -0.035548389214
47.0 -0.0357115735457
47.5 -0.0358466021395
48.0 -0.0359893722842
48.5 -0.0360937803781
49.0 -0.0361673363503
49.5 -0.0362223815634
50.0 -0.036227894045
50.5 -0.036242554343
51.0 -0.0362423312505
51.5 -0.0361904796007
52.0 -0.0361433021216
52.5 -0.0360478030239
53.0 -0.0359455730006
53.5 -0.035828412663
54.0 -0.035697326366
54.5 -0.0355518741243
55.0 -0.0353379307442
55.5 -0.0351061800404
56.0 -0.03490343154
56.5 -0.0346955055588
57.0 -0.0344324893067
57.5 -0.034147744398
58.0 -0.0338875530896
58.5 -0.0336187126592
59.0 -0.0333173688713
59.5 -0.0329922073085
60.0 -0.0326485635279
60.5 -0.032275631628
61.0 -0.031938788494
61.5 -0.0315495554704
62.0 -0.0311630432345
62.5 -0.0307719263758
63.0 -0.0303842543486
63.5 -0.0299833176213
64.0 -0.0295552727727
64.5 -0.0291580788493
65.0 -0.0287204915108
65.5 -0.0282980903724
66.0 -0.0278366843161
66.5 -0.0273867873694
67.0 -0.0269455777616
67.5 -0.0265330440729
68.0 -0.0260777680412
68.5 -0.0256284061416
69.0 -0.025183878457
69.5 -0.024751553944
70.0 -0.024299790385
70.5 -0.0238233167547
71.0 -0.0233673949019
71.5 -0.0229380117083
72.0 -0.0224219624512
72.5 -0.0219539952089
73.0 -0.0215543895657
73.5 -0.0210975843628
74.0 -0.0206865417729
74.5 -0.0202632178283
75.0 -0.0197521691479
75.5 -0.0193537505495
76.0 -0.0189216088653
76.5 -0.0184591762733
77.0 -0.0180302657363
77.5 -0.0176149891175
78.0 -0.0172285673917
78.5 -0.0168123591896
79.0 -0.0163867396627
79.5 -0.0160145207366
80.0 -0.0156404658428
80.5 -0.0152599675171
81.0 -0.014857040264
81.5 -0.0145308394127
82.0 -0.0141705060385
82.5 -0.0137373824042
83.0 -0.0133389876331
83.5 -0.0130007491974
84.0 -0.0126829342324
84.5 -0.0123917764882
85.0 -0.0120553896145
85.5 -0.0117726289655
86.0 -0.0114510804994
86.5 -0.0111853925869
87.0 -0.0108436439591
87.5 -0.0104733407036
88.0 -0.0101987002083
88.5 -0.00988919898454
89.0 -0.00961953493501
89.5 -0.00935238949254
90.0 -0.00911935038761
90.5 -0.00898314899509
91.0 -0.00867105592052
91.5 -0.00840889324409
92.0 -0.00816482420526
92.5 -0.00790434051727
93.0 -0.00772715635982
93.5 -0.00760217025064
94.0 -0.00734403803065
94.5 -0.00709997103654
95.0 -0.00697163967152
95.5 -0.0067730345432
96.0 -0.00660021998711
96.5 -0.00639957944316
97.0 -0.00627877371723
97.5 -0.00613007326262
98.0 -0.00595496078396
98.5 -0.00581369030725
99.0 -0.00565677584202
99.5 -0.00554235552936
100.0 -0.00532444703814
100.5 -0.00528035421286
101.0 -0.00513939534665
101.5 -0.00500987881126
102.0 -0.00483380601254
102.5 -0.00483014648836
103.0 -0.00482759592379
103.5 -0.00479510988646
104.0 -0.00474150815923
104.5 -0.00467435462014
105.0 -0.00460959873503
105.5 -0.00455328637916
106.0 -0.00446715492158
106.5 -0.00453878607691
107.0 -0.00453086936705
107.5 -0.0045659725521
108.0 -0.00466502123196
108.5 -0.00471151277564
109.0 -0.00471782435918
109.5 -0.00470019778375
110.0 -0.00474876750749
110.5 -0.00483298399195
111.0 -0.00489135971108
111.5 -0.00521378372421
112.0 -0.00534803452015
112.5 -0.00510517636876
113.0 -0.0049674202761
113.5 -0.005288599552
114.0 -0.00511935032742
114.5 -0.00515810615052
115.0 -0.00505028403127
115.5 -0.0047555112163
116.0 -0.00508522593775
116.5 -0.00519100587492
117.0 -0.00547536582638
117.5 -0.00608218339104
118.0 -0.00548645047076
118.5 -0.00293601126516
119.0 -0.000596388429003
119.5 0.00738363110712
120.0 0.00760934572573
120.5 0.00212190655554
121.0 -0.00328915234731
121.5 -0.00574532423632
122.0 -0.00799504947787
122.5 -0.00815526137599
123.0 -0.00731995777865
123.5 -0.00602130844713
124.0 -0.004955522182
124.5 -0.00410695737665
125.0 -0.00459538338778
125.5 -0.00491660727641
126.0 -0.00434761062498
126.5 -0.00486094731932
127.0 -0.00460464808951
127.5 -0.0039695257599
128.0 -0.00400399733692
128.5 -0.00420595445523
129.0 -0.00351129897099
129.5 -0.00303598895409
130.0 -0.00265930525951
130.5 -0.0033369916783
131.0 -0.00280872585368
131.5 -0.00261819234481
132.0 -0.00251557053044
132.5 -0.00229368807417
133.0 -0.00194963204787
133.5 -0.00174528991865
134.0 -0.00154689623953
134.5 -0.00139497501981
135.0 -0.00140290556005
135.5 -0.00120305526557
136.0 -0.00081974410562
136.5 -0.00063417340861
137.0 -0.00088098319705
137.5 -0.000948663746776
138.0 -0.000595657176472
138.5 -0.000504355107307
139.0 -0.000436653859051
139.5 -0.000394368790339
140.0 -0.000139193414942
140.5 0.00010809589628
141.0 0.00032108466036
141.5 -4.25560627306e-05
142.0 8.27318909131e-05
142.5 0.000201195099919
143.0 0.000329649478727
143.5 0.000482819882851
144.0 0.000648899095507
144.5 0.000760306535033
145.0 0.000610923013088
145.5 0.000718638645922
146.0 0.000754181005337
146.5 0.000537692223965
147.0 0.00088723841244
147.5 0.00113349392682
148.0 0.00110637680667
148.5 0.00110841257944
149.0 0.00120456956667
149.5 0.00131825736268
150.0 0.00144255866717
150.5 0.00137761828775
151.0 0.001521402754
151.5 0.00162259590213
152.0 0.00170519062547
152.5 0.00182683658448
153.0 0.00196013485606
153.5 0.00197907249339
154.0 0.00192323546404
154.5 0.00196279012819
155.0 0.00206116572681
155.5 0.00204250798925
156.0 0.00206166784482
156.5 0.00210723128568
157.0 0.00216673279099
157.5 0.00212632014784
158.0 0.0022322612126
158.5 0.00249284300434
159.0 0.00259369877985
159.5 0.00274993742751
160.0 0.00280601547262
160.5 0.00266179772491
161.0 0.00280099921775
161.5 0.00257076645563
162.0 0.0028679543413
162.5 0.0031975321646
163.0 0.00321709030602
163.5 0.00317434924454
164.0 0.00326389410263
164.5 0.00337413627275
165.0 0.00338945582051
165.5 0.00349521668942
166.0 0.00322509917945
166.5 0.00331505207806
167.0 0.00382463013172
167.5 0.0041267662273
168.0 0.00426123954497
168.5 0.00430839676614
169.0 0.00417985834856
169.5 0.00427519351886
170.0 0.00488168709339
170.5 0.00516973932972
171.0 0.0048577421183
171.5 0.00525181465467
172.0 0.0056408024785
172.5 0.00624656087697
173.0 0.00676675947092
173.5 0.00673725820228
174.0 0.00651475380666
174.5 0.00692098187488
175.0 0.0071360317778
175.5 0.00674380404971
176.0 0.00713770945916
176.5 0.00782522340486
177.0 0.00740962257821
177.5 0.00828754461703
178.0 0.00399608746409
178.5 0.00232381316758
179.0 -0.00197020292502
179.5 -0.00359104196544
180.0 -0.00309916307968
180.5 -0.00493136386207
181.0 -0.00260366749001
181.5 0.00138584461767
182.0 0.00147949727003
182.5 0.00186275949109
183.0 0.00222629871048
183.5 0.00294999515103
184.0 0.00258154545647
184.5 0.00252328985874
185.0 0.00248260477817
185.5 0.00205665273982
186.0 0.00280892460603
186.5 0.00263879576643
187.0 0.00250630754934
187.5 0.00225977056535
188.0 0.00189867755363
188.5 0.00165529040078
189.0 0.00138826364474
189.5 0.00120431635254
190.0 0.000820891998444
190.5 0.000383536162275
191.0 7.68436170659e-05
191.5 -0.000364946183808
192.0 -0.000760541274332
192.5 -0.0010659420368
193.0 -0.00160962524797
193.5 -0.00236150390116
194.0 -0.00325899698566
194.5 -0.00401169142283
195.0 -0.00486494593808
195.5 -0.0062573911903
196.0 -0.00837070792876
196.5 -0.0101091335009
197.0 -0.0121745109212
197.5 -0.0143604121294
198.0 -0.0197184453991
198.5 -0.0270193288954
199.0 -0.0422337783816
199.5 -0.0666695759909
