0.0 0.00500629230636
0.5 0.0199070282031
1.0 0.0262884417908
1.5 0.0221078009711
2.0 0.0191862161043
2.5 0.0165529944675
3.0 0.0148454951226
3.5 0.0137969956867
4.0 0.0126947735642
4.5 0.0116962651839
5.0 0.0106836066151
5.5 0.00992716351814
6.0 0.00916771763437
6.5 0.00846323655709
7.0 0.00782670770772
7.5 0.00718102081549
8.0 0.00661504213715
8.5 0.00604128005367
9.0 0.00553979327214
9.5 0.0048768008439
10.0 0.00437810455793
10.5 0.0039114003407
11.0 0.00340636999545
11.5 0.00290992546228
12.0 0.00242848232189
12.5 0.00193887717666
13.0 0.00144904073894
13.5 0.000958971338134
14.0 0.000466982844909
14.5 -9.37536726777e-05
15.0 -0.000558022119383
15.5 -0.00106284237964
16.0 -0.00155777805518
16.5 -0.0020433126751
17.0 -0.00255974045015
17.5 -0.00309567397652
18.0 -0.00363114271347
18.5 -0.00414867942479
19.0 -0.00467516445197
19.5 -0.00522379753845
20.0 -0.00576803613619
20.5 -0.00632778196146
21.0 -0.0068815929638
21.5 -0.00744029469247
22.0 -0.00801446976943
22.5 -0.00859853219565
23.0 -0.00917360379784
23.5 -0.00976636742958
24.0 -0.0103735913588
24.5 -0.010977976287
25.0 -0.0115800140379
25.5 -0.012192374087
26.0 -0.0128019830697
26.5 -0.0134212839253
27.0 -0.0140622661072
27.5 -0.0146754670814
28.0 -0.0153050269995
28.5 -0.0159676770267
29.0 -0.0166064066956
29.5 -0.0172754246114
30.0 -0.0179143547579
30.5 -0.0185654081744
31.0 -0.0192251164008
31.5 -0.0198715221461
32.0 -0.0205160788116
32.5 -0.02117216077
33.0 -0.0218354702924
33.5 -0.0225071247287
34.0 -0.0231499487629
34.5 -0.0238246770436
35.0 -0.0244797977905
35.5 -0.0251239044263
36.0 -0.0257719025283
36.5 -0.0264244580257
37.0 -0.0270689291783
37.5 -0.027701412466
38.0 -0.0283194775618
38.5 -0.0289482151738
39.0 -0.0295539927441
39.5 -0.0301753144581
40.0 -0.0307964966165
40.5 -0.0313870771795
41.0 -0.0319604930509
41.5 -0.0325356644332
42.0 -0.0331011693055
42.5 -0.0336590031707
43.0 -0.0342037825768
43.5 -0.0347244302805
44.0 -0.0352403044149
44.5 -0.0357415685755
45.0 -0.0362307930748
45.5 -0.0366927303162
46.0 -0.0371310781135
46.5 -0.0375695212991
47.0 -0.0379870287037
47.5 -0.0383817829987
48.0 -0.0387895527931
48.5 -0.0391645694807
49.0 -0.0395253168081
49.5 -0.0398387506871
50.0 -0.0401253675878
50.5 -0.0404095803549
51.0 -0.0406632328082
51.5 -0.0409131479748
52.0 -0.0411517164178
52.5 -0.0413321652227
53.0 -0.0415047020048
53.5 -0.041662143284
54.0 -0.041797782921
54.5 -0.0419228330106
55.0 -0.041976272605
55.5 -0.0420168906322
56.0 -0.0420524573505
56.5 -0.0420273179922
57.0 -0.0420131968112
57.5 -0.0419609822613
58.0 -0.0418815871686
58.5 -0.0418033551794
59.0 -0.0416790540647
59.5 -0.0415286864539
60.0 -0.0413446255429
60.5 -0.0411409568661
61.0 -0.040890172151
61.5 -0.0406282728221
62.0 -0.0403701996631
62.5 -0.0401121356003
63.0 -0.0397897893299
63.5 -0.0394344510607
64.0 -0.0390886625179
64.5 -0.0387352942672
65.0 -0.0383495236133
65.5 -0.0379008374946
66.0 -0.0374561020658
66.5 -0.0370007707896
67.0 -0.0365380298396
67.5 -0.0360911267419
68.0 -0.0355907256881
68.5 -0.0350800754571
69.0 -0.034533565355
69.5 -0.0340261633774
70.0 -0.0334908597949
70.5 -0.03293465192
71.0 -0.0323732575693
71.5 -0.0318141133702
72.0 -0.0312241109048
72.5 -0.0306245018958
73.0 -0.0300238594559
73.5 -0.0294549656375
74.0 -0.0288710201622
74.5 -0.0282707167602
75.0 -0.0276531126236
75.5 -0.0270567063613
76.0 -0.0264477552807
76.5 -0.0258214446425
77.0 -0.0252436084908
77.5 -0.0246283765102
78.0 -0.0239780334919
78.5 -0.0233930408794
79.0 -0.0228406708928
79.5 -0.0222839168618
80.0 -0.0216970173569
80.5 -0.0211494266933
81.0 -0.0205753714043
81.5 -0.0200180503565
82.0 -0.0194460631554
82.5 -0.0189092437541
83.0 -0.0183679729617
83.5 -0.0178370571961
84.0 -0.0172740342343
84.5 -0.0168218968385
85.0 -0.016291779485
85.5 -0.0158505820467
86.0 -0.0154073378511
86.5 -0.0149010409938
87.0 -0.0144080323801
87.5 -0.0139294650418
88.0 -0.0134961886393
88.5 -0.0130818217342
89.0 -0.0126939783368
89.5 -0.0121919124851
90.0 -0.0117901250628
90.5 -0.0114855570649
91.0 -0.0111083331988
91.5 -0.0107495670952
92.0 -0.0104168045413
92.5 -0.0100612360479
93.0 -0.00976211478005
93.5 -0.00944570408597
94.0 -0.00899711910298
94.5 -0.00872007401114
95.0 -0.0085102729484
95.5 -0.00824285305013
96.0 -0.00808459628938
96.5 -0.00773911493697
97.0 -0.00747565539438
97.5 -0.0072494326209
98.0 -0.00700374836591
98.5 -0.00676544461712
99.0 -0.00653321231527
99.5 -0.00632271511353
100.0 -0.00603197970121
100.5 -0.00575078000148
101.0 -0.00568099581763
101.5 -0.0055859035513
102.0 -0.00544936547347
102.5 -0.00534261537845
103.0 -0.00522469498504
103.5 -0.00520945366642
104.0 -0.00517643979425
104.5 -0.0050570359948
105.0 -0.00490216721924
105.5 -0.00472761828265
106.0 -0.00459368666917
106.5 -0.00446314837487
107.0 -0.00445819391811
107.5 -0.00453917050271
108.0 -0.00463703558334
108.5 -0.00472831686983
109.0 -0.00473704221924
109.5 -0.00460622565183
110.0 -0.0045580910278
110.5 -0.00455385299605
111.0 -0.00454963123681
111.5 -0.0047556841001
112.0 -0.00482574720828
112.5 -0.00499223185852
113.0 -0.00475756084964
113.5 -0.00473041831225
114.0 -0.00496429630215
114.5 -0.00496922287782
115.0 -0.00404900505565
115.5 -0.00404885767998
116.0 -0.00429323839418
116.5 -0.00447778170488
117.0 -0.0048331445621
117.5 -0.00612388248398
118.0 -0.00416395431157
118.5 -0.004071407355
119.0 -0.00305761872342
119.5 0.00280791444865
120.0 0.00320324679416
120.5 0.00354396184085
121.0 0.00265829859191
121.5 -0.00264334774562
122.0 -0.0063801459636
122.5 -0.00831119112618
123.0 -0.00704634735038
123.5 -0.00575209126259
124.0 -0.00524519735457
124.5 -0.00478140773458
125.0 -0.00447699298925
125.5 -0.00413471736819
126.0 -0.00411209013326
126.5 -0.00416877603517
127.0 -0.00405951042937
127.5 -0.00375873315667
128.0 -0.00346411818234
128.5 -0.00339469442892
129.0 -0.00294346912045
129.5 -0.00265683334832
130.0 -0.00241110035311
130.5 -0.00229242821963
131.0 -0.00224518573891
131.5 -0.00189581567874
132.0 -0.00176277712804
132.5 -0.0014993344349
133.0 -0.00126659513712
133.5 -0.000884235717415
134.0 -0.000511174657156
134.5 -0.00103334915872
135.0 -0.000811721281856
135.5 -0.000853505390957
136.0 -0.000387483523212
136.5 9.74378199494e-05
137.0 -0.000212852721887
137.5 -0.000235451239821
138.0 0.000112452582997
138.5 0.000220276037428
139.0 0.000434602394172
139.5 0.00029666766223
140.0 0.000555853550193
140.5 0.000782195077733
141.0 0.000637738121483
141.5 0.000659254804013
142.0 0.000871228173452
142.5 0.000946295902846
143.0 0.00108171549911
143.5 0.0011642706495
144.0 0.00119256927724
144.5 0.00131415336452
145.0 0.00134876686509
145.5 0.00118831227154
146.0 0.00157217234281
146.5 0.00142563111284
147.0 0.00142433839214
147.5 0.00153306071262
148.0 0.00154525711428
148.5 0.00169315270762
149.0 0.00196869721055
149.5 0.00189179630156
150.0 0.00185756584432
150.5 0.00203872272669
151.0 0.00223503156143
151.5 0.00214051433013
152.0 0.00219589829862
152.5 0.0022959516659
153.0 0.00243460869343
153.5 0.00260824272144
154.0 0.00262927586991
154.5 0.00238257666316
155.0 0.00263586512171
155.5 0.00265235310344
156.0 0.00290500458406
156.5 0.00294236742108
157.0 0.00294523957174
157.5 0.00295718613379
158.0 0.00298611381585
158.5 0.00312640628794
159.0 0.0031202820847
159.5 0.00295756498175
160.0 0.00316344773446
160.5 0.0032634630454
161.0 0.00328893975008
161.5 0.00335175745798
162.0 0.00341304341595
162.5 0.00339377765847
163.0 0.00354975583973
163.5 0.00382682102133
164.0 0.00388996553405
164.5 0.00376062298952
165.0 0.0039122939811
165.5 0.00424579268196
166.0 0.00447425914117
166.5 0.00410934762061
167.0 0.0043993954112
167.5 0.0047533280752
168.0 0.0049792609182
168.5 0.00508022021119
169.0 0.00505768307288
169.5 0.00526740681191
170.0 0.00525883070058
170.5 0.00548461941236
171.0 0.00580192565758
171.5 0.00569998605923
172.0 0.00579844900633
172.5 0.00628465158304
173.0 0.00690861179685
173.5 0.00762097641046
174.0 0.00784038182476
174.5 0.00750774149741
175.0 0.0081771011
175.5 0.00780116512789
176.0 0.00781220536931
176.5 0.00780837947407
177.0 0.00716830290418
177.5 0.0065933495013
178.0 0.0047189307886
178.5 0.00390510026631
179.0 0.000713814192622
179.5 -0.00224888554709
180.0 -0.00176016905959
180.5 -0.00462593621498
181.0 -0.00500431783327
181.5 -0.00155953324371
182.0 0.000709732751559
182.5 0.0023592227743
183.0 0.00361001126633
183.5 0.0037165779036
184.0 0.00319640908698
184.5 0.00308936736079
185.0 0.00368818886366
185.5 0.00311686778829
186.0 0.00307227565358
186.5 0.00293736356757
187.0 0.00285192282939
187.5 0.00253117125469
188.0 0.00212664200563
188.5 0.00185115264634
189.0 0.00167614311287
189.5 0.00147775179573
190.0 0.00114157790235
190.5 0.000753737014762
191.0 0.000477673668797
191.5 5.10878063693e-05
192.0 -0.000285978806502
192.5 -0.000686646688251
193.0 -0.00143079752711
193.5 -0.00189195264201
194.0 -0.00266278113374
194.5 -0.0035534804328
195.0 -0.00474270152159
195.5 -0.00630362567261
196.0 -0.00711889773834
196.5 -0.00955881061192
197.0 -0.0119845241392
197.5 -0.0143852605081
198.0 -0.0199887143241
198.5 -0.0274395615337
199.0 -0.0422405220013
199.5 -0.0678556954903
