0.0 0.00454561223925
0.5 0.0194763177023
1.0 0.0256255907199
1.5 0.0210566617839
2.0 0.0181378833895
2.5 0.0160125932344
3.0 0.0146843592377
3.5 0.0133480848143
4.0 0.0121844416157
4.5 0.0112361995161
5.0 0.00992599818414
5.5 0.00924937345058
6.0 0.00853060518392
6.5 0.0078474428991
7.0 0.00730017702706
7.5 0.00665026171349
8.0 0.00610030758975
8.5 0.005568302528
9.0 0.00508972790037
9.5 0.00443830417102
10.0 0.00395347098276
10.5 0.00350132783653
11.0 0.0030230789388
11.5 0.00255733472197
12.0 0.00207859776308
12.5 0.00155874186068
13.0 0.00110674657528
13.5 0.000636438939296
14.0 0.000172618111893
14.5 -0.000287069611582
15.0 -0.00073627951525
15.5 -0.00127072071265
16.0 -0.00173052836547
16.5 -0.00217515910992
17.0 -0.00264183840003
17.5 -0.00314205537787
18.0 -0.00367971928594
18.5 -0.00416167711796
19.0 -0.00465298824372
19.5 -0.00515765162166
20.0 -0.00568961991271
20.5 -0.00621264602333
21.0 -0.00672403775343
21.5 -0.00725545274961
22.0 -0.00779971977404
22.5 -0.0083299314076
23.0 -0.00890294037715
23.5 -0.00945133511069
24.0 -0.0100075249606
24.5 -0.0105823696294
25.0 -0.0111546668295
25.5 -0.0117296822227
26.0 -0.0122978865526
26.5 -0.012869390985
27.0 -0.0134659882616
27.5 -0.0140667399609
28.0 -0.0146497379944
28.5 -0.0152656520615
29.0 -0.0158879271227
29.5 -0.0165199543513
30.0 -0.0171326901863
30.5 -0.0177535764965
31.0 -0.0183855835582
31.5 -0.0190027294132
32.0 -0.0196257903789
32.5 -0.0202493271476
33.0 -0.0208756438578
33.5 -0.0215118169192
34.0 -0.0221518313141
34.5 -0.0228058093329
35.0 -0.0234375849379
35.5 -0.0240548378925
36.0 -0.0246783181781
36.5 -0.02529866125
37.0 -0.0259214075292
37.5 -0.0265379314651
38.0 -0.0271352322631
38.5 -0.0277485418639
39.0 -0.0283676803972
39.5 -0.0289971126881
40.0 -0.0295666811856
40.5 -0.0301702587082
41.0 -0.0307449217112
41.5 -0.0313203221114
42.0 -0.0318815975058
42.5 -0.0324346734161
43.0 -0.0329773425658
43.5 -0.0334876750645
44.0 -0.033997169144
44.5 -0.0345199622443
45.0 -0.0349860551677
45.5 -0.0354725050171
46.0 -0.0359217392944
46.5 -0.0363604013579
47.0 -0.0367770672117
47.5 -0.0371801814248
48.0 -0.0376007835611
48.5 -0.0379784896909
49.0 -0.0383349396147
49.5 -0.0386838527965
50.0 -0.0389922223636
50.5 -0.0393056047291
51.0 -0.039566763853
51.5 -0.0398305900772
52.0 -0.0400612530358
52.5 -0.0402402933592
53.0 -0.040426064464
53.5 -0.040600941111
54.0 -0.0407458709566
54.5 -0.0408645584365
55.0 -0.0409264364635
55.5 -0.0409699221294
56.0 -0.0410063405354
56.5 -0.0410170031546
57.0 -0.0410015128074
57.5 -0.0409633040079
58.0 -0.0409278969578
58.5 -0.0408444611721
59.0 -0.0407119658255
59.5 -0.040577051325
60.0 -0.0404027414499
60.5 -0.0402011106434
61.0 -0.0399798706186
61.5 -0.0397396624903
62.0 -0.0394962900638
62.5 -0.0392033768969
63.0 -0.0389159963099
63.5 -0.038585231323
64.0 -0.0382203766663
64.5 -0.0378656843823
65.0 -0.0374728940964
65.5 -0.0370456712816
66.0 -0.0366131615407
66.5 -0.0361893611606
67.0 -0.0356906752739
67.5 -0.0352333484137
68.0 -0.0347498660441
68.5 -0.0342620116394
69.0 -0.0337747727307
69.5 -0.0332695260359
70.0 -0.0327320486023
70.5 -0.0321685382219
71.0 -0.0316014557055
71.5 -0.0310478562635
72.0 -0.0304450300471
72.5 -0.0298618469391
73.0 -0.0293242048805
73.5 -0.0287474230356
74.0 -0.0281697036895
74.5 -0.0276025335352
75.0 -0.0270296494238
75.5 -0.0264573925769
76.0 -0.0257966182934
76.5 -0.0252035311404
77.0 -0.0246066452552
77.5 -0.0240180869334
78.0 -0.0234639869706
78.5 -0.0229024316131
79.0 -0.0223629030772
79.5 -0.0217434238332
80.0 -0.0211945426021
80.5 -0.0206525426553
81.0 -0.0200938967776
81.5 -0.0195819875633
82.0 -0.0190257069834
82.5 -0.0184721346492
83.0 -0.0179456082495
83.5 -0.0174481842568
84.0 -0.0169665954794
84.5 -0.0164984210963
85.0 -0.0160022215938
85.5 -0.0155724611183
86.0 -0.0150992960781
86.5 -0.0146540381575
87.0 -0.0141986239121
87.5 -0.0137190128759
88.0 -0.0133199872711
88.5 -0.0129051370006
89.0 -0.0125093555856
89.5 -0.0120638958761
90.0 -0.0116777064219
90.5 -0.0113657464276
91.0 -0.0110325801787
91.5 -0.0106546203095
92.0 -0.0102978038819
92.5 -0.00996703815214
93.0 -0.00968494236269
93.5 -0.00938851502948
94.0 -0.00894656487254
94.5 -0.00870040568394
95.0 -0.00849738596478
95.5 -0.00820670472389
96.0 -0.0079721043205
96.5 -0.00775859352891
97.0 -0.00753899572114
97.5 -0.00722709661585
98.0 -0.00692755212013
98.5 -0.00674821732204
99.0 -0.0065647538716
99.5 -0.00640071685607
100.0 -0.00618520341092
100.5 -0.00606206930091
101.0 -0.00596579875704
101.5 -0.00591955620447
102.0 -0.0058159335619
102.5 -0.00571420471289
103.0 -0.00553771169691
103.5 -0.00540999870348
104.0 -0.00528489453162
104.5 -0.00518301762639
105.0 -0.005137419725
105.5 -0.0050340247278
106.0 -0.00473999111224
106.5 -0.00496771347102
107.0 -0.00500145326955
107.5 -0.00498163325144
108.0 -0.00487973916416
108.5 -0.00487198771538
109.0 -0.00515573683484
109.5 -0.00514925091574
110.0 -0.00481903619114
110.5 -0.00522757005459
111.0 -0.00537072347357
111.5 -0.00524471936258
112.0 -0.00532309452022
112.5 -0.0056237835315
113.0 -0.00578997165447
113.5 -0.00609647588014
114.0 -0.00598432024766
114.5 -0.00598307268345
115.0 -0.00506973468009
115.5 -0.00504214410444
116.0 -0.00524309495032
116.5 -0.00528391507711
117.0 -0.00562609013457
117.5 -0.00614384178057
118.0 -0.00597333931199
118.5 -0.00394448527592
119.0 -0.000224840567199
119.5 0.00761381219723
120.0 0.00894525352864
120.5 0.00805324615527
121.0 0.00472544647251
121.5 0.000525052954714
122.0 -0.00361219528642
122.5 -0.00329434106271
123.0 -0.00367290658451
123.5 -0.00451316934524
124.0 -0.00431320654629
124.5 -0.00426565497226
125.0 -0.0043468911359
125.5 -0.0041178816259
126.0 -0.00400574750645
126.5 -0.00407926195489
127.0 -0.00391408688334
127.5 -0.00352547526965
128.0 -0.00295075809672
128.5 -0.00301680741115
129.0 -0.00325395269601
129.5 -0.00263453542495
130.0 -0.00228390719879
130.5 -0.00204151496746
131.0 -0.00156247469026
131.5 -0.00185617348635
132.0 -0.00163163420628
132.5 -0.0012392370093
133.0 -0.000990920273821
133.5 -0.000644001606112
134.0 -0.000425294250192
134.5 -0.000735458865726
135.0 -0.000545405726157
135.5 -0.000238798240076
136.0 -0.000296892826775
136.5 -9.09931680049e-05
137.0 0.00028227618483
137.5 0.000132637738623
138.0 0.000118440690006
138.5 0.000384250704734
139.0 0.000677800262274
139.5 0.000267544285617
140.0 0.000505951396516
140.5 0.000638465830363
141.0 0.000929812966362
141.5 0.000900349337819
142.0 0.0009912912518
142.5 0.000931317338702
143.0 0.00102788150915
143.5 0.00117912540327
144.0 0.00128230263112
144.5 0.00150607781177
145.0 0.00142490888946
145.5 0.00137251633858
146.0 0.00154789810557
146.5 0.00173835064996
147.0 0.001764499621
147.5 0.00168818247077
148.0 0.00173675436284
148.5 0.0018487994287
149.0 0.00187637291378
149.5 0.00208044843478
150.0 0.0020037193545
150.5 0.00207533365816
151.0 0.00211409683218
151.5 0.00214099398086
152.0 0.0021639344327
152.5 0.00219135644092
153.0 0.00228283730862
153.5 0.00232407102161
154.0 0.00240677143328
154.5 0.00268985609033
155.0 0.0024792289528
155.5 0.00268602641219
156.0 0.0026445280218
156.5 0.00256777867216
157.0 0.00263884317166
157.5 0.00269683881096
158.0 0.0027248872365
158.5 0.00282657144672
159.0 0.0027973147913
159.5 0.0026596578329
160.0 0.00266052361007
160.5 0.00319976648365
161.0 0.00323737558766
161.5 0.00336043549758
162.0 0.00345608951493
162.5 0.0034328066401
163.0 0.00351221661816
163.5 0.0034797979324
164.0 0.00327912903349
164.5 0.00345462538146
165.0 0.00378148329035
165.5 0.00410514432672
166.0 0.00392649713935
166.5 0.00415632369651
167.0 0.00382079405474
167.5 0.0040421101014
168.0 0.00436187351567
168.5 0.00454864702223
169.0 0.00475943059402
169.5 0.00490142701529
170.0 0.0043807855432
170.5 0.00491358538871
171.0 0.00483898116913
171.5 0.00532317068078
172.0 0.00567517135657
172.5 0.00581715709343
173.0 0.00577497685819
173.5 0.00578562892755
174.0 0.00577163277237
174.5 0.0060769489241
175.0 0.00624514332031
175.5 0.00484346131056
176.0 0.00551562703585
176.5 0.00592582785032
177.0 0.00616272678396
177.5 0.00750245954953
178.0 0.00452889549692
178.5 0.00521453411746
179.0 0.00181169677711
179.5 -0.00161742285117
180.0 -0.00149782878177
180.5 -0.00347036108413
181.0 -0.000945178085402
181.5 0.0036290912247
182.0 0.00438129657917
182.5 0.00391583537139
183.0 0.00338900277968
183.5 0.00299108883226
184.0 0.00269987208301
184.5 0.00313903682284
185.0 0.00288218818693
185.5 0.00266808228595
186.0 0.00274651039589
186.5 0.00265519477261
187.0 0.00259009311019
187.5 0.00229467098154
188.0 0.00197038448387
188.5 0.0019097479839
189.0 0.00155774183952
189.5 0.00124403632013
190.0 0.00103341233483
190.5 0.000553181676992
191.0 0.000245537025108
191.5 -0.000152309572471
192.0 -0.000503204892553
192.5 -0.000745453467459
193.0 -0.00155058270232
193.5 -0.0021865686152
194.0 -0.00289776341593
194.5 -0.00367500157284
195.0 -0.00457764704159
195.5 -0.00614249422746
196.0 -0.00744074059385
196.5 -0.00902851364543
197.0 -0.0107285542105
197.5 -0.0137539150517
198.0 -0.0196626748969
198.5 -0.026757111449
199.0 -0.0413042571373
199.5 -0.0667103768919
