0.0 0.00131319328548
0.5 0.0245905963487
1.0 0.0298992066078
1.5 0.0230357060533
2.0 0.0191111780641
2.5 0.0152493124807
3.0 0.0125219755172
3.5 0.0105803014696
4.0 0.00859814186857
4.5 0.00641599282113
5.0 0.0046909222825
5.5 0.00315868797618
6.0 0.00160391022292
6.5 0.000108228907777
7.0 -0.00130869396675
7.5 -0.00273589611057
8.0 -0.00409190552677
8.5 -0.00546600079428
9.0 -0.00678009896058
9.5 -0.00808164142022
10.0 -0.00951588967921
10.5 -0.0107715786804
11.0 -0.0120555199998
11.5 -0.0133444005723
12.0 -0.0146403258387
12.5 -0.0159094390819
13.0 -0.0171670256567
13.5 -0.0184179330202
14.0 -0.0197087735358
14.5 -0.0209171651721
15.0 -0.0221140893072
15.5 -0.0233291967366
16.0 -0.0245179730507
16.5 -0.0256582983744
17.0 -0.0267883639481
17.5 -0.0279059427537
18.0 -0.0290195729338
18.5 -0.0300714968823
19.0 -0.0310931847088
19.5 -0.0320977964763
20.0 -0.0330447706433
20.5 -0.0339471525871
21.0 -0.0348044514877
21.5 -0.0355911458229
22.0 -0.0363433277976
22.5 -0.03704445306
23.0 -0.0377274028642
23.5 -0.0383198410795
24.0 -0.0388548578036
24.5 -0.0393521870067
25.0 -0.0397513800079
25.5 -0.0400974741141
26.0 -0.0403850217318
26.5 -0.0405933268656
27.0 -0.0407434637416
27.5 -0.0408450928702
28.0 -0.0408577598635
28.5 -0.040834702215
29.0 -0.0407656854362
29.5 -0.0406330862792
30.0 -0.0404182494232
30.5 -0.0401654819281
31.0 -0.0398517670043
31.5 -0.039473996167
32.0 -0.0390554018433
32.5 -0.0385730504405
33.0 -0.0380651780404
33.5 -0.0375265668635
34.0 -0.0369719739866
34.5 -0.0363604409421
35.0 -0.0357123384096
35.5 -0.0350392157935
36.0 -0.0343569865138
36.5 -0.0336391876449
37.0 -0.0328907953452
37.5 -0.0321398932782
38.0 -0.0313867968105
38.5 -0.0306095669651
39.0 -0.0298286749675
39.5 -0.0290496069435
40.0 -0.0282582864376
40.5 -0.0274673942096
41.0 -0.0266823091141
41.5 -0.0259124649293
42.0 -0.0251195737384
42.5 -0.0243333833818
43.0 -0.0235701110228
43.5 -0.0227921108254
44.0 -0.0220368629892
44.5 -0.0212968638661
45.0 -0.0205786759677
45.5 -0.0198593945936
46.0 -0.0191554071006
46.5 -0.0184858288907
47.0 -0.0178116428407
47.5 -0.0171371179932
48.0 -0.0165100871907
48.5 -0.0158797672363
49.0 -0.0152534005134
49.5 -0.0146514341284
50.0 -0.0140409588254
50.5 -0.0134977008154
51.0 -0.0129299483725
51.5 -0.01238978261
52.0 -0.0118823301213
52.5 -0.0113765128187
53.0 -0.010890214343
53.5 -0.0104082632033
54.0 -0.00994582773371
54.5 -0.00949456166469
55.0 -0.00905110783393
55.5 -0.00863456081619
56.0 -0.00822516964769
56.5 -0.00782045055248
57.0 -0.00744414133584
57.5 -0.00707126430997
58.0 -0.00672931074591
58.5 -0.00639401591012
59.0 -0.00606230634569
59.5 -0.00576171483872
60.0 -0.00542527660979
60.5 -0.0051416589461
61.0 -0.00483672330373
61.5 -0.00455718917628
62.0 -0.00431626480089
62.5 -0.00406058162609
63.0 -0.00383586365194
63.5 -0.00360368046201
64.0 -0.00337419679397
64.5 -0.00318465163453
65.0 -0.00293525596552
65.5 -0.00274300575793
66.0 -0.00256401545093
66.5 -0.00239301538262
67.0 -0.0021953841067
67.5 -0.00205608608715
68.0 -0.00189094654553
68.5 -0.00175308345356
69.0 -0.00162516251466
69.5 -0.00145022638875
70.0 -0.00134538457986
70.5 -0.00120378054491
71.0 -0.00108191370423
71.5 -0.000993591506459
72.0 -0.000812699962216
72.5 -0.000683817736014
73.0 -0.000627763658136
73.5 -0.000578852611641
74.0 -0.000503831597563
74.5 -0.000355242166133
75.0 -0.000299446807453
75.5 -0.000239204828215
76.0 -0.000155963732512
76.5 -7.25551830882e-05
77.0 -1.17236157777e-05
77.5 2.87544528632e-05
78.0 7.50090117894e-05
78.5 0.000168935797689
79.0 0.000170801962403
79.5 0.000203347922643
80.0 0.000206169514353
80.5 0.000298216511888
81.0 0.00033536218921
81.5 0.000349827155212
82.0 0.000397423022193
82.5 0.000427901188004
83.0 0.000431770728831
83.5 0.000465301529143
84.0 0.000557867250091
84.5 0.000522675985369
85.0 0.00055668684594
85.5 0.000454186849634
86.0 0.000489708858119
86.5 0.000517306912609
87.0 0.000481554084658
87.5 0.000513948365782
88.0 0.000522616569409
88.5 0.000522928528689
89.0 0.000490074855115
89.5 0.000477846777095
90.0 0.000484211045944
90.5 0.000425127127009
91.0 0.000447311014188
91.5 0.000437568790364
92.0 0.000384069396372
92.5 0.000343541785991
93.0 0.000321723267653
93.5 0.000325718672752
94.0 0.00036241032555
94.5 0.000296681227397
95.0 0.00017104760062
95.5 7.2182219391e-05
96.0 5.22693143168e-06
96.5 0.000123177037139
97.0 0.000125813554238
97.5 6.23764627079e-05
98.0 -4.78475467602e-06
98.5 -6.99884323652e-05
99.0 -7.52619673747e-05
99.5 -0.000198511505928
100.0 -0.000325977081495
100.5 -0.000273385726459
101.0 -0.000255170751394
101.5 -0.000420894782572
102.0 -0.000474258245276
102.5 -0.000573362789751
103.0 -0.000618531101551
103.5 -0.000612329089101
104.0 -0.000695113170174
104.5 -0.00106774527511
105.0 -0.00104461891429
105.5 -0.000752181157559
106.0 -0.000948431612272
106.5 -0.00142188148811
107.0 -0.00151341178809
107.5 -0.00148616365923
108.0 -0.001455921389
108.5 -0.00157759681041
109.0 -0.00191809631578
109.5 -0.00209358603856
110.0 -0.00236110838092
110.5 -0.00206845706937
111.0 -0.00212924229328
111.5 -0.00291016557498
112.0 -0.00317363608377
112.5 -0.00320613394572
113.0 -0.00316340641881
113.5 -0.00337919281607
114.0 -0.00331311390087
114.5 -0.00359261655059
115.0 -0.00336878043173
115.5 -0.00356023889982
116.0 -0.00276164909707
116.5 -0.00309046652245
117.0 -0.00358065214637
117.5 -0.00442538863753
118.0 -0.00338565421306
118.5 -0.00168490698097
119.0 0.00104442685668
119.5 0.00868239547042
120.0 0.00951413086923
120.5 0.00552579582153
121.0 0.00115777838586
121.5 -0.00381160012378
122.0 -0.00612173326755
122.5 -0.00625167081031
123.0 -0.00576332626414
123.5 -0.00432782850194
124.0 -0.00418537891939
124.5 -0.00326103011287
125.0 -0.00395925014945
125.5 -0.00433473270608
126.0 -0.00417184976941
126.5 -0.00392846859705
127.0 -0.00453075353028
127.5 -0.00460892277398
128.0 -0.00438687929824
128.5 -0.00424066033258
129.0 -0.0035374142558
129.5 -0.00341621870858
130.0 -0.00397443600525
130.5 -0.0033972243611
131.0 -0.00315384691984
131.5 -0.00274376034591
132.0 -0.00257928544783
132.5 -0.00227984812302
133.0 -0.00216470025848
133.5 -0.00233290728014
134.0 -0.00211245903073
134.5 -0.00197352154832
135.0 -0.00187714014924
135.5 -0.001679520088
136.0 -0.00156588912542
136.5 -0.00140062126933
137.0 -0.00109280028238
137.5 -0.0013016916655
138.0 -0.00126728451575
138.5 -0.001139005204
139.0 -0.00107864306551
139.5 -0.000971096066724
140.0 -0.000911193924026
140.5 -0.000852565852124
141.0 -0.000677621076594
141.5 -0.000498226822156
142.0 -0.000530182391742
142.5 -0.000584618105126
143.0 -0.000486962291113
143.5 -0.000458476816409
144.0 -0.000416653603345
144.5 -0.000228347335883
145.0 -0.000141794628886
145.5 5.91383530697e-05
146.0 -0.000139468492422
146.5 -0.00015030647644
147.0 -0.000136313158928
147.5 -9.64294872405e-05
148.0 5.09902287877e-05
148.5 0.000227996269206
149.0 0.000271784391318
149.5 0.000348182858067
150.0 0.000444857609545
150.5 0.000616295494008
151.0 0.000473510800214
151.5 0.000478806892388
152.0 0.000478283732892
152.5 0.000422565812286
153.0 0.000473731023973
153.5 0.00061529781356
154.0 0.000779025087089
154.5 0.000931594285566
155.0 0.000816111008296
155.5 0.000737239974942
156.0 0.000921320032433
156.5 0.00113083059651
157.0 0.00114653444691
157.5 0.00111196674071
158.0 0.00111539402831
158.5 0.00120229033932
159.0 0.00119401230087
159.5 0.00118765334512
160.0 0.00124843097062
160.5 0.00107759718743
161.0 0.00138122329623
161.5 0.0015717382129
162.0 0.00160779214774
162.5 0.00163033920532
163.0 0.00156173829164
163.5 0.0015660428027
164.0 0.0017356005765
164.5 0.00183372917346
165.0 0.00201047064822
165.5 0.0020921964334
166.0 0.00216292102861
166.5 0.0024650074993
167.0 0.00213452390484
167.5 0.00241733593382
168.0 0.00280971577739
168.5 0.00270288576304
169.0 0.00247628619562
169.5 0.00283588528343
170.0 0.00319754822579
170.5 0.00334756840641
171.0 0.00285589358029
171.5 0.00338612237562
172.0 0.00356499286561
172.5 0.00391295743259
173.0 0.00370397506177
173.5 0.0036033545635
174.0 0.00405332348171
174.5 0.00426211144425
175.0 0.00418749074332
175.5 0.00244210605156
176.0 0.00287151574567
176.5 0.00344041315847
177.0 0.00443458221447
177.5 0.00594049358865
178.0 0.004597133997
178.5 0.00551346282894
179.0 0.00138182469166
179.5 -0.0017715471899
180.0 -0.00379211666234
180.5 -0.00654955431742
181.0 -0.00379448411366
181.5 -0.0011352793956
182.0 0.00028400934994
182.5 0.0015969139624
183.0 0.00170567002365
183.5 0.00212164467101
184.0 0.00196543710243
184.5 0.00189404913398
185.0 0.0018874497852
185.5 0.00158494514082
186.0 0.00159602886156
186.5 0.00145484517178
187.0 0.00122374068093
187.5 0.000925211345645
188.0 0.000484961363824
188.5 0.00036432929096
189.0 0.000209956888497
189.5 -0.000195144500054
190.0 -0.000551669373706
190.5 -0.00100581320922
191.0 -0.00127062766396
191.5 -0.00174740079221
192.0 -0.00215518163438
192.5 -0.00251454752373
193.0 -0.00324701344843
193.5 -0.00373176063088
194.0 -0.00458325403562
194.5 -0.00543696953663
195.0 -0.00626505507948
195.5 -0.0084174392001
196.0 -0.00976400244399
196.5 -0.0116019138439
197.0 -0.0138868379557
197.5 -0.0155410714205
198.0 -0.0215896131321
198.5 -0.0283428219217
199.0 -0.0444786233054
199.5 -0.0665076534114
