0.0 0.00356959154013
0.5 0.0294684699165
1.0 0.0369253990953
1.5 0.029964092041
2.0 0.0254115145003
2.5 0.0216639265875
3.0 0.0191978853452
3.5 0.0169484451568
4.0 0.0149020556256
4.5 0.0130247467012
5.0 0.0111837244761
5.5 0.00962858674321
6.0 0.0080461374462
6.5 0.00641760348408
7.0 0.00500264662593
7.5 0.00359825827177
8.0 0.00225707784159
8.5 0.000916066608674
9.0 -0.000421119532277
9.5 -0.00176093259699
10.0 -0.00311183111923
10.5 -0.0044300493825
11.0 -0.00577260469018
11.5 -0.00710732254562
12.0 -0.00839649570178
12.5 -0.00971915535065
13.0 -0.0110633462604
13.5 -0.0124115066644
14.0 -0.013729929626
14.5 -0.0150348321975
15.0 -0.0163228795646
15.5 -0.0176325730307
16.0 -0.0189182622097
16.5 -0.0201919654523
17.0 -0.021473121403
17.5 -0.0227553652471
18.0 -0.0240070875632
18.5 -0.0252368436221
19.0 -0.0264538042771
19.5 -0.0276514182818
20.0 -0.0288160268925
20.5 -0.0299551883583
21.0 -0.0310449028613
21.5 -0.0321204541971
22.0 -0.0331730153852
22.5 -0.0341526642919
23.0 -0.0351283257505
23.5 -0.0360566139846
24.0 -0.0369509612049
24.5 -0.0377883962388
25.0 -0.0385564162718
25.5 -0.0392743621255
26.0 -0.0399304266186
26.5 -0.0405345769518
27.0 -0.0410926964767
27.5 -0.0415573727523
28.0 -0.0419752723162
28.5 -0.0423509744841
29.0 -0.042658337234
29.5 -0.0429124953592
30.0 -0.0430690432693
30.5 -0.0431658049018
31.0 -0.0432048010079
31.5 -0.0431800781488
32.0 -0.0430975718928
32.5 -0.0429328976695
33.0 -0.0427231302605
33.5 -0.0424721722582
34.0 -0.0421376309761
34.5 -0.0417701463725
35.0 -0.0413451912228
35.5 -0.0408712227391
36.0 -0.0403479240548
36.5 -0.039772121246
37.0 -0.0391555327646
37.5 -0.0385149464347
38.0 -0.0378450984125
38.5 -0.0371244082991
39.0 -0.0363956660547
39.5 -0.0356599214326
40.0 -0.0348690893751
40.5 -0.0340837987771
41.0 -0.0332643912879
41.5 -0.0324418162918
42.0 -0.0316127335167
42.5 -0.0307699108817
43.0 -0.0299235898105
43.5 -0.0290905645284
44.0 -0.0282622182587
44.5 -0.0274078685986
45.0 -0.0265646389325
45.5 -0.0257512409978
46.0 -0.0249376846326
46.5 -0.0241222768968
47.0 -0.0233310095864
47.5 -0.022532472331
48.0 -0.021757984209
48.5 -0.0209894649652
49.0 -0.0202439672109
49.5 -0.0195179450867
50.0 -0.0187853798338
50.5 -0.0180966354237
51.0 -0.0173977281881
51.5 -0.0167425922464
52.0 -0.0160953584077
52.5 -0.0154464917503
53.0 -0.0148416428591
53.5 -0.0142564693913
54.0 -0.0136770364893
54.5 -0.0131280173785
55.0 -0.012556848987
55.5 -0.0120137227835
56.0 -0.0115032219212
56.5 -0.0109938946002
57.0 -0.0105306500637
57.5 -0.0100846077789
58.0 -0.00963984271335
58.5 -0.00919759041777
59.0 -0.00875984356853
59.5 -0.00836161688196
60.0 -0.00796255554633
60.5 -0.00758551406048
61.0 -0.00719400348435
61.5 -0.00683353428401
62.0 -0.0065040405164
62.5 -0.00618805164296
63.0 -0.00587729813753
63.5 -0.00556771066348
64.0 -0.00525732583472
64.5 -0.00501509518224
65.0 -0.00476152553371
65.5 -0.0044726357003
66.0 -0.00423237284678
66.5 -0.00399036518511
67.0 -0.0037725830984
67.5 -0.00354711786684
68.0 -0.00333674948504
68.5 -0.00317392491752
69.0 -0.00297161459289
69.5 -0.00280285203663
70.0 -0.00259879740292
70.5 -0.00246034153599
71.0 -0.00228184546706
71.5 -0.0021260389877
72.0 -0.0019774584053
72.5 -0.00181569854468
73.0 -0.00172066587676
73.5 -0.00162161358117
74.0 -0.00152006411035
74.5 -0.00138106203339
75.0 -0.00126388425925
75.5 -0.00114239448458
76.0 -0.00105495076825
76.5 -0.000980055176194
77.0 -0.000881402273562
77.5 -0.000817678719002
78.0 -0.000746714997831
78.5 -0.000612899437575
79.0 -0.000586162963661
79.5 -0.000519872539142
80.0 -0.000480928544562
80.5 -0.000430299291887
81.0 -0.000376883879886
81.5 -0.000354797069658
82.0 -0.000271558702845
82.5 -0.000160572412835
83.0 -0.000129850997187
83.5 -0.000101108164635
84.0 -0.000108972024929
84.5 -0.000154890587684
85.0 -3.10242651658e-05
85.5 -6.42275084317e-05
86.0 -3.84903977135e-07
86.5 -3.40215469592e-05
87.0 -8.87132589007e-05
87.5 -4.53283096284e-05
88.0 1.40623835314e-05
88.5 9.55856183822e-05
89.0 7.61964806593e-05
89.5 2.0651833097e-05
90.0 -3.35150215385e-05
90.5 -7.55095031337e-05
91.0 -4.84419962916e-05
91.5 -0.000118715871121
92.0 -0.000165712435667
92.5 -0.000142412429934
93.0 -0.000119356363939
93.5 -0.000105732389571
94.0 -0.000120916250381
94.5 -0.000136025612459
95.0 -0.000189268850566
95.5 -0.000266745015331
96.0 -0.000309676699025
96.5 -0.000357441308626
97.0 -0.000389126866075
97.5 -0.000407552278308
98.0 -0.000472145593736
98.5 -0.000528666701783
99.0 -0.000489799031101
99.5 -0.000590906238184
100.0 -0.000506105564007
100.5 -0.000654392181133
101.0 -0.000578289714277
101.5 -0.00078554829436
102.0 -0.000876085675756
102.5 -0.00100684591047
103.0 -0.00117143934345
103.5 -0.00121564094852
104.0 -0.00105480129579
104.5 -0.00132316311942
105.0 -0.00152999012063
105.5 -0.00155086124671
106.0 -0.00164173375541
106.5 -0.00167098550483
107.0 -0.00183321462623
107.5 -0.00205617957261
108.0 -0.00221145721338
108.5 -0.00229987870959
109.0 -0.00241240710438
109.5 -0.00255751546177
110.0 -0.00281403007998
110.5 -0.00282676862327
111.0 -0.00302572724177
111.5 -0.00335915172773
112.0 -0.00351746070977
112.5 -0.00369677221863
113.0 -0.00406996532304
113.5 -0.00474218010548
114.0 -0.00453883462539
114.5 -0.00414527222024
115.0 -0.00483506309698
115.5 -0.00435945895789
116.0 -0.00445326173836
116.5 -0.00486260083167
117.0 -0.00601194777936
117.5 -0.00788242871602
118.0 -0.00579013358598
118.5 -0.00506656399422
119.0 -0.00269782146486
119.5 0.00865966161503
120.0 0.0113915216738
120.5 0.00878564367484
121.0 0.00347953475917
121.5 -0.000842669466536
122.0 -0.00323990288364
122.5 -0.0038879519045
123.0 -0.00306844683209
123.5 -0.00322080921516
124.0 -0.00356863909796
124.5 -0.00451823736209
125.0 -0.00427026538985
125.5 -0.00399392837897
126.0 -0.0039006117694
126.5 -0.00405974830883
127.0 -0.00396748531148
127.5 -0.00370897206548
128.0 -0.00343938838071
128.5 -0.00331001982357
129.0 -0.00294246724003
129.5 -0.00318885252197
130.0 -0.00278598402679
130.5 -0.00262369489338
131.0 -0.00258466959323
131.5 -0.00226919236997
132.0 -0.0019202752599
132.5 -0.00200861910769
133.0 -0.0020532696934
133.5 -0.00182578152636
134.0 -0.00169317523554
134.5 -0.00157968743569
135.0 -0.00149194599372
135.5 -0.00132807813934
136.0 -0.0012655072569
136.5 -0.00119959169808
137.0 -0.00106279403544
137.5 -0.00111795741842
138.0 -0.000976211634921
138.5 -0.000914469366176
139.0 -0.000750459148492
139.5 -0.000549818674767
140.0 -0.000802420493244
140.5 -0.00064458475951
141.0 -0.000284938715641
141.5 -0.000503278889003
142.0 -0.000420003006024
142.5 -0.000388819415477
143.0 -0.0002945372313
143.5 -0.00025200602405
144.0 -0.000269441861995
144.5 -0.000181518466732
145.0 -0.000208646298721
145.5 -0.00016879210887
146.0 -2.35421776162e-05
146.5 0.000147808688475
147.0 7.03946032563e-05
147.5 5.84514092359e-05
148.0 0.000101096052509
148.5 0.000179433583878
149.0 0.000262209821622
149.5 0.000261194358279
150.0 0.000247187454232
150.5 0.000334866052101
151.0 0.000500129495575
151.5 0.000702724497725
152.0 0.000656328059564
152.5 0.000599714317351
153.0 0.000621087912688
153.5 0.000617151260597
154.0 0.000637648980499
154.5 0.000788247841392
155.0 0.000996268804258
155.5 0.000932523352786
156.0 0.000956202544014
156.5 0.000971073177045
157.0 0.00100784849164
157.5 0.000998159109784
158.0 0.000917084720747
158.5 0.0010037564301
159.0 0.00115890076275
159.5 0.0012537361368
160.0 0.00144252272846
160.5 0.00150938311596
161.0 0.00143886721132
161.5 0.00124481991736
162.0 0.00135010476264
162.5 0.00157314873852
163.0 0.0016921058398
163.5 0.00174473279313
164.0 0.00179273107757
164.5 0.00185733795094
165.0 0.00198844181004
165.5 0.00206338752081
166.0 0.00208681533103
166.5 0.00232033737208
167.0 0.00236555376708
167.5 0.00261826372054
168.0 0.00259330824633
168.5 0.00255365741294
169.0 0.00283234561576
169.5 0.00296979808912
170.0 0.00298570288207
170.5 0.00245214905982
171.0 0.00286747637733
171.5 0.00315802497568
172.0 0.00334268134586
172.5 0.00375073871477
173.0 0.00404612807161
173.5 0.00377089571914
174.0 0.00329231612473
174.5 0.00342433423964
175.0 0.00336831503732
175.5 0.00278892291776
176.0 0.00265296300644
176.5 0.00287913319633
177.0 0.00330778716042
177.5 0.00199707840152
178.0 0.00045076150451
178.5 -0.000816575087939
179.0 -0.00372350950445
179.5 -0.00584716070701
180.0 -0.00406701266678
180.5 -0.00212281532312
181.0 0.00235481677105
181.5 0.00334580854877
182.0 0.00313415912929
182.5 0.00357279044182
183.0 0.00269491494667
183.5 0.00329549649217
184.0 0.00349114576774
184.5 0.00297553824046
185.0 0.00274889215797
185.5 0.00224441340202
186.0 0.00198457310938
186.5 0.00235271089917
187.0 0.00198659285688
187.5 0.00164032353105
188.0 0.00135117377118
188.5 0.000991347132597
189.0 0.000772127657569
189.5 0.000531857165711
190.0 0.000133370648655
190.5 -0.000297006387484
191.0 -0.000607473247882
191.5 -0.00106548535032
192.0 -0.00146197539823
192.5 -0.00189624550269
193.0 -0.00251929759729
193.5 -0.00304484211954
194.0 -0.00379919220921
194.5 -0.00495944875783
195.0 -0.00579496471676
195.5 -0.007502304838
196.0 -0.00895499344345
196.5 -0.0107888966071
197.0 -0.0132089810768
197.5 -0.0156773225125
198.0 -0.021036580313
198.5 -0.0284483508841
199.0 -0.0437427975473
199.5 -0.0694659788763
