0.0 0.00119453734368
0.5 0.0238403599121
1.0 0.0274276045633
1.5 0.0188501536012
2.0 0.0136636683733
2.5 0.00887666678072
3.0 0.00529430307523
3.5 0.00196487685762
4.0 -0.00111177949154
4.5 -0.00399999156811
5.0 -0.00711564424878
5.5 -0.00969217089928
6.0 -0.0122318162943
6.5 -0.0147229871487
7.0 -0.0172075557941
7.5 -0.019666805512
8.0 -0.0219032019286
8.5 -0.0241342843289
9.0 -0.0262861262952
9.5 -0.028382304506
10.0 -0.0303696594056
10.5 -0.0322156793559
11.0 -0.0339824932562
11.5 -0.0356280990492
12.0 -0.0371499883424
12.5 -0.0385647145998
13.0 -0.0398472836541
13.5 -0.0409980153729
14.0 -0.0420804082657
14.5 -0.0429546041055
15.0 -0.0436997744707
15.5 -0.0443413490703
16.0 -0.0448430247915
16.5 -0.0452698122677
17.0 -0.0455988681976
17.5 -0.0458216423563
18.0 -0.0459225436737
18.5 -0.0459597275822
19.0 -0.0459388884207
19.5 -0.0458052635864
20.0 -0.0455992947433
20.5 -0.0453404066604
21.0 -0.045027107033
21.5 -0.0446674288542
22.0 -0.0442696733812
22.5 -0.0437913276706
23.0 -0.0433065179872
23.5 -0.0428018930463
24.0 -0.0422677315317
24.5 -0.0416785006178
25.0 -0.0411003478996
25.5 -0.0404734512351
26.0 -0.0397995784186
26.5 -0.0391319156768
27.0 -0.0384637982294
27.5 -0.037763266526
28.0 -0.0370619480098
28.5 -0.0363690040108
29.0 -0.0356547947457
29.5 -0.034928889224
30.0 -0.0342172097328
30.5 -0.0334958771266
31.0 -0.0327537340477
31.5 -0.0319975488558
32.0 -0.0312507807149
32.5 -0.0304950742001
33.0 -0.0297633942135
33.5 -0.0290342364084
34.0 -0.0283215576795
34.5 -0.02758775681
35.0 -0.0268524484934
35.5 -0.0261190671428
36.0 -0.0254036058162
36.5 -0.0246826123684
37.0 -0.0239610354629
37.5 -0.0232622692352
38.0 -0.0225771672984
38.5 -0.0218803121052
39.0 -0.0211881506255
39.5 -0.0205091319871
40.0 -0.0198624942668
40.5 -0.0191989019877
41.0 -0.0185432595338
41.5 -0.017915731452
42.0 -0.0172780527349
42.5 -0.0166541254843
43.0 -0.0160562530376
43.5 -0.0154481765664
44.0 -0.0148695275618
44.5 -0.0143106720358
45.0 -0.0137286761391
45.5 -0.013190975173
46.0 -0.0126435682184
46.5 -0.0121261916578
47.0 -0.0116121185713
47.5 -0.0111023765931
48.0 -0.0106315290236
48.5 -0.0101499725568
49.0 -0.00968753993466
49.5 -0.00925661980177
50.0 -0.0087860175659
50.5 -0.00835071833114
51.0 -0.00794256416293
51.5 -0.00754847300952
52.0 -0.00717338293967
52.5 -0.00678628913331
53.0 -0.00643893770166
53.5 -0.00608404357626
54.0 -0.00573346308817
54.5 -0.00541569556161
55.0 -0.00506702993219
55.5 -0.00472837855531
56.0 -0.0044381251991
56.5 -0.00414972852015
57.0 -0.00388265081602
57.5 -0.00362081822551
58.0 -0.00336923665336
58.5 -0.00313370988663
59.0 -0.00289347574882
59.5 -0.00263700070635
60.0 -0.00242324454791
60.5 -0.00221031667103
61.0 -0.0019794224744
61.5 -0.00178586966175
62.0 -0.00163592062797
62.5 -0.00145916416368
63.0 -0.00130484420364
63.5 -0.00113981024297
64.0 -0.000973916698474
64.5 -0.000840917438195
65.0 -0.000710757474959
65.5 -0.000540068120243
66.0 -0.000391601699146
66.5 -0.000277735783143
67.0 -0.000195436037346
67.5 -0.000127813398665
68.0 1.61247213946e-05
68.5 0.000154686057954
69.0 0.000212635155281
69.5 0.00031058313156
70.0 0.000369235653917
70.5 0.000442417638252
71.0 0.000517359037159
71.5 0.00063425692985
72.0 0.00072178095785
72.5 0.000777951307525
73.0 0.000798497069098
73.5 0.000808425875187
74.0 0.000874763294718
74.5 0.000893214214544
75.0 0.000942635155454
75.5 0.00103135471431
76.0 0.00105578366231
76.5 0.00108374593223
77.0 0.00111436115222
77.5 0.0011645544282
78.0 0.00122203600844
78.5 0.00118680199053
79.0 0.00116573523456
79.5 0.00116794070224
80.0 0.00128945214897
80.5 0.00124028651241
81.0 0.00119565473551
81.5 0.00126652771307
82.0 0.00130998229784
82.5 0.00128332855687
83.0 0.00129954377861
83.5 0.00127899074074
84.0 0.00118203837352
84.5 0.00122594566136
85.0 0.00115596833099
85.5 0.00110879918233
86.0 0.00118870245936
86.5 0.00115274865572
87.0 0.00112226267541
87.5 0.00119929199312
88.0 0.00115834301752
88.5 0.00106935365757
89.0 0.0010871653494
89.5 0.00099825057297
90.0 0.00109903726151
90.5 0.000934883905121
91.0 0.000912391415671
91.5 0.000912781143487
92.0 0.000789787690046
92.5 0.000749135335635
93.0 0.000760956188042
93.5 0.00071096814256
94.0 0.000746841598307
94.5 0.000691836512562
95.0 0.00056136636795
95.5 0.000488272642517
96.0 0.000416840946954
96.5 0.000493409254595
97.0 0.000434963094264
97.5 0.000349720609336
98.0 0.000260270939975
98.5 0.000119023339074
99.0 2.85309602326e-05
99.5 1.34163553511e-06
100.0 0.000101334654403
100.5 -8.1710082938e-05
101.0 -5.24825471615e-06
101.5 -3.20892945069e-05
102.0 -0.000188423374226
102.5 -0.000306778923957
103.0 -0.000389759038228
103.5 -0.000656369306121
104.0 -0.000854059476744
104.5 -0.000811455511091
105.0 -0.000623871314261
105.5 -0.000982077718909
106.0 -0.00110508102308
106.5 -0.00139835383068
107.0 -0.00149155088803
107.5 -0.0014890639028
108.0 -0.00162612289234
108.5 -0.00187352621456
109.0 -0.00212916429802
109.5 -0.00231847673449
110.0 -0.00215582849393
110.5 -0.00201824344614
111.0 -0.00241385341968
111.5 -0.00244358752669
112.0 -0.00270391031755
112.5 -0.00310125488336
113.0 -0.00336966067179
113.5 -0.00373032656557
114.0 -0.00351999392154
114.5 -0.00339880314523
115.0 -0.00398155215184
115.5 -0.00389351849277
116.0 -0.00431244357415
116.5 -0.003783038943
117.0 -0.00423086763429
117.5 -0.00573955283799
118.0 -0.00318141815082
118.5 -0.001578237206
119.0 -0.000646452537438
119.5 0.00547736520164
120.0 0.00539223202649
120.5 0.00425176492831
121.0 0.00275918036647
121.5 -0.00369876587435
122.0 -0.00438128819721
122.5 -0.00619747803727
123.0 -0.00540746191112
123.5 -0.00406725859439
124.0 -0.00368098201923
124.5 -0.00365695850695
125.0 -0.00382575470653
125.5 -0.0034167616305
126.0 -0.00448601104918
126.5 -0.00441303518851
127.0 -0.00394402525038
127.5 -0.00416390116263
128.0 -0.00429990738566
128.5 -0.00395190808248
129.0 -0.00327588448379
129.5 -0.00297378803513
130.0 -0.00346058362688
130.5 -0.00299971614094
131.0 -0.00262989953846
131.5 -0.00279782912425
132.0 -0.00270729432403
132.5 -0.00237930829603
133.0 -0.00192523831327
133.5 -0.00192514562112
134.0 -0.00213367528238
134.5 -0.00186342716824
135.0 -0.0017105113083
135.5 -0.00125889787255
136.0 -0.00157980722055
136.5 -0.00153178880377
137.0 -0.00134506856542
137.5 -0.00128430047172
138.0 -0.00109549629071
138.5 -0.0009874738432
139.0 -0.000882861200306
139.5 -0.000743697646239
140.0 -0.000600864270314
140.5 -0.000369225835087
141.0 -0.000522439159084
141.5 -0.000522664063773
142.0 -0.000364004774301
142.5 -0.000334569181852
143.0 -0.000248967059568
143.5 -0.000207447011734
144.0 -0.000230655583771
144.5 -0.000143436222626
145.0 -8.91856019214e-05
145.5 0.000151224844965
146.0 -5.26373982961e-05
146.5 -9.04825737811e-05
147.0 -4.78851593453e-05
147.5 4.96821026665e-05
148.0 0.000200136563893
148.5 0.000339782909574
149.0 0.000366657519756
149.5 0.000422823897861
150.0 0.000484071986663
150.5 0.000540557993148
151.0 0.000597284177352
151.5 0.000668572858215
152.0 0.00072366938537
152.5 0.000753947393658
153.0 0.000832029507555
153.5 0.000908315519355
154.0 0.000958784442421
154.5 0.00102867170264
155.0 0.00107769982435
155.5 0.00114848902605
156.0 0.00121844267141
156.5 0.00126962166206
157.0 0.00135180733642
157.5 0.00141484841868
158.0 0.00144396342185
158.5 0.00156010072346
159.0 0.00163503785526
159.5 0.00170660347409
160.0 0.00185273244433
160.5 0.00191823169974
161.0 0.00189173457479
161.5 0.00193677417247
162.0 0.00194161593723
162.5 0.00205393552413
163.0 0.00212373601086
163.5 0.00214151269855
164.0 0.00215008047606
164.5 0.00214994586042
165.0 0.00210788113579
165.5 0.00245552158261
166.0 0.00254080612549
166.5 0.00240748335945
167.0 0.00258254211199
167.5 0.00298442044708
168.0 0.00321759815177
168.5 0.0032907700428
169.0 0.0032283295764
169.5 0.00306918541021
170.0 0.00345678563051
170.5 0.00374509981009
171.0 0.00394063319871
171.5 0.00401871615595
172.0 0.00416772709291
172.5 0.00446252884559
173.0 0.0046198016597
173.5 0.00473235559643
174.0 0.00484585720267
174.5 0.00496136303782
175.0 0.00506328990517
175.5 0.00349094545861
176.0 0.00396877035244
176.5 0.00443448062805
177.0 0.00460377198537
177.5 0.00414146770758
178.0 0.00377600919307
178.5 0.00173607337005
179.0 -0.0029360819848
179.5 -0.0032521454814
180.0 -0.000435160499208
180.5 0.000439721583675
181.0 0.00228146269424
181.5 0.00216528683717
182.0 0.00256977918816
182.5 0.00306666364017
183.0 0.00298242961111
183.5 0.00238882508849
184.0 0.0016456927673
184.5 0.00147978228883
185.0 0.00216366468682
185.5 0.00166595247214
186.0 0.00172754069976
186.5 0.00170629982206
187.0 0.00151620496385
187.5 0.00138713902339
188.0 0.0011532504025
188.5 0.00107553609854
189.0 0.000730103961459
189.5 0.000485929610875
190.0 0.00028118018416
190.5 -0.000108689418212
191.0 -0.000318027645662
191.5 -0.000641682082872
192.0 -0.000922711618273
192.5 -0.00114927736981
193.0 -0.00174396640558
193.5 -0.00208949736026
194.0 -0.00280056306005
194.5 -0.00354199925492
195.0 -0.00414633094492
195.5 -0.00514267760589
196.0 -0.00685864346769
196.5 -0.00803101869222
197.0 -0.00933818802294
197.5 -0.0103218129601
198.0 -0.0132379081542
198.5 -0.0182988643379
199.0 -0.0285189329072
199.5 -0.0435636401656
