0.0 0.00230235377755
0.5 0.0154276407296
1.0 0.0185910865408
1.5 0.0136944530419
2.0 0.0103078091487
2.5 0.0077462841855
3.0 0.00597882398639
3.5 0.00426396398887
4.0 0.00266816662768
4.5 0.00121156260181
5.0 -0.00021707709179
5.5 -0.00146938982679
6.0 -0.00269561728708
6.5 -0.00384268222823
7.0 -0.00490355332198
7.5 -0.00596469581879
8.0 -0.00693870775863
8.5 -0.00792007079843
9.0 -0.00883313409579
9.5 -0.00971514765114
10.0 -0.0107446892917
10.5 -0.0115733698466
11.0 -0.0124083639025
11.5 -0.0132409384128
12.0 -0.0140087588692
12.5 -0.0147914857512
13.0 -0.0155498265603
13.5 -0.0162998727454
14.0 -0.0170759789489
14.5 -0.0177263143609
15.0 -0.0183694010906
15.5 -0.0190108326693
16.0 -0.0196498912363
16.5 -0.0202424985759
17.0 -0.0208122528271
17.5 -0.0213867686721
18.0 -0.0219106468733
18.5 -0.0224292368677
19.0 -0.0229291278213
19.5 -0.0233848327114
20.0 -0.0238104832625
20.5 -0.0242173871128
21.0 -0.0245914276621
21.5 -0.0249420673592
22.0 -0.0252794086842
22.5 -0.0255997742768
23.0 -0.0258812400138
23.5 -0.026150381777
24.0 -0.0263999108079
24.5 -0.0266081595293
25.0 -0.0267960503458
25.5 -0.026953605575
26.0 -0.0270750294548
26.5 -0.0271865564763
27.0 -0.0272927496713
27.5 -0.0273636193126
28.0 -0.0273858907444
28.5 -0.0274108198268
29.0 -0.0274182321604
29.5 -0.0273851963016
30.0 -0.0273210047088
30.5 -0.0272525000792
31.0 -0.0271627423016
31.5 -0.0270385455942
32.0 -0.0269025641604
32.5 -0.0267296391196
33.0 -0.0265534233504
33.5 -0.0263714550607
34.0 -0.026152424193
34.5 -0.0259297668096
35.0 -0.0256804941102
35.5 -0.0254155465761
36.0 -0.0251360250453
36.5 -0.0248368266979
37.0 -0.0245241573128
37.5 -0.0242090927435
38.0 -0.0238830078891
38.5 -0.0235231485847
39.0 -0.0231703826808
39.5 -0.0228109531722
40.0 -0.0224296610742
40.5 -0.0220390329816
41.0 -0.0216416524529
41.5 -0.0212521921578
42.0 -0.0208341799277
42.5 -0.0204129115344
43.0 -0.0200018734001
43.5 -0.0195662172477
44.0 -0.0191442525049
44.5 -0.0187215137251
45.0 -0.0183073149361
45.5 -0.0178774700392
46.0 -0.0174374996299
46.5 -0.0170325727756
47.0 -0.0166151040791
47.5 -0.0161751280915
48.0 -0.0157671842225
48.5 -0.0153534116672
49.0 -0.0149375915378
49.5 -0.0145429507555
50.0 -0.0141011698574
50.5 -0.0137031236423
51.0 -0.0133074496136
51.5 -0.012932666045
52.0 -0.0125507381201
52.5 -0.0121533574744
53.0 -0.0117817894752
53.5 -0.0114084095149
54.0 -0.0110641587318
54.5 -0.0107316496148
55.0 -0.0103682350152
55.5 -0.0100157474563
56.0 -0.00968564595495
56.5 -0.00937414444729
57.0 -0.00905778780899
57.5 -0.00872358193749
58.0 -0.00842033416229
58.5 -0.00814342695744
59.0 -0.00785624498908
59.5 -0.00759562651046
60.0 -0.00732372926841
60.5 -0.0070439371251
61.0 -0.00679887016262
61.5 -0.0065201594279
62.0 -0.00627058703866
62.5 -0.00604103493038
63.0 -0.00583893561889
63.5 -0.00561545109929
64.0 -0.00538309357949
64.5 -0.00519194563102
65.0 -0.00493879717503
65.5 -0.00477209168053
66.0 -0.00458173705514
66.5 -0.0043654096392
67.0 -0.0041849498799
67.5 -0.00400928107491
68.0 -0.00386436297139
68.5 -0.0037321360029
69.0 -0.0035984426495
69.5 -0.00342360668853
70.0 -0.00330595014785
70.5 -0.0031207441271
71.0 -0.00300581429326
71.5 -0.00287369197323
72.0 -0.00275635574645
72.5 -0.00263894567862
73.0 -0.0025506359454
73.5 -0.00245373473082
74.0 -0.00238900113669
74.5 -0.00219609431132
75.0 -0.00212009734777
75.5 -0.0020770809584
76.0 -0.00194677952848
76.5 -0.00186201674137
77.0 -0.00176322633127
77.5 -0.00168130663819
78.0 -0.00164664103101
78.5 -0.00158947598857
79.0 -0.00152254572926
79.5 -0.00140358703922
80.0 -0.00138092957786
80.5 -0.00136129668673
81.0 -0.00130015661823
81.5 -0.00130160667588
82.0 -0.00126481059304
82.5 -0.00119194526451
83.0 -0.0011537473456
83.5 -0.00109049932539
84.0 -0.00109147344466
84.5 -0.00110830256646
85.0 -0.00112153409929
85.5 -0.00096692869219
86.0 -0.000988451803362
86.5 -0.00100057613701
87.0 -0.000950029436137
87.5 -0.000898805615503
88.0 -0.00094618690629
88.5 -0.000901035186526
89.0 -0.000820082501154
89.5 -0.000872203306205
90.0 -0.000777056519265
90.5 -0.000924749832144
91.0 -0.000941201017241
91.5 -0.000938895103555
92.0 -0.000954050973128
92.5 -0.000975485821041
93.0 -0.00103403916533
93.5 -0.00103612113811
94.0 -0.000851005468988
94.5 -0.00100020327855
95.0 -0.00110796763033
95.5 -0.00109825199619
96.0 -0.0010516579768
96.5 -0.0010043956217
97.0 -0.00116465597861
97.5 -0.00131093061346
98.0 -0.00134139786784
98.5 -0.00132487753278
99.0 -0.00127960112453
99.5 -0.00140531301184
100.0 -0.00146393805869
100.5 -0.00146260599308
101.0 -0.00149656124371
101.5 -0.00155460285492
102.0 -0.00163987619532
102.5 -0.00170751907338
103.0 -0.00171785737008
103.5 -0.00185529812875
104.0 -0.00197945450468
104.5 -0.00204865375728
105.0 -0.00190019153447
105.5 -0.00194204545748
106.0 -0.00222740456844
106.5 -0.00253370560651
107.0 -0.00257543867792
107.5 -0.00264290660578
108.0 -0.00286386514104
108.5 -0.00306690131767
109.0 -0.00316373318444
109.5 -0.00317335957876
110.0 -0.00292951650133
110.5 -0.00349150440223
111.0 -0.00354799674778
111.5 -0.00416190662223
112.0 -0.0045306902871
112.5 -0.00465462250972
113.0 -0.00471901934087
113.5 -0.00506244507454
114.0 -0.00499653177326
114.5 -0.00511438731202
115.0 -0.00539434347949
115.5 -0.00388344063887
116.0 -0.00426714513019
116.5 -0.00482131864543
117.0 -0.00560629424997
117.5 -0.00614293807433
118.0 -0.00569301265875
118.5 -0.00309384824456
119.0 0.000431009100609
119.5 0.0086886827344
120.0 0.00924861528179
120.5 0.00460520740309
121.0 0.000796741505582
121.5 -0.00272287838509
122.0 -0.00485185886288
122.5 -0.00525844264949
123.0 -0.00378927477992
123.5 -0.0035130145951
124.0 -0.00371077976196
124.5 -0.00372905633998
125.0 -0.00507761728346
125.5 -0.00436126814053
126.0 -0.00413999159325
126.5 -0.00427157934929
127.0 -0.00411022909162
127.5 -0.00385623224534
128.0 -0.00364471425446
128.5 -0.00360367125385
129.0 -0.00325454525084
129.5 -0.00284765819916
130.0 -0.00243771411085
130.5 -0.00303087358898
131.0 -0.00286802820539
131.5 -0.00256607573355
132.0 -0.00241272324542
132.5 -0.00220129849005
133.0 -0.00192277113479
133.5 -0.00176606744747
134.0 -0.00163662424772
134.5 -0.0019256289699
135.0 -0.00172190149817
135.5 -0.00152718767851
136.0 -0.00147648275854
136.5 -0.00142752684208
137.0 -0.0012298500553
137.5 -0.0012093664045
138.0 -0.0010296733572
138.5 -0.000949553458572
139.0 -0.0008288778509
139.5 -0.000651457068034
140.0 -0.000904404004618
140.5 -0.000781671405932
141.0 -0.000559386423792
141.5 -0.000512834779553
142.0 -0.000276199329434
142.5 -0.000412537185818
143.0 -0.000480525339766
143.5 -0.000387299656619
144.0 -0.00029731039456
144.5 -0.000161258750941
145.0 -0.000114481955233
145.5 -3.40947086057e-05
146.0 4.44332335361e-05
146.5 0.000176700868904
147.0 5.95763392361e-05
147.5 4.9130174657e-05
148.0 0.000246647751627
148.5 0.000341085631297
149.0 0.000189375390723
149.5 0.000266047607339
150.0 0.000383652100723
150.5 0.000452411505949
151.0 0.000514798314327
151.5 0.000587818663172
152.0 0.000642541696867
152.5 0.00067299872523
153.0 0.000754375345155
153.5 0.000849969773203
154.0 0.000958019387005
154.5 0.00105193945248
155.0 0.000879412373326
155.5 0.000955658865367
156.0 0.00110292137849
156.5 0.00119005587313
157.0 0.00129685281749
157.5 0.00137780698752
158.0 0.0014702019945
158.5 0.00166422683522
159.0 0.00172673114994
159.5 0.00166314597228
160.0 0.00168736750126
160.5 0.00168524383607
161.0 0.00174909671358
161.5 0.00184177092147
162.0 0.0018744597099
162.5 0.002005579468
163.0 0.00209391134169
163.5 0.00203082171062
164.0 0.00198724843233
164.5 0.00226694229025
165.0 0.00255184900562
165.5 0.00265071735826
166.0 0.00253705164236
166.5 0.0027094801946
167.0 0.00277241072326
167.5 0.00282903059222
168.0 0.00308951900358
168.5 0.00343575934771
169.0 0.00355521487167
169.5 0.00368327515
170.0 0.00387654349633
170.5 0.00398150567486
171.0 0.00419791879068
171.5 0.00394978301212
172.0 0.00445228672936
172.5 0.00508262695524
173.0 0.00548507456564
173.5 0.00545396009636
174.0 0.00534923322832
174.5 0.00592882244383
175.0 0.00620366333
175.5 0.0059675276825
176.0 0.00496681414789
176.5 0.00555094027551
177.0 0.00603692803114
177.5 0.00646923172354
178.0 0.00274355966106
178.5 0.0028723819063
179.0 -0.00149943434306
179.5 -0.00383341243854
180.0 -0.00409223533343
180.5 -0.00542950670764
181.0 -0.00314523799423
181.5 -0.000468112284224
182.0 0.000349866337743
182.5 0.000454367854005
183.0 0.000414555958685
183.5 0.00100689301698
184.0 0.00142592777158
184.5 0.00113536052459
185.0 0.00110289562041
185.5 0.000952011962781
186.0 0.00111778911042
186.5 0.00111582901388
187.0 0.00105524609661
187.5 0.000853150442836
188.0 0.000492463133369
188.5 0.000482776909408
189.0 0.0002737610141
189.5 -6.6463726867e-05
190.0 -0.000312756527691
190.5 -0.000640557992227
191.0 -0.000780412632849
191.5 -0.00114707288651
192.0 -0.00144906723222
192.5 -0.00160449454883
193.0 -0.00226545958672
193.5 -0.0026629192143
194.0 -0.00320573660315
194.5 -0.00385179369867
195.0 -0.00487982659995
195.5 -0.00609243091822
196.0 -0.00711023370417
196.5 -0.00845701950244
197.0 -0.0101293050671
197.5 -0.011091824538
198.0 -0.0139558123259
198.5 -0.0191856126038
199.0 -0.0296384066169
199.5 -0.0448150733709
