0.0 0.00249924850818
0.5 0.0275420543997
1.0 0.0373528156808
1.5 0.0291915623213
2.0 0.0240480542541
2.5 0.0189213493614
3.0 0.0149794380997
3.5 0.0117872293814
4.0 0.00865846301108
4.5 0.0057183921564
5.0 0.00266448217487
5.5 -0.000105902665993
6.0 -0.002908115268
6.5 -0.00563259208534
7.0 -0.00837008995244
7.5 -0.0111849997698
8.0 -0.013838822512
8.5 -0.0165544207887
9.0 -0.0192950424984
9.5 -0.0221684614838
10.0 -0.0249756475346
10.5 -0.0278000725377
11.0 -0.0306588827338
11.5 -0.033477532309
12.0 -0.0363064436307
12.5 -0.0391462076295
13.0 -0.0419726981912
13.5 -0.0447377898787
14.0 -0.0474832640592
14.5 -0.0501522246395
15.0 -0.0527067336176
15.5 -0.0552016527048
16.0 -0.0575726890486
16.5 -0.0597822431596
17.0 -0.0618584209427
17.5 -0.0637820545605
18.0 -0.0655370743112
18.5 -0.067062051072
19.0 -0.0683838300945
19.5 -0.0695059135595
20.0 -0.0703352853636
20.5 -0.0709526632138
21.0 -0.0713324058989
21.5 -0.0714875685919
22.0 -0.0714275547334
22.5 -0.0711031659213
23.0 -0.0706352722763
23.5 -0.0699746130171
24.0 -0.069107380362
24.5 -0.068093663116
25.0 -0.0668984454607
25.5 -0.0655543294647
26.0 -0.0641542781771
26.5 -0.0626425071057
27.0 -0.06104945863
27.5 -0.0593583623247
28.0 -0.0576295406295
28.5 -0.0558685621615
29.0 -0.0540687675207
29.5 -0.052313747953
30.0 -0.0504862977764
30.5 -0.0486658154441
31.0 -0.0468503480658
31.5 -0.0450508975356
32.0 -0.0432768625869
32.5 -0.0415059885175
33.0 -0.0397713880745
33.5 -0.0380808239393
34.0 -0.0364584533772
34.5 -0.0348518036281
35.0 -0.0332795032975
35.5 -0.0317600974296
36.0 -0.0302683885556
36.5 -0.0288155122828
37.0 -0.0274162093168
37.5 -0.02606769286
38.0 -0.0247597288579
38.5 -0.0234680478136
39.0 -0.0222274740714
39.5 -0.0210585858848
40.0 -0.019932873453
40.5 -0.0188253967394
41.0 -0.0177615972853
41.5 -0.0167515625483
42.0 -0.0157679751955
42.5 -0.0148201572015
43.0 -0.0139202392618
43.5 -0.0130569359211
44.0 -0.0122320473554
44.5 -0.0114146775104
45.0 -0.0106533206523
45.5 -0.00991520194651
46.0 -0.0092040869696
46.5 -0.00853486551348
47.0 -0.00789573648475
47.5 -0.00727082644948
48.0 -0.00669852596007
48.5 -0.00613842667872
49.0 -0.00559761583861
49.5 -0.00510155632992
50.0 -0.00458004901468
50.5 -0.00411643337467
51.0 -0.00368604877108
51.5 -0.0032513034793
52.0 -0.00285661585378
52.5 -0.00247364065805
53.0 -0.00211855584565
53.5 -0.00176758444031
54.0 -0.00144137533979
54.5 -0.00113310274182
55.0 -0.000811055734072
55.5 -0.000518863866592
56.0 -0.000273597852321
56.5 -7.97530339192e-06
57.0 0.000241809851047
57.5 0.000485199202719
58.0 0.000668623569579
58.5 0.000861676700499
59.0 0.00106456635925
59.5 0.00122799356999
60.0 0.00143339488583
60.5 0.00158317844908
61.0 0.00172613974749
61.5 0.00189136145304
62.0 0.00201931769839
62.5 0.00212466302628
63.0 0.00223179986188
63.5 0.00233702504825
64.0 0.0024395742303
64.5 0.00252009531209
65.0 0.00259967740706
65.5 0.00272419582423
66.0 0.00279157682976
66.5 0.00284061027068
67.0 0.00291586803962
67.5 0.00294121778276
68.0 0.00300216563594
68.5 0.00304980657423
69.0 0.00308732394066
69.5 0.00310524611158
70.0 0.00313085009935
70.5 0.00315487630558
71.0 0.00324010858838
71.5 0.00325877503194
72.0 0.00327758709113
72.5 0.00328636780106
73.0 0.0032753956682
73.5 0.00328360072143
74.0 0.00327587862227
74.5 0.00327454067369
75.0 0.00329993816801
75.5 0.0032544274012
76.0 0.00323565558065
76.5 0.00325702378392
77.0 0.00327680383813
77.5 0.00324374513725
78.0 0.00323251347697
78.5 0.00322001656498
79.0 0.00316409633241
79.5 0.0031792685018
80.0 0.00307538185689
80.5 0.00304726865992
81.0 0.00302198375378
81.5 0.00304512735275
82.0 0.00303821789462
82.5 0.0029785885678
83.0 0.00295989110615
83.5 0.00290607928514
84.0 0.00283649011276
84.5 0.00277550551485
85.0 0.00275756431877
85.5 0.00273788906864
86.0 0.00267765623645
86.5 0.00263925298971
87.0 0.00255337512731
87.5 0.00259297965131
88.0 0.00253732726897
88.5 0.00242584219598
89.0 0.00245860073595
89.5 0.00228309362513
90.0 0.00231630251696
90.5 0.00221108619045
91.0 0.00210802931674
91.5 0.00203910364112
92.0 0.00195161777889
92.5 0.00196985572182
93.0 0.00198497355795
93.5 0.0018924391833
94.0 0.00179616376543
94.5 0.00173019097882
95.0 0.00162057287482
95.5 0.00149943947726
96.0 0.00141307714636
96.5 0.00132380984081
97.0 0.00122489043244
97.5 0.00117308489224
98.0 0.00115187798779
98.5 0.0010981002499
99.0 0.001033645356
99.5 0.00090063455384
100.0 0.000780178056033
100.5 0.000760339657241
101.0 0.000677576332613
101.5 0.000643579809626
102.0 0.000567108742644
102.5 0.0002862302563
103.0 9.99994778752e-05
103.5 9.28301007974e-06
104.0 -7.33348101463e-05
104.5 2.22703952559e-05
105.0 -0.000412616051456
105.5 -0.000449362842772
106.0 -0.000532440568016
106.5 -0.000734584755591
107.0 -0.000784320254702
107.5 -0.000845542714025
108.0 -0.00110177921367
108.5 -0.00139014395786
109.0 -0.00135083900659
109.5 -0.00114165169316
110.0 -0.00178521550018
110.5 -0.00194069186468
111.0 -0.00160970511373
111.5 -0.00210901598251
112.0 -0.00235291193439
112.5 -0.00260838855381
113.0 -0.00302484135184
113.5 -0.0033774621571
114.0 -0.00272750239147
114.5 -0.00293635900314
115.0 -0.00332264830902
115.5 -0.00341387843434
116.0 -0.00388499292457
116.5 -0.00368705955188
117.0 -0.00369025053516
117.5 -0.00427869315587
118.0 -0.00326565342128
118.5 -0.00120286422164
119.0 0.00198073083449
119.5 0.010027952457
120.0 0.0100303986788
120.5 0.0065043170389
121.0 0.0046252953493
121.5 -0.00147753967134
122.0 -0.00603136134148
122.5 -0.0054480595425
123.0 -0.00508003622203
123.5 -0.00561722776555
124.0 -0.00598506487064
124.5 -0.0052852000254
125.0 -0.00500304545001
125.5 -0.00458220125041
126.0 -0.00453922004873
126.5 -0.00461357533644
127.0 -0.00447482615017
127.5 -0.00411593941519
128.0 -0.00367063488051
128.5 -0.00378313324298
129.0 -0.00392782899389
129.5 -0.00332145989853
130.0 -0.00308375150519
130.5 -0.00291266764334
131.0 -0.00282107238391
131.5 -0.0024658065264
132.0 -0.00215047925385
132.5 -0.00224580395017
133.0 -0.00216067401103
133.5 -0.00195687774909
134.0 -0.00178408718836
134.5 -0.0016354324007
135.0 -0.00157183343513
135.5 -0.00137300795446
136.0 -0.00127979914341
136.5 -0.0012219679217
137.0 -0.00107440792712
137.5 -0.00109344488516
138.0 -0.000890199192423
138.5 -0.000818851487224
139.0 -0.000757912643895
139.5 -0.000633892127652
140.0 -0.000558418946362
140.5 -0.000478941327888
141.0 -0.000324279621189
141.5 -0.000317499827606
142.0 -0.000190401939676
142.5 -0.0001731279862
143.0 -5.90251862125e-05
143.5 2.10869270258e-05
144.0 4.77013085831e-05
144.5 0.000172173076269
145.0 0.000214912491878
145.5 0.000286603276054
146.0 0.00033158515997
146.5 0.000364669651628
147.0 0.000422594276159
147.5 0.000473889726435
148.0 0.000543572186012
148.5 0.000632471086237
149.0 0.000646248802825
149.5 0.000669522294702
150.0 0.000679641769516
150.5 0.000650346277209
151.0 0.000729382858971
151.5 0.000864509965995
152.0 0.00095678666781
152.5 0.00100693221087
153.0 0.00109879246063
153.5 0.00118648935416
154.0 0.00125281496257
154.5 0.00135251643357
155.0 0.00143846393789
155.5 0.00152318865129
156.0 0.00172611113451
156.5 0.00163515057864
157.0 0.00153769109079
157.5 0.00158534868414
158.0 0.00170491024343
158.5 0.00187027317806
159.0 0.00192664578724
159.5 0.00199498255216
160.0 0.00218473277372
160.5 0.00224661046472
161.0 0.00202061150965
161.5 0.00216172426479
162.0 0.00229958244228
162.5 0.00248944599426
163.0 0.00260845961722
163.5 0.00266861765313
164.0 0.002719290721
164.5 0.0028318815325
165.0 0.00307244714855
165.5 0.00318771894181
166.0 0.00317340391329
166.5 0.00338179973631
167.0 0.00307138806802
167.5 0.00332073765708
168.0 0.00366717227694
168.5 0.00388985530053
169.0 0.00399372641073
169.5 0.00414644034905
170.0 0.00438893494599
170.5 0.00464508721751
171.0 0.00485523888062
171.5 0.00505234775144
172.0 0.00478351651658
172.5 0.00517512064714
173.0 0.00563519281313
173.5 0.00598746379217
174.0 0.00616689976559
174.5 0.00609224726554
175.0 0.00534965724134
175.5 0.00516161659596
176.0 0.00525892290099
176.5 0.00550098421895
177.0 0.00583958983482
177.5 0.00649815675395
178.0 0.00626550017464
178.5 0.00354615237617
179.0 -0.00214925845034
179.5 -0.00614696781632
180.0 -0.00562392710776
180.5 -0.00581447807564
181.0 -0.00258801907209
181.5 0.000136384915137
182.0 0.00118918210522
182.5 0.00138491165775
183.0 0.0012173039653
183.5 0.00161785587079
184.0 0.00189714339689
184.5 0.00150724696333
185.0 0.00140987896133
185.5 0.00103350222153
186.0 0.00176371953414
186.5 0.0015487583336
187.0 0.00138506749104
187.5 0.00104732003808
188.0 0.000666485230013
188.5 0.000521537422344
189.0 0.000111573959259
189.5 -0.000202489549409
190.0 -0.000435927864473
190.5 -0.000828156206225
191.0 -0.00112284802648
191.5 -0.00151409131693
192.0 -0.00198113008682
192.5 -0.00230930913123
193.0 -0.00282223791602
193.5 -0.00353374473399
194.0 -0.00443435131788
194.5 -0.00523733720644
195.0 -0.00624976542917
195.5 -0.00782848341981
196.0 -0.00873356926151
196.5 -0.0112127243144
197.0 -0.0135822732976
197.5 -0.0159229498274
198.0 -0.0211797195225
198.5 -0.02848709678
199.0 -0.0436774098173
199.5 -0.0694181327302
