0.0 0.000254252499065
0.5 0.0131958254627
1.0 0.015152127582
1.5 0.0104908022374
2.0 0.00726760611897
2.5 0.00484011430864
3.0 0.00321660099596
3.5 0.00154011633774
4.0 -0.000339360410354
4.5 -0.00159856802054
5.0 -0.00300998271393
5.5 -0.00414929767335
6.0 -0.00533255172065
6.5 -0.00646166987083
7.0 -0.00742559619353
7.5 -0.0084457500559
8.0 -0.00934979260987
8.5 -0.0102455735282
9.0 -0.0110956882199
9.5 -0.0120554028422
10.0 -0.0128461562383
10.5 -0.0136126370997
11.0 -0.014393542945
11.5 -0.0151435052547
12.0 -0.0158560211426
12.5 -0.0165527547844
13.0 -0.0172182784749
13.5 -0.0178573904277
14.0 -0.0184645672369
14.5 -0.0190333859112
15.0 -0.0195727735512
15.5 -0.020107019579
16.0 -0.0205943187654
16.5 -0.021066214799
17.0 -0.0215251269387
17.5 -0.0219548728793
18.0 -0.0223363726282
18.5 -0.0227022908229
19.0 -0.0230528595582
19.5 -0.0233918712827
20.0 -0.0236803520709
20.5 -0.0239435121808
21.0 -0.0241678591775
21.5 -0.0243776252393
22.0 -0.0245789492863
22.5 -0.024759579205
23.0 -0.0248992755721
23.5 -0.0250303010017
24.0 -0.0251389035171
24.5 -0.0252641329305
25.0 -0.0253079990898
25.5 -0.0253340047482
26.0 -0.0253468497786
26.5 -0.0253375867715
27.0 -0.0253235255289
27.5 -0.0252590131618
28.0 -0.025193336336
28.5 -0.025125907958
29.0 -0.0250522494391
29.5 -0.024942143165
30.0 -0.0248014091905
30.5 -0.0246608616609
31.0 -0.0244979543219
31.5 -0.0243102508771
32.0 -0.0241210574362
32.5 -0.0239004123776
33.0 -0.0236792604602
33.5 -0.0234549885092
34.0 -0.023211125649
34.5 -0.0229634204343
35.0 -0.022692283307
35.5 -0.0224184621652
36.0 -0.0221202338194
36.5 -0.0218045622266
37.0 -0.0214894125819
37.5 -0.0211784898491
38.0 -0.0208594800437
38.5 -0.0205150157713
39.0 -0.0201853933109
39.5 -0.0198575080379
40.0 -0.0194875050645
40.5 -0.019128009322
41.0 -0.0187662997698
41.5 -0.0184212008952
42.0 -0.0180519811714
42.5 -0.017672382406
43.0 -0.0173090335455
43.5 -0.0169454194644
44.0 -0.0165840190427
44.5 -0.0162074268439
45.0 -0.015809041991
45.5 -0.0154516494229
46.0 -0.015090598908
46.5 -0.0147220860398
47.0 -0.0143705061627
47.5 -0.0140034853472
48.0 -0.013650042787
48.5 -0.0132937396993
49.0 -0.012946053898
49.5 -0.012586244105
50.0 -0.0122228614828
50.5 -0.0118965931615
51.0 -0.0115425992843
51.5 -0.0112202949433
52.0 -0.0108963242412
52.5 -0.010560757392
53.0 -0.0102613853419
53.5 -0.00995786818785
54.0 -0.0096496304173
54.5 -0.00933566716664
55.0 -0.00903215888862
55.5 -0.00874702346701
56.0 -0.00847961075503
56.5 -0.00818210939536
57.0 -0.00790419534589
57.5 -0.00762918448557
58.0 -0.00739129948556
58.5 -0.00714890733383
59.0 -0.00690202266721
59.5 -0.00667352676039
60.0 -0.00640677536146
60.5 -0.0061972665752
61.0 -0.00595792021169
61.5 -0.00573385074532
62.0 -0.00554371656042
62.5 -0.00534080106801
63.0 -0.00515469009312
63.5 -0.00493983196088
64.0 -0.0047547909771
64.5 -0.00458689880184
65.0 -0.00441314179795
65.5 -0.00425108683425
66.0 -0.00406010339328
66.5 -0.00389048866415
67.0 -0.00375206247983
67.5 -0.00358863532607
68.0 -0.00344666629279
68.5 -0.00332978686664
69.0 -0.00319551659354
69.5 -0.0030678017284
70.0 -0.00292244907459
70.5 -0.00281975937902
71.0 -0.00266638148702
71.5 -0.00257776391934
72.0 -0.00241188430105
72.5 -0.00228472628836
73.0 -0.00225236313876
73.5 -0.00219754536561
74.0 -0.00211815824137
74.5 -0.00198363797956
75.0 -0.00195380879114
75.5 -0.00185918163874
76.0 -0.00181461645228
76.5 -0.00167317178218
77.0 -0.0015700353709
77.5 -0.00149975899415
78.0 -0.00146773169135
78.5 -0.0013928611344
79.0 -0.00133200573991
79.5 -0.00131816233714
80.0 -0.00127287737698
80.5 -0.00129464114709
81.0 -0.00114049639462
81.5 -0.00111489498248
82.0 -0.00107625576848
82.5 -0.00103583519912
83.0 -0.00102511546866
83.5 -0.00093197818202
84.0 -0.000916261864031
84.5 -0.000919696703107
85.0 -0.000886171648382
85.5 -0.000915663866049
86.0 -0.000811870704677
86.5 -0.000873767064544
87.0 -0.000898829295728
87.5 -0.000886113943814
88.0 -0.000843841870054
88.5 -0.000730524415481
89.0 -0.000762756504393
89.5 -0.000832624258301
90.0 -0.000641107558511
90.5 -0.000818540429265
91.0 -0.000821316184602
91.5 -0.000859433651744
92.0 -0.000861015934127
92.5 -0.000840406255318
93.0 -0.000833500388513
93.5 -0.000833985340311
94.0 -0.000844325876542
94.5 -0.000780846774905
95.0 -0.00090629763093
95.5 -0.000826707460327
96.0 -0.000969117797183
96.5 -0.000962471309382
97.0 -0.00101250848546
97.5 -0.000986459385452
98.0 -0.00098566135739
98.5 -0.00106549518276
99.0 -0.000970130111007
99.5 -0.00107014602312
100.0 -0.000969971307832
100.5 -0.00111839344606
101.0 -0.00115079227358
101.5 -0.00131739865105
102.0 -0.00137700359319
102.5 -0.00149247369263
103.0 -0.00158379861866
103.5 -0.00166668203635
104.0 -0.00171823467954
104.5 -0.0017868519738
105.0 -0.00162403787701
105.5 -0.00174546613587
106.0 -0.00168343697698
106.5 -0.00197068951442
107.0 -0.00211724778432
107.5 -0.00222281174362
108.0 -0.00226625162799
108.5 -0.00237509100177
109.0 -0.00261157897651
109.5 -0.00264565781784
110.0 -0.00287958368435
110.5 -0.00295708356821
111.0 -0.00292961583731
111.5 -0.00316099278361
112.0 -0.00335039239033
112.5 -0.00357836378289
113.0 -0.00373610444925
113.5 -0.00403502119141
114.0 -0.00403752396829
114.5 -0.00445774032177
115.0 -0.00451176271962
115.5 -0.00396821618706
116.0 -0.00453124769979
116.5 -0.00449974328485
117.0 -0.00455200146004
117.5 -0.00592929289949
118.0 -0.00366099526664
118.5 -0.00193277123451
119.0 0.0026607633758
119.5 0.0104005352659
120.0 0.00842994371607
120.5 0.00451053253664
121.0 0.000378832269888
121.5 -0.00276805580283
122.0 -0.00483689960933
122.5 -0.00535423900598
123.0 -0.00487385425383
123.5 -0.00505387866241
124.0 -0.00530484564645
124.5 -0.00531362382618
125.0 -0.00537857260215
125.5 -0.00518211166995
126.0 -0.00525212406023
126.5 -0.00546274756506
127.0 -0.00537532136546
127.5 -0.00504282522014
128.0 -0.00465424091601
128.5 -0.00465804760277
129.0 -0.0048508877365
129.5 -0.00416424225821
130.0 -0.00382703041435
130.5 -0.00341981342635
131.0 -0.00395401741225
131.5 -0.00351026799709
132.0 -0.00305669624127
132.5 -0.00309495301914
133.0 -0.00305478113712
133.5 -0.00278954237596
134.0 -0.0026405931891
134.5 -0.00250987904649
135.0 -0.00243556740128
135.5 -0.00221113086386
136.0 -0.00209462423185
136.5 -0.00203131367764
137.0 -0.00186913823783
137.5 -0.0018455098653
138.0 -0.00168356549755
138.5 -0.00158132039297
139.0 -0.00147380356186
139.5 -0.00132691364687
140.0 -0.0010268892947
140.5 -0.00126482233745
141.0 -0.0010765798407
141.5 -0.00104259969305
142.0 -0.000887878426994
142.5 -0.000858020926527
143.0 -0.000740717501856
143.5 -0.000663315404344
144.0 -0.000653746393501
144.5 -0.00050687075316
145.0 -0.000472334979396
145.5 -0.000422022090728
146.0 -0.000365505478027
146.5 -0.000321407956946
147.0 -0.000248847394281
147.5 -0.000167487058556
148.0 -0.000113182221419
148.5 -2.04703167439e-06
149.0 0.00011543745193
149.5 0.000160418725366
150.0 0.000205670591831
150.5 0.000238284767149
151.0 0.00028230679537
151.5 0.000338658093032
152.0 0.000373242564168
152.5 0.000373833947164
153.0 0.000394870438162
153.5 0.000458910261878
154.0 0.000626706006528
154.5 0.000831329549312
155.0 0.000760491500225
155.5 0.000801071952388
156.0 0.000846411712736
156.5 0.000879330747594
157.0 0.000939094584584
157.5 0.000933822996277
158.0 0.000866527793761
158.5 0.000962406158219
159.0 0.0011040221441
159.5 0.00118418426747
160.0 0.00134902517782
160.5 0.00151047636671
161.0 0.00160227994961
161.5 0.00157394955415
162.0 0.00144293943122
162.5 0.00155444041227
163.0 0.00176101176152
163.5 0.00189843079182
164.0 0.0019640453357
164.5 0.00206426668355
165.0 0.00234158790678
165.5 0.00238319671843
166.0 0.00193717100382
166.5 0.00222939112608
167.0 0.00244001106171
167.5 0.00264288505794
168.0 0.00288501015231
168.5 0.00310360112096
169.0 0.00314019783926
169.5 0.0032540656825
170.0 0.00346210152831
170.5 0.0035842609403
171.0 0.00389809077862
171.5 0.00429322914671
172.0 0.00391110284254
172.5 0.00436523949328
173.0 0.00494015871942
173.5 0.00519693439813
174.0 0.00550094325057
174.5 0.00558020477349
175.0 0.00501333625748
175.5 0.00516479947552
176.0 0.00581522780777
176.5 0.00643935133895
177.0 0.00688265946116
177.5 0.00834015864271
178.0 0.00483717260312
178.5 0.0044525040782
179.0 0.000600320508653
179.5 -0.00402323103118
180.0 -0.00597471557559
180.5 -0.00696907421342
181.0 -0.00373709349961
181.5 -0.00145941896903
182.0 4.4038263681e-05
182.5 0.000532153894753
183.0 0.000610896337449
183.5 0.00109292076819
184.0 0.00135323079921
184.5 0.00103872055716
185.0 0.00104427891158
185.5 0.000767272046801
186.0 0.000825494730634
186.5 0.000752764554576
187.0 0.000501706208865
187.5 0.000551251472018
188.0 0.00039914042955
188.5 2.675515492e-05
189.0 -0.000212545270287
189.5 -0.000587080946019
190.0 -0.000937833450735
190.5 -0.00137727229452
191.0 -0.00168857026321
191.5 -0.00214206909384
192.0 -0.0025244003037
192.5 -0.00283841095852
193.0 -0.00348971127758
193.5 -0.00409725127129
194.0 -0.0050098524965
194.5 -0.00567670508845
195.0 -0.00647658873633
195.5 -0.00861582120496
196.0 -0.00990779165176
196.5 -0.0116996777351
197.0 -0.0140081610127
197.5 -0.0156274484948
198.0 -0.0216332892773
198.5 -0.0287251328184
199.0 -0.0447920881448
199.5 -0.0669143983627
