0.0 0.00167136940607
0.5 0.0154439509879
1.0 0.0190929963062
1.5 0.0142870940265
2.0 0.0106110215594
2.5 0.00745311918049
3.0 0.00542251812204
3.5 0.00345465502159
4.0 0.00132213810209
4.5 -0.000161405034198
5.0 -0.00185247561776
5.5 -0.00329922115471
6.0 -0.00491548844269
6.5 -0.00634968864793
7.0 -0.00760071253927
7.5 -0.00894647583592
8.0 -0.0102411757843
8.5 -0.0116258939401
9.0 -0.0128374934176
9.5 -0.0140798693787
10.0 -0.0153204992845
10.5 -0.0164970008294
11.0 -0.0177670594441
11.5 -0.0189819959781
12.0 -0.0201050020028
12.5 -0.0212646677633
13.0 -0.0224017857116
13.5 -0.0235063131548
14.0 -0.0245919422996
14.5 -0.0256321389305
15.0 -0.0266904879513
15.5 -0.0276897190968
16.0 -0.0286266441981
16.5 -0.0295586362666
17.0 -0.0304545377029
17.5 -0.0313054785711
18.0 -0.0321346860871
18.5 -0.0328841194611
19.0 -0.0335822494567
19.5 -0.0342376001805
20.0 -0.0348542163202
20.5 -0.0354084433337
21.0 -0.0358928320057
21.5 -0.0363142184428
22.0 -0.0366944104162
22.5 -0.0370171513047
23.0 -0.037305920535
23.5 -0.0375049511107
24.0 -0.037648684164
24.5 -0.0377566486907
25.0 -0.0377790093632
25.5 -0.037746731614
26.0 -0.0376530439685
26.5 -0.0375025314824
27.0 -0.037320230263
27.5 -0.0370769662719
28.0 -0.0367813722102
28.5 -0.0364460376519
29.0 -0.0360610783508
29.5 -0.0356597088243
30.0 -0.0351997525096
30.5 -0.0346979338353
31.0 -0.0341777193123
31.5 -0.033609965939
32.0 -0.0330135807861
32.5 -0.0324080369591
33.0 -0.0317833218796
33.5 -0.0311177015759
34.0 -0.0304707093156
34.5 -0.0297915741625
35.0 -0.0290977719668
35.5 -0.0284074393988
36.0 -0.0276958423259
36.5 -0.0269732073526
37.0 -0.0262681540262
37.5 -0.0255617340547
38.0 -0.0248376182014
38.5 -0.0241330841039
39.0 -0.0234098141181
39.5 -0.0227076254234
40.0 -0.0220093917171
40.5 -0.0213278244144
41.0 -0.0206426865432
41.5 -0.0199742806106
42.0 -0.0193041586321
42.5 -0.0186409356983
43.0 -0.017996022349
43.5 -0.0173606582666
44.0 -0.0167451314013
44.5 -0.0161416033343
45.0 -0.0155427938663
45.5 -0.0149744491637
46.0 -0.0144030451904
46.5 -0.0138460415995
47.0 -0.0132963996855
47.5 -0.0127564997009
48.0 -0.0122631153669
48.5 -0.0117605107541
49.0 -0.0112613610621
49.5 -0.0107887982015
50.0 -0.0103114033733
50.5 -0.00988210431813
51.0 -0.00942246270961
51.5 -0.00901315737304
52.0 -0.00861063878637
52.5 -0.00819987370493
53.0 -0.00783178889263
53.5 -0.00745549437926
54.0 -0.00709237125052
54.5 -0.0067551963084
55.0 -0.00641519780889
55.5 -0.00609408154346
56.0 -0.00575914885106
56.5 -0.00545363235646
57.0 -0.00516218617614
57.5 -0.00487973957455
58.0 -0.00462693862409
58.5 -0.00438328234074
59.0 -0.00413650900719
59.5 -0.00390277586627
60.0 -0.00362773369047
60.5 -0.00341723468615
61.0 -0.00321558590863
61.5 -0.00297857446347
62.0 -0.00277263525622
62.5 -0.00256994817894
63.0 -0.00239619247628
63.5 -0.00224133092376
64.0 -0.0020612280276
64.5 -0.00186737807395
65.0 -0.00172841138553
65.5 -0.00158452723764
66.0 -0.00143091727092
66.5 -0.00129318443325
67.0 -0.00119725154111
67.5 -0.00108097900749
68.0 -0.000948968722568
68.5 -0.000809596954305
69.0 -0.000734608015962
69.5 -0.0006484117641
70.0 -0.000553644528846
70.5 -0.000452724761693
71.0 -0.000360648109689
71.5 -0.000284038287266
72.0 -0.000213199709377
72.5 -0.000133630599427
73.0 -6.87079522343e-05
73.5 3.56826781704e-05
74.0 5.66970585432e-05
74.5 9.34635839744e-05
75.0 0.000147966371573
75.5 0.000188223182487
76.0 0.000239306902172
76.5 0.000277065387435
77.0 0.000370148823544
77.5 0.000449860716991
78.0 0.000457603359594
78.5 0.000492996750671
79.0 0.00048963145669
79.5 0.000477753028912
80.0 0.000568619365536
80.5 0.000559467559972
81.0 0.000586600650186
81.5 0.000546078422516
82.0 0.000608628438901
82.5 0.000671322587387
83.0 0.00063052354913
83.5 0.000646609416776
84.0 0.000652366005578
84.5 0.000611193619271
85.0 0.000640663904502
85.5 0.000560602888253
86.0 0.000512898630788
86.5 0.000571202265316
87.0 0.000561803876693
87.5 0.000607724990559
88.0 0.00058984014343
88.5 0.000557802869547
89.0 0.00058705510709
89.5 0.000526629919403
90.0 0.000490956600544
90.5 0.000416333470319
91.0 0.000377603317439
91.5 0.000357797805357
92.0 0.000305028826965
92.5 0.000236986330048
93.0 0.000179222288377
93.5 0.000151115721259
94.0 0.000215264335491
94.5 0.000175706356131
95.0 0.00011312900698
95.5 7.355537522e-05
96.0 -5.36136163909e-05
96.5 -0.000203165374707
97.0 -0.000230955212221
97.5 -0.000199233782325
98.0 -0.000229066859191
98.5 -0.00033045911994
99.0 -0.000349321863812
99.5 -0.000295556050318
100.0 -0.000330080954612
100.5 -0.000530907953276
101.0 -0.000449773002359
101.5 -0.000455528257859
102.0 -0.000614437235861
102.5 -0.000779642776443
103.0 -0.000868752304456
103.5 -0.00104796762775
104.0 -0.00118393262118
104.5 -0.00115967043268
105.0 -0.00125882269597
105.5 -0.00141698835734
106.0 -0.00166419180107
106.5 -0.0017617521888
107.0 -0.001729500732
107.5 -0.00188909209215
108.0 -0.00210054443304
108.5 -0.00226931298469
109.0 -0.00266563146547
109.5 -0.00275806676449
110.0 -0.00243438521442
110.5 -0.00306056727109
111.0 -0.00311073927962
111.5 -0.00343912606895
112.0 -0.00370848557056
112.5 -0.00357649668681
113.0 -0.00347710892419
113.5 -0.00414121641465
114.0 -0.00432001927167
114.5 -0.00443488544083
115.0 -0.00443014997188
115.5 -0.00429725069429
116.0 -0.00384714213207
116.5 -0.00389416354385
117.0 -0.00422680624818
117.5 -0.00442635587288
118.0 -0.0046150107293
118.5 -0.00286044999719
119.0 0.00162189345508
119.5 0.00847267299457
120.0 0.00850715728561
120.5 0.00779519170162
121.0 0.00477409677326
121.5 -2.72478050789e-05
122.0 -0.00247306992469
122.5 -0.00402498456882
123.0 -0.00214056698718
123.5 -0.00216639451934
124.0 -0.00391643586845
124.5 -0.00295646677554
125.0 -0.00353993182911
125.5 -0.00363976226056
126.0 -0.00371640719577
126.5 -0.00450861478318
127.0 -0.00396298619755
127.5 -0.00327895236458
128.0 -0.00374752613804
128.5 -0.00431471860573
129.0 -0.00332623748583
129.5 -0.00330893270903
130.0 -0.00348387383542
130.5 -0.0027140641999
131.0 -0.00255858819324
131.5 -0.00299964214293
132.0 -0.00295049908021
132.5 -0.00253838885077
133.0 -0.00210706924643
133.5 -0.00178720178835
134.0 -0.00164684179286
134.5 -0.00192064816722
135.0 -0.00162461502151
135.5 -0.00115094599633
136.0 -0.00148830841074
136.5 -0.00141406440685
137.0 -0.00115994307584
137.5 -0.00109717074339
138.0 -0.000928392539873
138.5 -0.000807828094661
139.0 -0.000643387203919
139.5 -0.000499277227483
140.0 -0.000716129422468
140.5 -0.000582613238286
141.0 -0.000416672120036
141.5 -0.000223639949237
142.0 -0.000246553908056
142.5 -0.000324286279701
143.0 -0.000199733568522
143.5 -8.0463169466e-05
144.0 6.59465106381e-05
144.5 0.000264948776428
145.0 5.58852594468e-05
145.5 0.000111863296999
146.0 0.000171769120775
146.5 0.000280288226745
147.0 0.000404245504926
147.5 0.000577380855473
148.0 0.000633898802461
148.5 0.000592934437535
149.0 0.000572815554401
149.5 0.000658702066004
150.0 0.000809887563844
150.5 0.000992234733722
151.0 0.000818315900978
151.5 0.000863546003029
152.0 0.000975478034417
152.5 0.00105733802003
153.0 0.00117154937238
153.5 0.00131702238214
154.0 0.00137823268394
154.5 0.00126583601356
155.0 0.00137210408222
155.5 0.00159179561546
156.0 0.00154196637518
156.5 0.00150826947968
157.0 0.00146634427815
157.5 0.00159164957029
158.0 0.00176825373568
158.5 0.00190137361469
159.0 0.00185390708295
159.5 0.00179720508603
160.0 0.00176858510237
160.5 0.00195257198992
161.0 0.00219115903399
161.5 0.00238334558797
162.0 0.00238113683502
162.5 0.00247077776883
163.0 0.00254102731045
163.5 0.00257441077295
164.0 0.00262340660339
164.5 0.00264965874293
165.0 0.00258484238941
165.5 0.00294564849714
166.0 0.00301164884083
166.5 0.00319745871646
167.0 0.00296218322716
167.5 0.00333097682247
168.0 0.00376414291702
168.5 0.00377113401684
169.0 0.00363828914111
169.5 0.00402102411321
170.0 0.00436608485049
170.5 0.00447301238952
171.0 0.00465076940455
171.5 0.00486373939441
172.0 0.00511026980617
172.5 0.00503345009454
173.0 0.00520413848994
173.5 0.00571642238857
174.0 0.00594684594593
174.5 0.00596403432648
175.0 0.00599685804585
175.5 0.00546590388362
176.0 0.00549170911685
176.5 0.00577098975893
177.0 0.00624489877083
177.5 0.00685398967204
178.0 0.00640311840721
178.5 0.00403484101349
179.0 -5.55561695705e-05
179.5 -0.00409611331594
180.0 -0.0056578225214
180.5 -0.00669269362676
181.0 -0.00422005779591
181.5 -0.00183820544839
182.0 -0.000731423642179
182.5 -0.000291409178487
183.0 0.000632925084702
183.5 0.000976736327971
184.0 0.00101030133922
184.5 0.00151101942862
185.0 0.00120263454254
185.5 0.000851753883893
186.0 0.000862928971131
186.5 0.000789724976556
187.0 0.000577338102133
187.5 0.000401734240782
188.0 8.87497470927e-05
188.5 6.28956915136e-05
189.0 -0.000176776444746
189.5 -0.000533298831996
190.0 -0.000746266081777
190.5 -0.00122197001687
191.0 -0.00149183156236
191.5 -0.00189966069799
192.0 -0.00237998319651
192.5 -0.0026951811783
193.0 -0.00340497228323
193.5 -0.00401398014657
194.0 -0.00466028790046
194.5 -0.005521012297
195.0 -0.0068218274354
195.5 -0.00849895659368
196.0 -0.00990898675059
196.5 -0.0114012557846
197.0 -0.0131385989544
197.5 -0.0163284950014
198.0 -0.0224902756487
198.5 -0.0299070511125
199.0 -0.0450015674712
199.5 -0.0703465289626
