0.0 0.0832423409322
0.5 0.251704323319
1.0 0.539971553415
1.5 0.485139534903
2.0 0.443589397684
2.5 0.411212054135
3.0 0.38580717454
3.5 0.364651122108
4.0 0.346666532443
4.5 0.331206396098
5.0 0.317632977573
5.5 0.30576544683
6.0 0.295093653133
6.5 0.285546589454
7.0 0.276989613846
7.5 0.269143945731
8.0 0.262043667016
8.5 0.255526445441
9.0 0.249563947908
9.5 0.244062271176
10.0 0.238973695663
10.5 0.234292632779
11.0 0.229927611698
11.5 0.225873075194
12.0 0.222114388267
12.5 0.218598906504
13.0 0.215320999026
13.5 0.212260544005
14.0 0.209387314006
14.5 0.206705638461
15.0 0.204201212632
15.5 0.201829780695
16.0 0.199621144835
16.5 0.197546635079
17.0 0.195592641857
17.5 0.193760827068
18.0 0.19203989487
18.5 0.190426449607
19.0 0.188915730487
19.5 0.187487758128
20.0 0.186158123138
20.5 0.184901744795
21.0 0.183731988943
21.5 0.182635619736
22.0 0.181605878032
22.5 0.180653371496
23.0 0.179757435767
23.5 0.17892771169
24.0 0.178160437881
24.5 0.177440462021
25.0 0.176788136277
25.5 0.176178782886
26.0 0.175620631558
26.5 0.175120109706
27.0 0.174654388418
27.5 0.174242671474
28.0 0.173871395017
28.5 0.173537920846
29.0 0.173255275761
29.5 0.173003408704
30.0 0.172797769782
30.5 0.172625199115
31.0 0.172486126541
31.5 0.17239163164
32.0 0.172324648986
32.5 0.172294643082
33.0 0.172297753739
33.5 0.172330765437
34.0 0.17239959765
34.5 0.172495887816
35.0 0.172622659506
35.5 0.172782512005
36.0 0.172969531545
36.5 0.173186657274
37.0 0.173432994752
37.5 0.1737059055
38.0 0.174006565322
38.5 0.1743346446
39.0 0.174689242132
39.5 0.175072407304
40.0 0.175483492777
40.5 0.175916578889
41.0 0.176379605998
41.5 0.176860865489
42.0 0.177378785186
42.5 0.17792155678
43.0 0.178481168594
43.5 0.179072697219
44.0 0.17968573622
44.5 0.180327087972
45.0 0.180996229097
45.5 0.181677615459
46.0 0.182399715565
46.5 0.183137781515
47.0 0.183898905588
47.5 0.184697096777
48.0 0.185502760928
48.5 0.186349930604
49.0 0.187214665038
49.5 0.188100615916
50.0 0.189028053451
50.5 0.189961145362
51.0 0.190934447906
51.5 0.191930687574
52.0 0.192940387213
52.5 0.193997328459
53.0 0.195061548384
53.5 0.196162898331
54.0 0.197291522487
54.5 0.198437523626
55.0 0.199626772891
55.5 0.200831208257
56.0 0.202062430586
56.5 0.203333074198
57.0 0.204619103072
57.5 0.205951128825
58.0 0.207295202451
58.5 0.208672312637
59.0 0.21009105553
59.5 0.211526283456
60.0 0.213002049203
60.5 0.214502097172
61.0 0.216028396564
61.5 0.217598462035
62.0 0.219203473036
62.5 0.220836695575
63.0 0.222498112948
63.5 0.22419602573
64.0 0.225939190705
64.5 0.227706691102
65.0 0.229517528673
65.5 0.231352618705
66.0 0.233234709651
66.5 0.235150528064
67.0 0.23710487814
67.5 0.239102731234
68.0 0.241144391631
68.5 0.243221131312
69.0 0.245340091611
69.5 0.247502422243
70.0 0.249706676382
70.5 0.251956614891
71.0 0.254253662041
71.5 0.256592977639
72.0 0.258988666751
72.5 0.26142239999
73.0 0.263899538929
73.5 0.266442459103
74.0 0.269028773405
74.5 0.271671502221
75.0 0.274380220869
75.5 0.27712347453
76.0 0.279936876831
76.5 0.282811568274
77.0 0.285739151601
77.5 0.288729917514
78.0 0.291764974478
78.5 0.294896272985
79.0 0.298063785607
79.5 0.301321205787
80.0 0.304654194272
80.5 0.308032041918
81.0 0.311511447916
81.5 0.315033114458
82.0 0.318672195094
82.5 0.322382153372
83.0 0.326154848192
83.5 0.330011831376
84.0 0.333977237184
84.5 0.338019289819
85.0 0.342184581989
85.5 0.346385777725
86.0 0.350735962523
86.5 0.355159725114
87.0 0.3596967618
87.5 0.364375275957
88.0 0.369107365641
88.5 0.373996369328
89.0 0.379003295972
89.5 0.3841181585
90.0 0.38939738421
90.5 0.394751321398
91.0 0.400275538284
91.5 0.405953904736
92.0 0.411762102284
92.5 0.417740155959
93.0 0.423864104989
93.5 0.430141507204
94.0 0.436660331925
94.5 0.443290105691
95.0 0.450129844932
95.5 0.457157140268
96.0 0.464375031529
96.5 0.471849593916
97.0 0.479487253455
97.5 0.487391964691
98.0 0.495558124256
98.5 0.503939181682
99.0 0.512611663751
99.5 0.521545112997
100.0 0.530806302752
100.5 0.540321902482
101.0 0.550172907424
101.5 0.560369626468
102.0 0.570937038771
102.5 0.581840107444
103.0 0.593174584023
103.5 0.604887452939
104.0 0.617086614761
104.5 0.629762162556
105.0 0.642923039967
105.5 0.656595562878
106.0 0.670933278807
106.5 0.685739618531
107.0 0.701288659618
107.5 0.717507417557
108.0 0.734435165484
108.5 0.752167507564
109.0 0.770762593928
109.5 0.790340470132
110.0 0.810888566482
110.5 0.832575567866
111.0 0.855465173323
111.5 0.879525652303
112.0 0.90523055468
112.5 0.932467933143
113.0 0.961474869526
113.5 0.99224114505
114.0 1.02543556056
114.5 1.06072199814
115.0 1.09864774861
115.5 1.13982950573
116.0 1.18359660595
116.5 1.23051848333
117.0 1.28004637761
117.5 1.33085155917
118.0 1.38330890778
118.5 1.43359457262
119.0 1.47747527424
119.5 1.51520290447
120.0 1.53075083827
120.5 1.52525973514
121.0 1.50010126012
121.5 1.46028377423
122.0 1.4106658699
122.5 1.35387187952
123.0 1.29633588773
123.5 1.23873179952
124.0 1.18299920812
124.5 1.12992858094
125.0 1.07953027995
125.5 1.0325526798
126.0 0.988194570481
126.5 0.946170226685
127.0 0.906668762427
127.5 0.869361982641
128.0 0.833954458366
128.5 0.800134605533
129.0 0.768119012785
129.5 0.737409260825
130.0 0.708009169062
130.5 0.679734520475
131.0 0.652444530068
131.5 0.626368290815
132.0 0.601008843051
132.5 0.57654004752
133.0 0.552882461198
133.5 0.529842229024
134.0 0.507459670197
134.5 0.485694361006
135.0 0.464459027096
135.5 0.443861089315
136.0 0.423640013868
136.5 0.403849945528
137.0 0.384574752835
137.5 0.365514878555
138.0 0.346987621249
138.5 0.32869792133
139.0 0.310754417311
139.5 0.293120530761
140.0 0.27574535529
140.5 0.258607428938
141.0 0.241780187727
141.5 0.225027047382
142.0 0.208602934013
142.5 0.192251267739
143.0 0.17614055602
143.5 0.160152364907
144.0 0.144252642473
144.5 0.128596498527
145.0 0.112957679899
145.5 0.0974494809011
146.0 0.0820199861277
146.5 0.0666530145581
147.0 0.0513783724733
147.5 0.0361689072485
148.0 0.020986227412
148.5 0.00584140107132
149.0 -0.00931264112585
149.5 -0.0244349861485
150.0 -0.0395576723768
150.5 -0.0546965227237
151.0 -0.0698506295456
151.5 -0.0850351422761
152.0 -0.100271250464
152.5 -0.115588357391
153.0 -0.130935341166
153.5 -0.146357094747
154.0 -0.161876369565
154.5 -0.177482951577
155.0 -0.19322421339
155.5 -0.209087343115
156.0 -0.225056684889
156.5 -0.241210445473
157.0 -0.257505782566
157.5 -0.274007989847
158.0 -0.290713976385
158.5 -0.30753784362
159.0 -0.324660495487
159.5 -0.34204319585
160.0 -0.359602753766
160.5 -0.377494522611
161.0 -0.395652151625
161.5 -0.414148722769
162.0 -0.432996119785
162.5 -0.45214944982
163.0 -0.471701424812
163.5 -0.491713468215
164.0 -0.512203283822
164.5 -0.533135506584
165.0 -0.554466780112
165.5 -0.576458166411
166.0 -0.599142559123
166.5 -0.622236910624
167.0 -0.646163406889
167.5 -0.670701015454
168.0 -0.696072947241
168.5 -0.722339153552
169.0 -0.749574751398
169.5 -0.777744414185
170.0 -0.806984790268
170.5 -0.837508416441
171.0 -0.869311681023
171.5 -0.902507053624
172.0 -0.937349667548
172.5 -0.973817196811
173.0 -1.01230623131
173.5 -1.05293806252
174.0 -1.09590650989
174.5 -1.14149259021
175.0 -1.18970336411
175.5 -1.24118335818
176.0 -1.29527920589
176.5 -1.35180355334
177.0 -1.41060259751
177.5 -1.46890206134
178.0 -1.52596232809
178.5 -1.57573882504
179.0 -1.61662288393
179.5 -1.64318706484
180.0 -1.64989706945
180.5 -1.63918116296
181.0 -1.61175378656
181.5 -1.57509577749
182.0 -1.53361901684
182.5 -1.48992816122
183.0 -1.44791227423
183.5 -1.4076786541
184.0 -1.37104836634
184.5 -1.33738339539
185.0 -1.30676306212
185.5 -1.2794166097
186.0 -1.25484761273
186.5 -1.23313084753
187.0 -1.21391759893
187.5 -1.19709764617
188.0 -1.18266180178
188.5 -1.17033174118
189.0 -1.16025575671
189.5 -1.15224805651
190.0 -1.14628745903
190.5 -1.14256379099
191.0 -1.14087578109
191.5 -1.14154790221
192.0 -1.14454806795
192.5 -1.14995126537
193.0 -1.15828589605
193.5 -1.16941200334
194.0 -1.18397654093
194.5 -1.20237290027
195.0 -1.2249413982
195.5 -1.25310852589
196.0 -1.28719654058
196.5 -1.3293216478
197.0 -1.38161062745
197.5 -1.44690538539
198.0 -1.53359446469
198.5 -1.64865682158
199.0 -1.80406882297
199.5 -0.864491447644
