0.0 -0.000660827682253
0.5 0.0114704011243
1.0 0.0123537920942
1.5 0.00815602656882
2.0 0.00486592151663
2.5 0.00172503566879
3.0 -0.000474306482911
3.5 -0.00207612264736
4.0 -0.00375674654967
4.5 -0.00528567349696
5.0 -0.00687733763389
5.5 -0.00844216951736
6.0 -0.00982776074591
6.5 -0.0110814875736
7.0 -0.0122828932691
7.5 -0.0135355597722
8.0 -0.0147254511117
8.5 -0.0159798705854
9.0 -0.0170307989579
9.5 -0.0181035913684
10.0 -0.0193058603712
10.5 -0.0203299031936
11.0 -0.0213523563091
11.5 -0.0223162007253
12.0 -0.0232634828108
12.5 -0.0241927049512
13.0 -0.0251064849107
13.5 -0.0259964444258
14.0 -0.0268030031227
14.5 -0.0275654991341
15.0 -0.0282552446745
15.5 -0.0289927371134
16.0 -0.029635131945
16.5 -0.0302254316554
17.0 -0.0307426597746
17.5 -0.0312535087058
18.0 -0.0317540107805
18.5 -0.0321428655847
19.0 -0.0324846419043
19.5 -0.0327997448981
20.0 -0.0330293880188
20.5 -0.0332151381363
21.0 -0.0333519308639
21.5 -0.0334227900095
22.0 -0.0334621429254
22.5 -0.0334610776039
23.0 -0.0333959288197
23.5 -0.0332941354829
24.0 -0.0331499680833
24.5 -0.0329799787758
25.0 -0.032741845511
25.5 -0.0324648658527
26.0 -0.0321482810398
26.5 -0.0317975686957
27.0 -0.0314318519307
27.5 -0.0310049799486
28.0 -0.0305675327583
28.5 -0.0301218243517
29.0 -0.029663011948
29.5 -0.0291651843387
30.0 -0.0286344851742
30.5 -0.028095936912
31.0 -0.0275543993066
31.5 -0.0269826623625
32.0 -0.0263925669739
32.5 -0.0258135350725
33.0 -0.0252417496048
33.5 -0.0246347263946
34.0 -0.0240448966843
34.5 -0.0234308641458
35.0 -0.0228306529559
35.5 -0.0222215048932
36.0 -0.0216263472561
36.5 -0.0210242562578
37.0 -0.0204210293149
37.5 -0.0198369792301
38.0 -0.0192596501822
38.5 -0.0186703115543
39.0 -0.0180956439885
39.5 -0.0175373547657
40.0 -0.0169764427015
40.5 -0.0164248083701
41.0 -0.0158853611408
41.5 -0.0153716557818
42.0 -0.0148435816001
42.5 -0.0143201474884
43.0 -0.0138259974885
43.5 -0.0133367960292
44.0 -0.0128562714877
44.5 -0.0123759708959
45.0 -0.0118998866622
45.5 -0.011456676906
46.0 -0.0110182755601
46.5 -0.0105941316971
47.0 -0.0101733040982
47.5 -0.00975848943811
48.0 -0.00938808628205
48.5 -0.00900691686376
49.0 -0.00862925744059
49.5 -0.0082752636284
50.0 -0.00788407694198
50.5 -0.00753491972681
51.0 -0.00722323622178
51.5 -0.0068946331933
52.0 -0.00658295392126
52.5 -0.00627060979667
53.0 -0.00600711302947
53.5 -0.00572844045324
54.0 -0.00544434169728
54.5 -0.00518791343769
55.0 -0.00492353310777
55.5 -0.00467882149336
56.0 -0.00441507344091
56.5 -0.00416018549865
57.0 -0.0039500290955
57.5 -0.00375097923232
58.0 -0.00355113650229
58.5 -0.00335955066271
59.0 -0.00316069541705
59.5 -0.00296966730799
60.0 -0.00278188945415
60.5 -0.00261806748419
61.0 -0.00243247248178
61.5 -0.00226518663505
62.0 -0.00213082464627
62.5 -0.00197857470389
63.0 -0.00185543328025
63.5 -0.00172128622908
64.0 -0.00158356140225
64.5 -0.00147931433151
65.0 -0.00136793657197
65.5 -0.00119154645896
66.0 -0.00107859676609
66.5 -0.00097950564613
67.0 -0.000879013594364
67.5 -0.000793551366195
68.0 -0.000697750648051
68.5 -0.000604013212444
69.0 -0.000540687976851
69.5 -0.000465109984239
70.0 -0.000397100060775
70.5 -0.000324572119164
71.0 -0.000257014854178
71.5 -0.000195569480203
72.0 -9.11238907459e-05
72.5 -3.02413323681e-05
73.0 -5.8713661506e-06
73.5 2.17646264105e-05
74.0 4.59885204265e-05
74.5 0.00014998941908
75.0 0.000172862949512
75.5 0.000181517572154
76.0 0.000182279337116
76.5 0.000292318062321
77.0 0.000346374927952
77.5 0.000371141787722
78.0 0.0003894726542
78.5 0.000424299664605
79.0 0.000414339458018
79.5 0.000406091689964
80.0 0.000432959888244
80.5 0.00043209076035
81.0 0.000461782600349
81.5 0.00047209828395
82.0 0.000491961120247
82.5 0.000501584600386
83.0 0.000537613132369
83.5 0.000520996928621
84.0 0.000470945472546
84.5 0.000472410969373
85.0 0.000453216378482
85.5 0.000430870762482
86.0 0.000480397528495
86.5 0.000415817105321
87.0 0.000439355237315
87.5 0.000520720416581
88.0 0.000457714334459
88.5 0.000427005833384
89.0 0.000406172538575
89.5 0.000396802466803
90.0 0.000383763174625
90.5 0.000343385949591
91.0 0.000297151677817
91.5 0.00025993106081
92.0 0.000226538167851
92.5 0.000205157942283
93.0 0.000145393043717
93.5 7.53767112442e-05
94.0 4.64657078538e-05
94.5 0.000106489023569
95.0 0.000128931417745
95.5 7.49933946054e-08
96.0 -0.000141563186897
96.5 -0.000162503295616
97.0 -0.000236438304686
97.5 -0.000247920637474
98.0 -0.000205385883504
98.5 -0.00019626077242
99.0 -0.000220040506498
99.5 -0.000390735456012
100.0 -0.000600174209758
100.5 -0.000455673270345
101.0 -0.00055649849385
101.5 -0.000538607428886
102.0 -0.0005484327896
102.5 -0.000687701285742
103.0 -0.000840145734571
103.5 -0.00105332757495
104.0 -0.00117808390351
104.5 -0.00122584738983
105.0 -0.00124450917557
105.5 -0.00113132040529
106.0 -0.0014516192963
106.5 -0.00147981073545
107.0 -0.00150283454671
107.5 -0.00163976611687
108.0 -0.00181992794858
108.5 -0.00194413142729
109.0 -0.00209457209763
109.5 -0.00222477987378
110.0 -0.00176891053494
110.5 -0.00217028530269
111.0 -0.00243320839339
111.5 -0.0029725180895
112.0 -0.00281659200496
112.5 -0.00320321274903
113.0 -0.00357536116238
113.5 -0.00348842422886
114.0 -0.00324974914591
114.5 -0.0034210592006
115.0 -0.00314490698595
115.5 -0.00303772935855
116.0 -0.00350930963306
116.5 -0.0037453289082
117.0 -0.0033723474759
117.5 -0.00526517879996
118.0 -0.00461965730675
118.5 -0.00248884442645
119.0 -0.000642984768433
119.5 0.00620934971658
120.0 0.00596064568667
120.5 0.00461597965072
121.0 0.00269542111974
121.5 -0.000610901156364
122.0 -0.0057210986644
122.5 -0.0056716996225
123.0 -0.00488277565968
123.5 -0.00411768791125
124.0 -0.00361437876462
124.5 -0.00336040873998
125.0 -0.003565584434
125.5 -0.00332357424814
126.0 -0.00451969407659
126.5 -0.00466527166193
127.0 -0.00453624544156
127.5 -0.00442598647311
128.0 -0.00399096495843
128.5 -0.00365301516495
129.0 -0.00363718647419
129.5 -0.00373148910609
130.0 -0.00379730924555
130.5 -0.00352027874823
131.0 -0.00363787279449
131.5 -0.00327011292079
132.0 -0.00300623659936
132.5 -0.00272423632611
133.0 -0.00243463214375
133.5 -0.0022574871869
134.0 -0.00205629892351
134.5 -0.00188749595543
135.0 -0.00222833988903
135.5 -0.00189360954475
136.0 -0.00180876660075
136.5 -0.00175707119876
137.0 -0.00154479169072
137.5 -0.00146872085956
138.0 -0.00121291159134
138.5 -0.00116384536409
139.0 -0.0013077113037
139.5 -0.0011534782902
140.0 -0.00107070810146
140.5 -0.0010176885725
141.0 -0.000900851990842
141.5 -0.000923093009082
142.0 -0.000736651012328
142.5 -0.000652738007629
143.0 -0.0005352599141
143.5 -0.000457785116138
144.0 -0.000424761027553
144.5 -0.000265524799932
145.0 -0.000182253716986
145.5 7.5789584999e-06
146.0 -0.000169458393731
146.5 -0.000161603417927
147.0 -0.000125738585848
147.5 -0.000110179331994
148.0 -8.99528979037e-06
148.5 0.000208870081227
149.0 0.000301208409504
149.5 0.000183571012343
150.0 0.000199080767999
150.5 0.000166878033161
151.0 0.000244824590218
151.5 0.00039378663254
152.0 0.000576743220017
152.5 0.000534565228108
153.0 0.000458002660361
153.5 0.000490382881516
154.0 0.000642801674278
154.5 0.00083446130737
155.0 0.000743622777522
155.5 0.000709104735236
156.0 0.000685364040244
156.5 0.000746982433029
157.0 0.000888800558066
157.5 0.00101608573411
158.0 0.0011045925121
158.5 0.00112915386631
159.0 0.00102441353995
159.5 0.00116060944794
160.0 0.00136551360093
160.5 0.00140513243345
161.0 0.00121151184637
161.5 0.00137623626761
162.0 0.0014670606513
162.5 0.00162803218596
163.0 0.00174580490446
163.5 0.00184951312616
164.0 0.00195932604431
164.5 0.00200481937366
165.0 0.00200243603427
165.5 0.00171757297461
166.0 0.00190495577058
166.5 0.00219963087832
167.0 0.00229849790907
167.5 0.00256505429066
168.0 0.00281006325798
168.5 0.00270917609931
169.0 0.00252726984965
169.5 0.00286443170361
170.0 0.00311273848112
170.5 0.00319975008041
171.0 0.00328838874906
171.5 0.00347386932488
172.0 0.00361289486158
172.5 0.00394101223043
173.0 0.00406731800165
173.5 0.00424309067159
174.0 0.00433835233299
174.5 0.00432478481513
175.0 0.00446667262648
175.5 0.00417774512358
176.0 0.0040782488022
176.5 0.00393961189764
177.0 0.00373819992585
177.5 0.00582584094946
178.0 0.00171280016708
178.5 0.000411792462799
179.0 -0.0063703153609
179.5 -0.00862080024747
180.0 -0.00631794229773
180.5 -0.00523374844445
181.0 -0.00177011036011
181.5 0.00080146111496
182.0 0.00125420489259
182.5 0.00136134497384
183.0 0.00183057879542
183.5 0.00182971056738
184.0 0.0015470820818
184.5 0.00156341914389
185.0 0.00163694127832
185.5 0.00140304890935
186.0 0.00144321933573
186.5 0.00133480343474
187.0 0.00119228020799
187.5 0.000840690541324
188.0 0.000651730140746
188.5 0.000692159970313
189.0 0.000199345818629
189.5 -0.000177437087103
190.0 -0.000371191415738
190.5 -0.000861677318525
191.0 -0.00120610083526
191.5 -0.00171145595939
192.0 -0.00218442857584
192.5 -0.00257115815623
193.0 -0.00320416060411
193.5 -0.00373055867909
194.0 -0.00443704123278
194.5 -0.00538533930865
195.0 -0.00672108407561
195.5 -0.00830241299674
196.0 -0.009611084065
196.5 -0.0113581999366
197.0 -0.01362017634
197.5 -0.0159293835386
198.0 -0.0214411807384
198.5 -0.0290673390679
199.0 -0.0443520869543
199.5 -0.0687574888129
