0.0 0.00112234593351
0.5 0.0233986780101
1.0 0.0255241966321
1.5 0.0190916101375
2.0 0.0147771526864
2.5 0.0110747384341
3.0 0.00861739237876
3.5 0.00640133010235
4.0 0.0043615155917
4.5 0.00251352363487
5.0 0.000681651313531
5.5 -0.000894523970672
6.0 -0.00248323815102
6.5 -0.00399238211185
7.0 -0.00534242949866
7.5 -0.00677551621054
8.0 -0.00810872399374
8.5 -0.00943927026838
9.0 -0.0107389597227
9.5 -0.0120467742533
10.0 -0.0133597911815
10.5 -0.0146073707045
11.0 -0.0158600183337
11.5 -0.0171044829971
12.0 -0.018353940671
12.5 -0.019562263579
13.0 -0.020750918245
13.5 -0.0219213025608
14.0 -0.023096735973
14.5 -0.0242125851895
15.0 -0.025338679729
15.5 -0.026420654642
16.0 -0.0274557836503
16.5 -0.0284644598095
17.0 -0.0294601668429
17.5 -0.0304271613526
18.0 -0.0313354053374
18.5 -0.0322269816982
19.0 -0.0330499478834
19.5 -0.0338524132808
20.0 -0.034569024326
20.5 -0.0352562276479
21.0 -0.035880997353
21.5 -0.0364453500658
22.0 -0.0369677465206
22.5 -0.0374224783696
23.0 -0.0378071332795
23.5 -0.0381671812266
24.0 -0.0384594070085
24.5 -0.038678044165
25.0 -0.038820766522
25.5 -0.0389041339502
26.0 -0.0389352247389
26.5 -0.0389072268157
27.0 -0.038829266135
27.5 -0.0386634361551
28.0 -0.0384650845453
28.5 -0.0382316668504
29.0 -0.0379361318398
29.5 -0.0376192550411
30.0 -0.0372140515395
30.5 -0.0367635141573
31.0 -0.0362982026942
31.5 -0.0357840051569
32.0 -0.0352353987484
32.5 -0.0346492464735
33.0 -0.0340357569144
33.5 -0.0334051450579
34.0 -0.0327650726606
34.5 -0.0321007840745
35.0 -0.0314118236025
35.5 -0.0307072110851
36.0 -0.029989546552
36.5 -0.0292546975829
37.0 -0.0285171841415
37.5 -0.0277807532105
38.0 -0.0270424866082
38.5 -0.026304524274
39.0 -0.0255415802561
39.5 -0.0248056016058
40.0 -0.0240666775149
40.5 -0.0233320571955
41.0 -0.022594157168
41.5 -0.0218809400006
42.0 -0.0211695131035
42.5 -0.0204749044175
43.0 -0.0197963681007
43.5 -0.0191047291455
44.0 -0.018442519282
44.5 -0.0177945930944
45.0 -0.0171406943103
45.5 -0.0165144782468
46.0 -0.015885784959
46.5 -0.0152847211827
47.0 -0.0147134772338
47.5 -0.0141290308954
48.0 -0.0135689305133
48.5 -0.0130229626624
49.0 -0.0125011347217
49.5 -0.0119943302643
50.0 -0.0114612311112
50.5 -0.0109735641468
51.0 -0.0105145430374
51.5 -0.0100361376026
52.0 -0.009598270224
52.5 -0.00916399215714
53.0 -0.0087545513413
53.5 -0.00834045102923
54.0 -0.00794375089151
54.5 -0.00757851453786
55.0 -0.00718657025834
55.5 -0.00680839634228
56.0 -0.00649423445592
56.5 -0.00615055980825
57.0 -0.00583671651929
57.5 -0.00552082080615
58.0 -0.00522926328212
58.5 -0.00493835291668
59.0 -0.00466778506349
59.5 -0.00441349972312
60.0 -0.00415046318412
60.5 -0.0038643615813
61.0 -0.00363663391697
61.5 -0.00340951033486
62.0 -0.00320766848539
62.5 -0.00298442838828
63.0 -0.00278517152764
63.5 -0.00259291097698
64.0 -0.00238483032535
64.5 -0.00223175910718
65.0 -0.002046506869
65.5 -0.00189533411649
66.0 -0.00174557580749
66.5 -0.00161933500993
67.0 -0.00142913151595
67.5 -0.00130026921328
68.0 -0.00117394218288
68.5 -0.00104962330172
69.0 -0.000940140252045
69.5 -0.000858809979501
70.0 -0.000690730387996
70.5 -0.000585107402076
71.0 -0.000488832299814
71.5 -0.000409951833833
72.0 -0.000291306832651
72.5 -0.000211326534757
73.0 -0.000183923630535
73.5 -9.55796291695e-05
74.0 3.82435714741e-06
74.5 4.27638155447e-05
75.0 0.000117083824467
75.5 0.000156151032618
76.0 0.000209178210799
76.5 0.000292489176843
77.0 0.000360467982929
77.5 0.000421276586334
78.0 0.000439055816594
78.5 0.00045736848713
79.0 0.000453809942899
79.5 0.000546063753195
80.0 0.000531650915647
80.5 0.000532748316799
81.0 0.000579922072182
81.5 0.000555572506233
82.0 0.000633857705061
82.5 0.000688090643273
83.0 0.000686300667244
83.5 0.000707926710763
84.0 0.000726760519221
84.5 0.000669810909244
85.0 0.000678522823488
85.5 0.000658201998366
86.0 0.000676674881888
86.5 0.000653113584043
87.0 0.000675558555105
87.5 0.000686356436464
88.0 0.000688036293585
88.5 0.000756571130644
89.0 0.000662843734716
89.5 0.000578128382472
90.0 0.000617822835157
90.5 0.00058264426988
91.0 0.000549266058158
91.5 0.000587602684991
92.0 0.000547703654259
92.5 0.0005173251913
93.0 0.000436497702534
93.5 0.00036617718645
94.0 0.000475901456888
94.5 0.000380013928613
95.0 0.000225330791025
95.5 0.00027354889172
96.0 0.000264614054068
96.5 0.000248410893732
97.0 0.000129180277241
97.5 0.000101828008582
98.0 5.39745669776e-05
98.5 -8.6470455031e-05
99.0 -4.89781876603e-05
99.5 -0.000100957532197
100.0 1.23923441322e-05
100.5 5.77086024123e-06
101.0 -0.000215469156082
101.5 -0.000391373419475
102.0 -0.000454616161775
102.5 -0.000356593596578
103.0 -0.000308252611241
103.5 -0.000517766594321
104.0 -0.00059771010914
104.5 -0.000648175377094
105.0 -0.000773805445874
105.5 -0.000968917745112
106.0 -0.00108666078935
106.5 -0.00122100959381
107.0 -0.00134269670942
107.5 -0.00130362090162
108.0 -0.00142638547784
108.5 -0.00175707693845
109.0 -0.00191065924125
109.5 -0.00206340194254
110.0 -0.00191905678043
110.5 -0.00210636489619
111.0 -0.00231295087351
111.5 -0.00243084553282
112.0 -0.0025001635543
112.5 -0.00270383063418
113.0 -0.00281098602269
113.5 -0.00300767400854
114.0 -0.00283444567322
114.5 -0.00286449251209
115.0 -0.00276750286235
115.5 -0.00243444321653
116.0 -0.00268702382589
116.5 -0.00169737696996
117.0 -0.00128356835201
117.5 -0.00232250768508
118.0 -0.00126554480434
118.5 -0.000243735265329
119.0 0.000784313970485
119.5 0.00783522850362
120.0 0.0093569895275
120.5 0.00640325335944
121.0 0.00216823017819
121.5 -0.00396902758079
122.0 -0.00575667589115
122.5 -0.0055407159127
123.0 -0.00634612879958
123.5 -0.00642578570685
124.0 -0.00568322525724
124.5 -0.00574806759145
125.0 -0.00579433607925
125.5 -0.00566906972209
126.0 -0.00445127484794
126.5 -0.00543633696526
127.0 -0.00548493689389
127.5 -0.00453701125288
128.0 -0.00455901997495
128.5 -0.00498534789921
129.0 -0.00411811266691
129.5 -0.00401508635984
130.0 -0.00379065093682
130.5 -0.00373832446733
131.0 -0.00378597609661
131.5 -0.00319915062633
132.0 -0.00331426021732
132.5 -0.00316353198952
133.0 -0.00277569353958
133.5 -0.00260168482424
134.0 -0.0024314057212
134.5 -0.00217631473802
135.0 -0.00187729309486
135.5 -0.00211748240084
136.0 -0.00191019557283
136.5 -0.0018041088328
137.0 -0.00162666704566
137.5 -0.00158937185287
138.0 -0.00141185287825
138.5 -0.00134275243697
139.0 -0.00127240809552
139.5 -0.00119242703649
140.0 -0.00112545039647
140.5 -0.00109175513852
141.0 -0.000978545220246
141.5 -0.000904775296238
142.0 -0.000700996126128
142.5 -0.00056835218767
143.0 -0.000531825114711
143.5 -0.00062025946106
144.0 -0.000582524607946
144.5 -0.000485462188992
145.0 -0.000481344728173
145.5 -0.000384513127369
146.0 -0.000151196436139
146.5 -0.000303346577115
147.0 -0.000258287868414
147.5 -4.85367522689e-05
148.0 3.39962190936e-05
148.5 5.22360027884e-05
149.0 0.000182513893024
149.5 0.000355605871822
150.0 0.000234349978952
150.5 0.000280946394747
151.0 0.000319122993664
151.5 0.000341807027472
152.0 0.000319241862356
152.5 0.000343638286923
153.0 0.000487484078425
153.5 0.000678522754193
154.0 0.000785038310179
154.5 0.000713133085535
155.0 0.000719244047826
155.5 0.000733863038301
156.0 0.000713825645899
156.5 0.000825045619916
157.0 0.00106448748318
157.5 0.00111476454228
158.0 0.00105500735761
158.5 0.00110131517435
159.0 0.00105872721231
159.5 0.000993801545729
160.0 0.00124904619576
160.5 0.00135264015179
161.0 0.00116500605774
161.5 0.00135906097881
162.0 0.00151043253731
162.5 0.00169023437056
163.0 0.00165847225563
163.5 0.00166150118116
164.0 0.00184986111375
164.5 0.00185934607383
165.0 0.00172510516246
165.5 0.0018870666584
166.0 0.00190801497952
166.5 0.00221016089363
167.0 0.00233645960845
167.5 0.00259627389409
168.0 0.00282292218837
168.5 0.00271344428875
169.0 0.0025117873689
169.5 0.00282059920772
170.0 0.00298261682345
170.5 0.00309101849251
171.0 0.00346850486298
171.5 0.00369409134025
172.0 0.00335639505583
172.5 0.00378973519233
173.0 0.00416773464096
173.5 0.00440245866557
174.0 0.0042122801967
174.5 0.00350182489133
175.0 0.00378688182172
175.5 0.00338660207854
176.0 0.00338174680491
176.5 0.00392108434136
177.0 0.00338522921844
177.5 0.00283218662332
178.0 0.00215415811739
178.5 0.00031147931233
179.0 -0.00397288873887
179.5 -0.0041194741943
180.0 -0.00179247633801
180.5 -0.00270612433415
181.0 -0.00096081259403
181.5 0.00207074543691
182.0 0.00177529647219
182.5 0.00359924908123
183.0 0.00289797200591
183.5 0.00301058492434
184.0 0.00273356198417
184.5 0.00250870604928
185.0 0.00234469378435
185.5 0.00271771976921
186.0 0.00241361943795
186.5 0.00210712354018
187.0 0.00185600086108
187.5 0.0016190610326
188.0 0.00136001815741
188.5 0.00105396640976
189.0 0.000850801510225
189.5 0.000521640122045
190.0 0.000254540668919
190.5 -9.98769185117e-05
191.0 -0.000330868689346
191.5 -0.000655162238544
192.0 -0.000988939781237
192.5 -0.00125386893062
193.0 -0.00187684547808
193.5 -0.00224358259952
194.0 -0.00296061702309
194.5 -0.0036621494209
195.0 -0.00417626978724
195.5 -0.00527628677487
196.0 -0.00687715751268
196.5 -0.00792896420663
197.0 -0.00937584194675
197.5 -0.0105431235158
198.0 -0.0143790920903
198.5 -0.0197078065296
199.0 -0.0293249571291
199.5 -0.0455034227228
