0.0 0.00265074720999
0.5 0.0253810067625
1.0 0.0275530248328
1.5 0.0209468430649
2.0 0.0167659595627
2.5 0.013256817296
3.0 0.0109843433144
3.5 0.00895227282385
4.0 0.00715085160223
4.5 0.00545117260197
5.0 0.00375967614311
5.5 0.00235668471699
6.0 0.0010054833259
6.5 -0.000231741440661
7.0 -0.00146456802385
7.5 -0.00270736087834
8.0 -0.00375837412837
8.5 -0.00485978303687
9.0 -0.0059028845757
9.5 -0.00692015042168
10.0 -0.00797073642712
10.5 -0.00896876340214
11.0 -0.00996171055037
11.5 -0.01094505889
12.0 -0.0119043162574
12.5 -0.0128248087938
13.0 -0.0137460270446
13.5 -0.014625186859
14.0 -0.0154923211284
14.5 -0.0164025095215
15.0 -0.0172221549705
15.5 -0.0180408662229
16.0 -0.0188434078411
16.5 -0.0196217638225
17.0 -0.0203740438595
17.5 -0.021117114687
18.0 -0.0218358909953
18.5 -0.0225249711878
19.0 -0.0231953389633
19.5 -0.0238618739294
20.0 -0.0244742581549
20.5 -0.0250639397384
21.0 -0.0256261378011
21.5 -0.0261630396396
22.0 -0.0266867239963
22.5 -0.0271497807975
23.0 -0.0276299357225
23.5 -0.0280549206472
24.0 -0.0284577125151
24.5 -0.0288455484274
25.0 -0.0291783825338
25.5 -0.0294863537229
26.0 -0.0297601274712
26.5 -0.0300070002657
27.0 -0.030236072979
27.5 -0.0304019766689
28.0 -0.030563283916
28.5 -0.0307135400846
29.0 -0.0307976819365
29.5 -0.0308761581554
30.0 -0.0309060944841
30.5 -0.0309162033826
31.0 -0.0308898423592
31.5 -0.030819067416
32.0 -0.0307290723144
32.5 -0.0306181281617
33.0 -0.0304862836029
33.5 -0.0303064716002
34.0 -0.0301243631541
34.5 -0.0299044020223
35.0 -0.0296543998825
35.5 -0.0293924171752
36.0 -0.0290934009997
36.5 -0.0287695110721
37.0 -0.0284343247669
37.5 -0.0280862001799
38.0 -0.0277174866559
38.5 -0.0273093623365
39.0 -0.026896700109
39.5 -0.0264900649198
40.0 -0.0260325598304
40.5 -0.0255753768244
41.0 -0.0251077906372
41.5 -0.0246461204288
42.0 -0.0241554216976
42.5 -0.0236582865311
43.0 -0.0231675228758
43.5 -0.0226509478319
44.0 -0.0221482964779
44.5 -0.0216448412352
45.0 -0.0211008769067
45.5 -0.020594445353
46.0 -0.0200839261046
46.5 -0.0195639269194
47.0 -0.0190553424737
47.5 -0.0185246417962
48.0 -0.0180097486266
48.5 -0.0175003450216
49.0 -0.0170084646681
49.5 -0.0165333411258
50.0 -0.01601050961
50.5 -0.0155250077684
51.0 -0.0150509743951
51.5 -0.0145702230641
52.0 -0.0141247686416
52.5 -0.0136746561769
53.0 -0.0132301881298
53.5 -0.0127802356286
54.0 -0.0123605813282
54.5 -0.0119341693303
55.0 -0.0115031372735
55.5 -0.0110952706874
56.0 -0.0107205700032
56.5 -0.0103029171089
57.0 -0.00993369674742
57.5 -0.00957429891571
58.0 -0.00923285454987
58.5 -0.00888693134893
59.0 -0.00853894133191
59.5 -0.00822221743847
60.0 -0.0079061789518
60.5 -0.0075933287749
61.0 -0.0072568562929
61.5 -0.00695890456213
62.0 -0.00668470101361
62.5 -0.00641712255509
63.0 -0.00616553473874
63.5 -0.00592004390084
64.0 -0.00567275471035
64.5 -0.00542741476392
65.0 -0.00520232888355
65.5 -0.00499438181012
66.0 -0.00475010153329
66.5 -0.00455053469999
67.0 -0.00434783947964
67.5 -0.0041471717568
68.0 -0.00390747105884
68.5 -0.00375139147059
69.0 -0.00362005445406
69.5 -0.00348862140301
70.0 -0.0032408962249
70.5 -0.00313391147059
71.0 -0.00297538745017
71.5 -0.00282770647776
72.0 -0.00269372575963
72.5 -0.00255074752955
73.0 -0.00245816100992
73.5 -0.00234035315022
74.0 -0.00223498234255
74.5 -0.00215330673118
75.0 -0.00200888757816
75.5 -0.00195685886362
76.0 -0.00181843700118
76.5 -0.00168550903403
77.0 -0.00159708122591
77.5 -0.00151157341421
78.0 -0.00144942497124
78.5 -0.0013735765264
79.0 -0.00129784993146
79.5 -0.0012417328317
80.0 -0.0011563185923
80.5 -0.0011685751191
81.0 -0.0010962291336
81.5 -0.000985566664248
82.0 -0.000930781607657
82.5 -0.000894233052595
83.0 -0.000817193583018
83.5 -0.000775230205136
84.0 -0.000811452132226
84.5 -0.000780054391853
85.0 -0.000757335354226
85.5 -0.000759538991026
86.0 -0.000737151231199
86.5 -0.00065438626233
87.0 -0.000644480543912
87.5 -0.00059951900457
88.0 -0.000605955499307
88.5 -0.000587515553235
89.0 -0.00051759647344
89.5 -0.000505259417444
90.0 -0.00056202204976
90.5 -0.000679704584929
91.0 -0.000645989435874
91.5 -0.000544194451063
92.0 -0.000567207170626
92.5 -0.000639172252697
93.0 -0.000671273399732
93.5 -0.000709679875474
94.0 -0.000708041699635
94.5 -0.000598210300449
95.0 -0.000737903779282
95.5 -0.00065199300386
96.0 -0.000758992048823
96.5 -0.000620701811446
97.0 -0.000662306604266
97.5 -0.000821296107372
98.0 -0.00089292855445
98.5 -0.000852644236222
99.0 -0.000854594511541
99.5 -0.00107557013538
100.0 -0.00105693090588
100.5 -0.0011129086438
101.0 -0.00108139711551
101.5 -0.00104538681827
102.0 -0.00114738514137
102.5 -0.00124256254395
103.0 -0.00124330639365
103.5 -0.00139499370303
104.0 -0.00155753047488
104.5 -0.00161124422804
105.0 -0.00175696461001
105.5 -0.00157029098862
106.0 -0.00173406937708
106.5 -0.00194347626582
107.0 -0.00211722007123
107.5 -0.0021383730383
108.0 -0.00227022764732
108.5 -0.00258125375635
109.0 -0.00268661238022
109.5 -0.00238304683569
110.0 -0.00267371107488
110.5 -0.0029255402465
111.0 -0.00303906271463
111.5 -0.00319464394931
112.0 -0.00367220652566
112.5 -0.00395188992208
113.0 -0.0040252896306
113.5 -0.00436408852792
114.0 -0.00403560412772
114.5 -0.00394915223391
115.0 -0.0041393234917
115.5 -0.00408385998627
116.0 -0.00363946542764
116.5 -0.00420726743116
117.0 -0.0045039952773
117.5 -0.00518131878088
118.0 -0.00351038600195
118.5 -0.00103335226451
119.0 0.00134586851392
119.5 0.00763198712912
120.0 0.00721129610621
120.5 0.00455645809151
121.0 0.00125434849554
121.5 -0.00305395706465
122.0 -0.00391451778138
122.5 -0.00393388031446
123.0 -0.00378060114571
123.5 -0.00477778905214
124.0 -0.00462562285357
124.5 -0.00464210700208
125.0 -0.0049477699488
125.5 -0.00489818512108
126.0 -0.00484668371271
126.5 -0.0048676706311
127.0 -0.00450762597856
127.5 -0.00464442052591
128.0 -0.00466048155063
128.5 -0.00427656819236
129.0 -0.00387111090696
129.5 -0.00343923905872
130.0 -0.00313823830685
130.5 -0.0027796384685
131.0 -0.00338415555625
131.5 -0.00301218938544
132.0 -0.00283617431541
132.5 -0.00269638009543
133.0 -0.00241248309817
133.5 -0.00223531386335
134.0 -0.00201330168298
134.5 -0.00181454092485
135.0 -0.00217664443895
135.5 -0.0018473026286
136.0 -0.00174453940722
136.5 -0.00166594917135
137.0 -0.00145743778082
137.5 -0.00144452369732
138.0 -0.00122193947434
138.5 -0.00106930596341
139.0 -0.00101777957987
139.5 -0.00120368621839
140.0 -0.00103214007906
140.5 -0.000736428165446
141.0 -0.000889974247791
141.5 -0.000926171178506
142.0 -0.0007991328815
142.5 -0.000720196759998
143.0 -0.000579568989892
143.5 -0.000513412009807
144.0 -0.000478093590759
144.5 -0.000356786186734
145.0 -0.00031598278957
145.5 -0.000236214926812
146.0 -0.000158508470626
146.5 -1.00965633711e-05
147.0 -9.28600308945e-05
147.5 -0.000119816113112
148.0 -0.000103365434207
148.5 -6.38423684783e-05
149.0 -1.02120167326e-05
149.5 4.60250645695e-05
150.0 0.000144054829867
150.5 0.000216543047516
151.0 0.000287733824901
151.5 0.000348476734033
152.0 0.000410414003198
152.5 0.000453130114538
153.0 0.000531283686639
153.5 0.000642591174111
154.0 0.000680885022206
154.5 0.000520869550394
155.0 0.000571512433524
155.5 0.000670111530523
156.0 0.000771476920519
156.5 0.000830645520189
157.0 0.000923109741262
157.5 0.00102310581697
158.0 0.00113584341284
158.5 0.00123971700517
159.0 0.00116105172938
159.5 0.00113106361707
160.0 0.00119264373842
160.5 0.00103126733112
161.0 0.00135869717187
161.5 0.00156397518184
162.0 0.0015480729587
162.5 0.00148733209623
163.0 0.00159388616315
163.5 0.0017848480656
164.0 0.00181813542102
164.5 0.00180617392716
165.0 0.00194151291321
165.5 0.00197466205478
166.0 0.0019437273811
166.5 0.00181587532239
167.0 0.00195889041878
167.5 0.00234748135388
168.0 0.00274720400257
168.5 0.00274654708027
169.0 0.00258097227422
169.5 0.00296217629814
170.0 0.00306054979701
170.5 0.00300249503235
171.0 0.00314265698668
171.5 0.00348395059888
172.0 0.00309080744213
172.5 0.00341867532667
173.0 0.0038131967913
173.5 0.00416397755144
174.0 0.00437908950053
174.5 0.00438082042723
175.0 0.00436810726445
175.5 0.00273053731543
176.0 0.00324385784934
176.5 0.00359483374085
177.0 0.00251382009203
177.5 0.00321266230397
178.0 0.00295686804313
178.5 0.00287436667972
179.0 0.00104269706767
179.5 -0.00180369629632
180.0 -0.00377504899559
180.5 -0.00585331704623
181.0 -0.00335911141934
181.5 -0.00111041608112
182.0 -0.000242867960537
182.5 0.0013370871857
183.0 0.00140543140112
183.5 0.00174688091624
184.0 0.0017435490817
184.5 0.00173580529544
185.0 0.00168961655451
185.5 0.00137465656464
186.0 0.00121304421033
186.5 0.00157978335687
187.0 0.00133322207874
187.5 0.00109753890243
188.0 0.000867334090444
188.5 0.000520453581089
189.0 0.000123350195722
189.5 -0.000184187931794
190.0 -0.000296039219847
190.5 -0.000808350609617
191.0 -0.00114995766194
191.5 -0.00159008451384
192.0 -0.00200515387206
192.5 -0.00234310500039
193.0 -0.0029681279036
193.5 -0.00363202562211
194.0 -0.00427789360266
194.5 -0.00508420633093
195.0 -0.00650875524016
195.5 -0.00817296219124
196.0 -0.00965964009568
196.5 -0.0113571600501
197.0 -0.0136641013529
197.5 -0.0159957092093
198.0 -0.0215087421494
198.5 -0.0293066331476
199.0 -0.0447800616749
199.5 -0.0705198925891
