0.0 -0.00182060338263
0.5 0.0184206042988
1.0 0.0150471684559
1.5 0.0089339779364
2.0 0.00482559114711
2.5 0.00142576667898
3.0 -0.000768316218601
3.5 -0.00279362787041
4.0 -0.00460668828569
4.5 -0.00625689974112
5.0 -0.00789904283756
5.5 -0.00928106008292
6.0 -0.0106298115268
6.5 -0.0118888120181
7.0 -0.01306075678
7.5 -0.0142283050801
8.0 -0.0153327540275
8.5 -0.0165263934312
9.0 -0.0174964869208
9.5 -0.0184887918104
10.0 -0.0194693893147
10.5 -0.0203587728897
11.0 -0.021245781075
11.5 -0.0220907810744
12.0 -0.0229132279473
12.5 -0.0236660382684
13.0 -0.0243989768232
13.5 -0.0251411027715
14.0 -0.0257802823868
14.5 -0.0263786731599
15.0 -0.0269165117795
15.5 -0.0274337132332
16.0 -0.0278971586339
16.5 -0.0282902636856
17.0 -0.0286554892428
17.5 -0.0289878075977
18.0 -0.0292744295766
18.5 -0.0295046238539
19.0 -0.029685089738
19.5 -0.0298754643865
20.0 -0.0299682216805
20.5 -0.0300234797776
21.0 -0.0300166729808
21.5 -0.0299852209449
22.0 -0.0299261986404
22.5 -0.0297951894302
23.0 -0.029672724447
23.5 -0.029489886757
24.0 -0.0292832427013
24.5 -0.0290716073613
25.0 -0.0287910214284
25.5 -0.0284909331797
26.0 -0.0281740738898
26.5 -0.0278249736092
27.0 -0.0274559878943
27.5 -0.0270636662183
28.0 -0.0266658995692
28.5 -0.0262577219197
29.0 -0.0258256222955
29.5 -0.02538218072
30.0 -0.024909759652
30.5 -0.024440243153
31.0 -0.0239682284799
31.5 -0.0234829554025
32.0 -0.0229848242933
32.5 -0.0224824753821
33.0 -0.0219793441282
33.5 -0.0214730697587
34.0 -0.0209677125529
34.5 -0.020475053351
35.0 -0.0199672256702
35.5 -0.0194806521253
36.0 -0.0189778665438
36.5 -0.0184744561334
37.0 -0.0179859735768
37.5 -0.0174974206975
38.0 -0.0169979758493
38.5 -0.0165160791896
39.0 -0.0160393488943
39.5 -0.0155872907377
40.0 -0.0151095711976
40.5 -0.014652562567
41.0 -0.0142042959111
41.5 -0.0137736712065
42.0 -0.0133366003943
42.5 -0.0129044767162
43.0 -0.0124924470724
43.5 -0.012088694827
44.0 -0.0116908705667
44.5 -0.0112765368433
45.0 -0.0108806989459
45.5 -0.0105153391551
46.0 -0.0101524273165
46.5 -0.00978541273535
47.0 -0.00942644357228
47.5 -0.00907610280886
48.0 -0.0087658683379
48.5 -0.00843916398187
49.0 -0.00811212746166
49.5 -0.00781219697643
50.0 -0.00746141790384
50.5 -0.0071728231488
51.0 -0.0068846693179
51.5 -0.00660901931832
52.0 -0.006354960853
52.5 -0.00608566541873
53.0 -0.00583021173363
53.5 -0.00558743196961
54.0 -0.00535236214909
54.5 -0.00511771901204
55.0 -0.00487682278273
55.5 -0.00464647793652
56.0 -0.00445334851152
56.5 -0.00423068819954
57.0 -0.00402562592095
57.5 -0.00383391739323
58.0 -0.00366693338613
58.5 -0.00350402972501
59.0 -0.0033265077891
59.5 -0.00315567563331
60.0 -0.00298718352522
60.5 -0.00283517863358
61.0 -0.00266460831664
61.5 -0.00250922668791
62.0 -0.00236968346477
62.5 -0.00224418351449
63.0 -0.00212700182843
63.5 -0.00201001370541
64.0 -0.00188427842032
64.5 -0.00174348775396
65.0 -0.00164713924415
65.5 -0.00153187952258
66.0 -0.00143300853101
66.5 -0.00130720109954
67.0 -0.00118286121696
67.5 -0.00112601331865
68.0 -0.00103215145651
68.5 -0.000962696166539
69.0 -0.000910590892468
69.5 -0.000779255540376
70.0 -0.000721163406006
70.5 -0.000649467208165
71.0 -0.00058004234762
71.5 -0.000522215821332
72.0 -0.000453908788892
72.5 -0.000394372829584
73.0 -0.000362150363145
73.5 -0.000329969813931
74.0 -0.000324789294925
74.5 -0.000215806099892
75.0 -0.000173247444259
75.5 -0.00013677650929
76.0 -0.000104532714555
76.5 -7.05564722736e-05
77.0 -9.6388922799e-06
77.5 4.39855633267e-05
78.0 5.61140885829e-05
78.5 8.17068969212e-05
79.0 7.5472716361e-05
79.5 7.78559391961e-05
80.0 0.000115345660614
80.5 0.000113876857815
81.0 0.000150861873033
81.5 0.00018757895446
82.0 0.000187890221646
82.5 0.000206244393386
83.0 0.000185077932304
83.5 0.000145775091454
84.0 0.000150175354655
84.5 0.000216270071718
85.0 0.000222282598148
85.5 0.000134241949461
86.0 0.000212780729395
86.5 0.000180375232219
87.0 0.000126450506759
87.5 0.000173653150661
88.0 0.000180376599417
88.5 0.000204401317223
89.0 0.000188076813938
89.5 0.000168563774952
90.0 0.000151925089344
90.5 4.10128288841e-05
91.0 -2.43534669551e-05
91.5 -1.65051821241e-05
92.0 4.08851512859e-05
92.5 9.98221457493e-05
93.0 6.42605950354e-05
93.5 -2.71842590998e-05
94.0 -4.76546234047e-05
94.5 -2.38403314405e-05
95.0 -0.000130832940684
95.5 -0.000193029460647
96.0 -0.000186630574969
96.5 -0.000130900582196
97.0 -0.000250432056493
97.5 -0.000317538150473
98.0 -0.000355194730229
98.5 -0.000427957053216
99.0 -0.00038612910059
99.5 -0.000402316615869
100.0 -0.000417384762315
100.5 -0.000615493415097
101.0 -0.000644771535015
101.5 -0.000650267140244
102.0 -0.000780090105927
102.5 -0.00100241867292
103.0 -0.00103060188811
103.5 -0.00102157519014
104.0 -0.00106626081617
104.5 -0.000872485195465
105.0 -0.00101962126899
105.5 -0.00115546342899
106.0 -0.0012597028914
106.5 -0.00136706421365
107.0 -0.00154675808926
107.5 -0.00173763852916
108.0 -0.00194311862455
108.5 -0.00207026547046
109.0 -0.00202662112889
109.5 -0.00206155001142
110.0 -0.00202954057968
110.5 -0.00217903703352
111.0 -0.00226904228945
111.5 -0.00260602188154
112.0 -0.00262204780071
112.5 -0.00261609913621
113.0 -0.00289194469259
113.5 -0.00348094545853
114.0 -0.00338413978386
114.5 -0.00365622263108
115.0 -0.00280895801143
115.5 -0.00315677695109
116.0 -0.00301144980527
116.5 -0.0032557515306
117.0 -0.00315260664264
117.5 -0.00378645702418
118.0 -0.00293157484016
118.5 -0.00242895866096
119.0 -7.9068095431e-05
119.5 0.0063888647028
120.0 0.00629957065631
120.5 0.00531370941761
121.0 0.00245256506419
121.5 -0.0018551129909
122.0 -0.00497563776111
122.5 -0.00529079156969
123.0 -0.00548026637134
123.5 -0.00488637631518
124.0 -0.00402789547856
124.5 -0.00407881619437
125.0 -0.00464265950264
125.5 -0.00389672001572
126.0 -0.00369708327067
126.5 -0.00507882711983
127.0 -0.00494226599758
127.5 -0.00449121069136
128.0 -0.00446024214865
128.5 -0.00465953552305
129.0 -0.00454820684013
129.5 -0.00403621722189
130.0 -0.00367838222178
130.5 -0.00348878791309
131.0 -0.00342720547461
131.5 -0.00309517392867
132.0 -0.00300384506671
132.5 -0.00288357168719
133.0 -0.00263606317612
133.5 -0.00255850807549
134.0 -0.00245793436925
134.5 -0.00232320191904
135.0 -0.00209079079512
135.5 -0.00169987827356
136.0 -0.00202110246529
136.5 -0.00190829446356
137.0 -0.00169632700788
137.5 -0.00171372778876
138.0 -0.00155708876445
138.5 -0.00146659847483
139.0 -0.00127889637641
139.5 -0.00107753232421
140.0 -0.00128519263737
140.5 -0.00113802310917
141.0 -0.000995950867217
141.5 -0.00099047183393
142.0 -0.000849703764406
142.5 -0.000830354362874
143.0 -0.0007245293432
143.5 -0.000661982158167
144.0 -0.000677741768776
144.5 -0.000562922985111
145.0 -0.000566666172096
145.5 -0.000574593785623
146.0 -0.000532355748547
146.5 -0.000431888143241
147.0 -0.000320091443311
147.5 -0.000161828692346
148.0 -0.000193821969467
148.5 -0.000223670295674
149.0 -1.4262390707e-05
149.5 0.000151517626704
150.0 1.58899901277e-05
150.5 6.09302677051e-05
151.0 0.000103541722344
151.5 0.000135246244765
152.0 0.000162734178796
152.5 0.000159230761962
153.0 0.000156668174274
153.5 0.0002011194921
154.0 0.000370481867566
154.5 0.000544682286252
155.0 0.000455187025851
155.5 0.000472165508796
156.0 0.000485751065195
156.5 0.000456808368906
157.0 0.000393738657994
157.5 0.000480045006285
158.0 0.00059103685718
158.5 0.000719215057959
159.0 0.000755893826746
159.5 0.000778494335396
160.0 0.000890221121825
160.5 0.000892728171689
161.0 0.000990550123092
161.5 0.00111429772097
162.0 0.00121037814289
162.5 0.00135435586857
163.0 0.00140158274209
163.5 0.00138484308489
164.0 0.00126729119664
164.5 0.00110049169322
165.0 0.00142186352834
165.5 0.00146583602042
166.0 0.00143985291016
166.5 0.00163961180198
167.0 0.00177957201322
167.5 0.00205404358579
168.0 0.0022332838769
168.5 0.00212042691063
169.0 0.00189984149085
169.5 0.00216806407299
170.0 0.00237051082578
170.5 0.00241906126575
171.0 0.00249216407315
171.5 0.00268522392111
172.0 0.00286980559856
172.5 0.00330849803241
173.0 0.0034483981261
173.5 0.00348402281244
174.0 0.00338916228027
174.5 0.00320201729598
175.0 0.00308662963232
175.5 0.00242805792709
176.0 0.00238073059603
176.5 0.00269113768015
177.0 0.00165670300311
177.5 0.00115173241051
178.0 0.00161107757394
178.5 0.00149386727151
179.0 -0.000497441808989
179.5 -0.00318908200657
180.0 -0.00330178860051
180.5 -0.00484039556828
181.0 -0.00291199320718
181.5 -0.000499946188398
182.0 0.000469357802857
182.5 0.00294398440096
183.0 0.00247109168011
183.5 0.0025910767329
184.0 0.00228186626975
184.5 0.00205712384387
185.0 0.00197649657404
185.5 0.00175091529978
186.0 0.00176462704067
186.5 0.00160072578151
187.0 0.00147721318542
187.5 0.00104261106105
188.0 0.000748752407134
188.5 0.00064103376566
189.0 0.000226939857413
189.5 -0.000159207006632
190.0 -0.000495978115708
190.5 -0.000903156372431
191.0 -0.00118734908669
191.5 -0.00158552406138
192.0 -0.00204024531612
192.5 -0.00244774727422
193.0 -0.00316207834601
193.5 -0.00378291424207
194.0 -0.00455556571359
194.5 -0.00541525042583
195.0 -0.00645112388905
195.5 -0.00813729941693
196.0 -0.0095875201951
196.5 -0.0114222197452
197.0 -0.013820316499
197.5 -0.0163429208811
198.0 -0.0220884539096
198.5 -0.0295657926583
199.0 -0.0445376403601
199.5 -0.0699763306751
