0.0 0.00580190764903
0.5 0.0235458946371
1.0 0.0341219136466
1.5 0.0285929271669
2.0 0.0245397769157
2.5 0.0211990527981
3.0 0.0190283740393
3.5 0.0169870454292
4.0 0.0151307736929
4.5 0.013085829444
5.0 0.011469421084
5.5 0.0100091517212
6.0 0.00846882484565
6.5 0.00699820985882
7.0 0.00559454988504
7.5 0.00413180217662
8.0 0.00286013571105
8.5 0.00152413681425
9.0 0.000185218494611
9.5 -0.0011501465776
10.0 -0.00250106277211
10.5 -0.00381596183418
11.0 -0.00514069934406
11.5 -0.00648217876316
12.0 -0.00777705514979
12.5 -0.00910301418245
13.0 -0.0104371831214
13.5 -0.0117436589693
14.0 -0.0131016538831
14.5 -0.0144032726076
15.0 -0.0157143493405
15.5 -0.0170358028315
16.0 -0.0183148248461
16.5 -0.0195944793843
17.0 -0.0208857380905
17.5 -0.0221788715874
18.0 -0.023416121952
18.5 -0.0246499933615
19.0 -0.025870987561
19.5 -0.0270905643189
20.0 -0.028262766203
20.5 -0.0294060322156
21.0 -0.0305203308192
21.5 -0.0316047734273
22.0 -0.032667355428
22.5 -0.033656912369
23.0 -0.034642199829
23.5 -0.0355966082519
24.0 -0.0365165154191
24.5 -0.0373789159896
25.0 -0.0381756425559
25.5 -0.0389241094309
26.0 -0.0396084638219
26.5 -0.0402384830007
27.0 -0.0408353267149
27.5 -0.0413683523453
28.0 -0.0418153071637
28.5 -0.0422258361422
29.0 -0.0425874422553
29.5 -0.0428703823785
30.0 -0.0430733767118
30.5 -0.0432256453153
31.0 -0.0433231483972
31.5 -0.0433410067636
32.0 -0.0432952032664
32.5 -0.0431963000057
33.0 -0.0430402031449
33.5 -0.0428194183305
34.0 -0.0425375935869
34.5 -0.0422220063796
35.0 -0.041842411433
35.5 -0.0413996935734
36.0 -0.0409173708895
36.5 -0.0403792192253
37.0 -0.0397871111021
37.5 -0.0391704551585
38.0 -0.0385298923203
38.5 -0.0378558904957
39.0 -0.0371263556578
39.5 -0.0363876583634
40.0 -0.0356269070158
40.5 -0.0348387271623
41.0 -0.0340308770842
41.5 -0.0332198014341
42.0 -0.0323953230694
42.5 -0.0315513036461
43.0 -0.0306993654888
43.5 -0.0298589400973
44.0 -0.0290224353729
44.5 -0.0281613798513
45.0 -0.0273217399216
45.5 -0.0264759637627
46.0 -0.0256328817355
46.5 -0.0248093898
47.0 -0.0240101332174
47.5 -0.0231960457429
48.0 -0.0224014835535
48.5 -0.0216128591551
49.0 -0.0208483781639
49.5 -0.020105142782
50.0 -0.0193494680959
50.5 -0.0186371306522
51.0 -0.0179478456703
51.5 -0.0172434877354
52.0 -0.016584237998
52.5 -0.0159400299545
53.0 -0.0153140986085
53.5 -0.0146849677911
54.0 -0.0140919187261
54.5 -0.0135161661807
55.0 -0.0129265493917
55.5 -0.0123596437829
56.0 -0.0118502005711
56.5 -0.0113326875961
57.0 -0.0108419432193
57.5 -0.0103387302423
58.0 -0.00987272801219
58.5 -0.00945183362442
59.0 -0.00901939588596
59.5 -0.00859183810714
60.0 -0.00816151961994
60.5 -0.00777971270093
61.0 -0.00738728544324
61.5 -0.00702130361293
62.0 -0.00669060593305
62.5 -0.00636597723789
63.0 -0.00605355201018
63.5 -0.00575960395802
64.0 -0.00545786129214
64.5 -0.00516632313218
65.0 -0.00490259253873
65.5 -0.00458622978334
66.0 -0.00431049815099
66.5 -0.00406813521362
67.0 -0.0038647166427
67.5 -0.00364794557906
68.0 -0.0034214942796
68.5 -0.00317411288735
69.0 -0.00301925975211
69.5 -0.00284691258002
70.0 -0.00263050205037
70.5 -0.00247781687733
71.0 -0.00229692157986
71.5 -0.00213623631075
72.0 -0.0019869127533
72.5 -0.00180351129485
73.0 -0.00167949689519
73.5 -0.00157383541598
74.0 -0.00147660933332
74.5 -0.00137508849122
75.0 -0.00120975980148
75.5 -0.00112605925692
76.0 -0.00103323670749
76.5 -0.000916124123298
77.0 -0.000839802286638
77.5 -0.000731135629454
78.0 -0.000641352623534
78.5 -0.000575783150099
79.0 -0.000527355661646
79.5 -0.000535033679167
80.0 -0.000391921619959
80.5 -0.000362795681943
81.0 -0.000280562726383
81.5 -0.000255843078989
82.0 -0.000178780662015
82.5 -9.80219523399e-05
83.0 -0.000105264288603
83.5 -7.86010333087e-05
84.0 -3.9782870477e-05
84.5 -8.8062588901e-06
85.0 4.70709277849e-05
85.5 4.20286769192e-05
86.0 6.71880410792e-05
86.5 0.000106494860677
87.0 0.000103771336715
87.5 0.000157344768688
88.0 0.00014335568989
88.5 0.000122913740299
89.0 0.00017401771553
89.5 0.000123879705367
90.0 0.000203863002213
90.5 0.000121492429724
91.0 4.00367290538e-05
91.5 9.2269709306e-05
92.0 0.000104000831112
92.5 8.81863335067e-05
93.0 4.0989623237e-05
93.5 -4.43544705533e-05
94.0 -4.72394685396e-05
94.5 -3.71037162452e-05
95.0 -4.76242665428e-05
95.5 -6.00162931867e-05
96.0 3.10881256596e-05
96.5 -4.46916101069e-05
97.0 -0.000171788942396
97.5 -0.000227592689509
98.0 -0.000196947835018
98.5 -0.000262869266589
99.0 -0.000493467505716
99.5 -0.000454141523683
100.0 -0.000375732520418
100.5 -0.000532494078001
101.0 -0.00047588225754
101.5 -0.000535956853859
102.0 -0.000603823438922
102.5 -0.000690466288987
103.0 -0.000692869764563
103.5 -0.000764285199473
104.0 -0.000924564593795
104.5 -0.000972501526682
105.0 -0.000810716884224
105.5 -0.00108329883393
106.0 -0.00113660974418
106.5 -0.00138649533626
107.0 -0.00162210661748
107.5 -0.0016993491203
108.0 -0.00179655299661
108.5 -0.00192240710294
109.0 -0.0019673477174
109.5 -0.0021296485783
110.0 -0.00234399003413
110.5 -0.00208117684149
111.0 -0.00264537547948
111.5 -0.00309068711937
112.0 -0.00314434304639
112.5 -0.00293635996994
113.0 -0.00303857724717
113.5 -0.00364935284136
114.0 -0.00343643489649
114.5 -0.00394248673676
115.0 -0.00361750685856
115.5 -0.00311716159678
116.0 -0.0037732941346
116.5 -0.00275963474934
117.0 -0.00311803998935
117.5 -0.00482573441053
118.0 -0.00439600234027
118.5 -0.00362551542477
119.0 -0.000391045234053
119.5 0.00744360012455
120.0 0.00860483454795
120.5 0.00786272281049
121.0 0.00275450847411
121.5 -0.0016612777591
122.0 -0.00380463281826
122.5 -0.00532618387649
123.0 -0.00437426059653
123.5 -0.00388857082751
124.0 -0.00391304891468
124.5 -0.0038604044307
125.0 -0.00404650603123
125.5 -0.00397974356567
126.0 -0.00399938986222
126.5 -0.00388339970813
127.0 -0.00438521215585
127.5 -0.00439173040945
128.0 -0.00405196643162
128.5 -0.00381179883092
129.0 -0.00332218346541
129.5 -0.00316980510514
130.0 -0.00295590192081
130.5 -0.00273164005171
131.0 -0.00246855470011
131.5 -0.00271259284136
132.0 -0.002662880067
132.5 -0.00241086201189
133.0 -0.00214491541858
133.5 -0.00188946880815
134.0 -0.00175459415725
134.5 -0.00206741032626
135.0 -0.00186603843135
135.5 -0.00156940948811
136.0 -0.00144897375778
136.5 -0.00138049098879
137.0 -0.00121859161191
137.5 -0.00119790096701
138.0 -0.000924803908969
138.5 -0.000922128720209
139.0 -0.00109937390275
139.5 -0.000990008072051
140.0 -0.000883876948624
140.5 -0.000723019718919
141.0 -0.000464407182861
141.5 -0.000756782514742
142.0 -0.000713283255873
142.5 -0.000637957934744
143.0 -0.000496539866225
143.5 -0.000427396650547
144.0 -0.000430041241755
144.5 -0.000290969602226
145.0 -0.000250247586913
145.5 -0.000169245825877
146.0 -2.44338194575e-05
146.5 -0.000234518176808
147.0 -0.00024702113991
147.5 -0.000127316878628
148.0 7.27766917263e-05
148.5 0.000139792555274
149.0 -2.37663425116e-05
149.5 5.66522939095e-05
150.0 0.000172282370611
150.5 0.000248561130308
151.0 0.000322346470333
151.5 0.000419294554686
152.0 0.000547751682564
152.5 0.000436843898241
153.0 0.000381402686388
153.5 0.00048075062463
154.0 0.00058325567108
154.5 0.000644171375145
155.0 0.000681134131497
155.5 0.000728683203659
156.0 0.00083130350157
156.5 0.000862347821265
157.0 0.000925524672454
157.5 0.000978566664269
158.0 0.00106278853448
158.5 0.00122861202205
159.0 0.00122457131051
159.5 0.00111641621681
160.0 0.00114864206039
160.5 0.00108872460982
161.0 0.00112342487756
161.5 0.0010103329318
162.0 0.00117539652255
162.5 0.00143119353535
163.0 0.00162089604034
163.5 0.0016591030044
164.0 0.00160661861189
164.5 0.00161630926277
165.0 0.00168634937695
165.5 0.00142285314748
166.0 0.00158786253708
166.5 0.00185711164676
167.0 0.00197803752221
167.5 0.00231850612848
168.0 0.00254209425567
168.5 0.00236119346989
169.0 0.00217111355364
169.5 0.0025422793532
170.0 0.00269740380928
170.5 0.00275641945476
171.0 0.00234676521038
171.5 0.00281231140509
172.0 0.00301124508854
172.5 0.00335077061237
173.0 0.00314809301771
173.5 0.00293184914432
174.0 0.00329532264468
174.5 0.00339891499196
175.0 0.00335179287919
175.5 0.00290041017828
176.0 0.00175528974322
176.5 0.00232108500653
177.0 0.00290365133129
177.5 0.00349668816757
178.0 0.000156113913874
178.5 0.00075550759486
179.0 -0.00406959561533
179.5 -0.00412422420473
180.0 -0.0023076942549
180.5 -0.00341950796769
181.0 -0.000891344966846
181.5 0.00125479288697
182.0 0.00300693788381
182.5 0.00393925519339
183.0 0.00238277504685
183.5 0.00233181422388
184.0 0.00194345730502
184.5 0.001788205023
185.0 0.00176739587771
185.5 0.00145249179945
186.0 0.00143700053705
186.5 0.00125183538695
187.0 0.00156240144184
187.5 0.00128102463178
188.0 0.000796026678984
188.5 0.000615381972935
189.0 0.000169087169652
189.5 -0.000158046143099
190.0 -0.000258346690799
190.5 -0.000804634695925
191.0 -0.0010952473707
191.5 -0.00152313548581
192.0 -0.00203346890375
192.5 -0.00242415933643
193.0 -0.00306167032741
193.5 -0.0037481308638
194.0 -0.00453283535138
194.5 -0.00538507088662
195.0 -0.0064055805565
195.5 -0.00807280959026
196.0 -0.0094715654439
196.5 -0.0111320029185
197.0 -0.0128931924264
197.5 -0.0159775974772
198.0 -0.0219133014867
198.5 -0.028073268671
199.0 -0.0440694479431
199.5 -0.0662979612425
