0.0 0.00355853176275
0.5 0.0269982016768
1.0 0.0339390746121
1.5 0.0269644336328
2.0 0.0227259771007
2.5 0.0187710028935
3.0 0.0165018713205
3.5 0.0142900914225
4.0 0.0122955219818
4.5 0.0103956420605
5.0 0.00855672281426
5.5 0.0067819577461
6.0 0.00523434742765
6.5 0.00377118277137
7.0 0.00238308033919
7.5 0.000951532405157
8.0 -0.000406493645947
8.5 -0.00177729680444
9.0 -0.00309623722476
9.5 -0.00441022641185
10.0 -0.00574100609617
10.5 -0.00710378319693
11.0 -0.00841987294039
11.5 -0.00971863921341
12.0 -0.0110408581759
12.5 -0.0123400698149
13.0 -0.0136405296902
13.5 -0.014936556787
14.0 -0.0162324779114
14.5 -0.0175554779743
15.0 -0.0188024328155
15.5 -0.0200648483162
16.0 -0.021313697563
16.5 -0.0225633538351
17.0 -0.0237744365879
17.5 -0.0249903243269
18.0 -0.026211070921
18.5 -0.0273784710242
19.0 -0.0285262892008
19.5 -0.0296507116757
20.0 -0.0307350700881
20.5 -0.0317874067833
21.0 -0.0327832436579
21.5 -0.0337620236589
22.0 -0.0347116496305
22.5 -0.0355849807992
23.0 -0.0364602384029
23.5 -0.0372597059581
24.0 -0.0380186704629
24.5 -0.0387437429276
25.0 -0.0393629172427
25.5 -0.039927106962
26.0 -0.0404410269015
26.5 -0.0408848412828
27.0 -0.041261873165
27.5 -0.0415781148308
28.0 -0.041839776579
28.5 -0.0420667470078
29.0 -0.042193514635
29.5 -0.0422881903857
30.0 -0.0422727710183
30.5 -0.042200827627
31.0 -0.0420837880123
31.5 -0.0418983057836
32.0 -0.0416453693188
32.5 -0.0413371822002
33.0 -0.0409824686692
33.5 -0.0405963395377
34.0 -0.0401340228627
34.5 -0.0396461444375
35.0 -0.0391028713018
35.5 -0.0385189322422
36.0 -0.0379003563231
36.5 -0.0372430342221
37.0 -0.0365499013057
37.5 -0.0358383539052
38.0 -0.0351092970716
38.5 -0.0343522381472
39.0 -0.0335840935712
39.5 -0.0328228107976
40.0 -0.0320169109014
40.5 -0.0312241495106
41.0 -0.0304014176754
41.5 -0.0295787336538
42.0 -0.0287563344537
42.5 -0.0279297793681
43.0 -0.0271024790318
43.5 -0.0262846244115
44.0 -0.0254845595853
44.5 -0.0246998141692
45.0 -0.0238856319879
45.5 -0.023118216531
46.0 -0.02234197725
46.5 -0.0215806901691
47.0 -0.0208323617033
47.5 -0.0200838871175
48.0 -0.0193692058239
48.5 -0.0186608470975
49.0 -0.017977176208
49.5 -0.0173084046913
50.0 -0.0166238518761
50.5 -0.0159859816253
51.0 -0.0153773584289
51.5 -0.0147530979389
52.0 -0.0141689043583
52.5 -0.0135984731487
53.0 -0.0130447951638
53.5 -0.0124807125742
54.0 -0.0119599844282
54.5 -0.0114616922462
55.0 -0.010961274991
55.5 -0.0104704813222
56.0 -0.00999186700144
56.5 -0.00955912917557
57.0 -0.00912966417895
57.5 -0.00870063966545
58.0 -0.00829392000332
58.5 -0.00788642206715
59.0 -0.00750958854569
59.5 -0.00715515953856
60.0 -0.00678244416054
60.5 -0.00645724622984
61.0 -0.00612122261067
61.5 -0.00579466945595
62.0 -0.0055064058782
62.5 -0.00520411949817
63.0 -0.00494543886367
63.5 -0.00467709629318
64.0 -0.00437490065228
64.5 -0.00414731144445
65.0 -0.00388766787968
65.5 -0.00368558731763
66.0 -0.00345193217121
66.5 -0.00322525278185
67.0 -0.00301967377683
67.5 -0.0028153785502
68.0 -0.00263759113062
68.5 -0.00246951014877
69.0 -0.00233736127962
69.5 -0.00217208039985
70.0 -0.00202665102691
70.5 -0.0018573019014
71.0 -0.00169186794934
71.5 -0.00154874283192
72.0 -0.00141952678733
72.5 -0.00126297173353
73.0 -0.00117657516783
73.5 -0.00110554384086
74.0 -0.000990156595385
74.5 -0.000897720236424
75.0 -0.000806216455262
75.5 -0.000711655176534
76.0 -0.000623387821427
76.5 -0.000559061682207
77.0 -0.000426888521176
77.5 -0.00032594926423
78.0 -0.000290323116227
78.5 -0.000260775540514
79.0 -0.000213633347803
79.5 -0.000131473100536
80.0 -6.6364257977e-05
80.5 -1.98234901898e-05
81.0 4.35899557463e-05
81.5 5.74126230113e-05
82.0 9.9530988976e-05
82.5 0.000139069140943
83.0 0.000151326443778
83.5 0.000210087875853
84.0 0.000252470043385
84.5 0.000181428631016
85.0 0.000184985961919
85.5 0.000246746154673
86.0 0.000260756443232
86.5 0.00021035960561
87.0 0.000225917225062
87.5 0.000287243074574
88.0 0.00034041164372
88.5 0.000393399232465
89.0 0.000348816969108
89.5 0.00025699958309
90.0 0.000248992616708
90.5 0.000124185445536
91.0 0.000223568809545
91.5 0.000224425289833
92.0 0.000264544553076
92.5 0.000288965606664
93.0 0.000253504099732
93.5 0.000199518983411
94.0 0.000191487723107
94.5 0.000189030756136
95.0 0.000191284885098
95.5 6.29350497903e-05
96.0 1.18765423842e-05
96.5 1.11527915116e-05
97.0 -5.81299508831e-05
97.5 -0.000115976455103
98.0 -0.000140189427533
98.5 -0.000178473683672
99.0 -0.000267858673443
99.5 -0.000408063807107
100.0 -0.000314412837575
100.5 -0.000392374310181
101.0 -0.000430323748212
101.5 -0.000345398985168
102.0 -0.000396262191046
102.5 -0.000567908059409
103.0 -0.000756077022345
103.5 -0.00095615709116
104.0 -0.000910573260796
104.5 -0.000770477937316
105.0 -0.000729806240379
105.5 -0.00114432939133
106.0 -0.00116493716613
106.5 -0.00143319570627
107.0 -0.0013930638153
107.5 -0.00163066692382
108.0 -0.00187428889226
108.5 -0.00183799791702
109.0 -0.00192332818052
109.5 -0.00174767596138
110.0 -0.00194958306452
110.5 -0.00215329123336
111.0 -0.00255572408255
111.5 -0.00294202749296
112.0 -0.00252696066509
112.5 -0.00263955498163
113.0 -0.00298343877817
113.5 -0.00328116617874
114.0 -0.00321543545446
114.5 -0.00326140717146
115.0 -0.00337722458619
115.5 -0.002334829096
116.0 -0.00249937996585
116.5 -0.00244604002917
117.0 -0.00261113275543
117.5 -0.00375487098566
118.0 -0.00309898315663
118.5 -0.00244822535804
119.0 -0.00188035122002
119.5 0.00505705973139
120.0 0.00861750059802
120.5 0.00660213367861
121.0 0.00125172393352
121.5 -0.00357960023528
122.0 -0.00603554385577
122.5 -0.00849786817999
123.0 -0.00561523429415
123.5 -0.00522649268859
124.0 -0.00602820680636
124.5 -0.00540817521312
125.0 -0.00529478729784
125.5 -0.00547154442863
126.0 -0.00489701806158
126.5 -0.00520155980188
127.0 -0.00494971428206
127.5 -0.00502030452672
128.0 -0.00495787641434
128.5 -0.00461785545804
129.0 -0.00408796166198
129.5 -0.00363207090934
130.0 -0.00332328562629
130.5 -0.00297081741493
131.0 -0.00356224520796
131.5 -0.00319214759966
132.0 -0.00294815337972
132.5 -0.00269049530846
133.0 -0.00240730918079
133.5 -0.00225743804919
134.0 -0.00211304478174
134.5 -0.00191709616453
135.0 -0.00169447323317
135.5 -0.00197171867187
136.0 -0.00174040238542
136.5 -0.00141990867813
137.0 -0.00149116631142
137.5 -0.00158365843226
138.0 -0.00118478261905
138.5 -0.00110983018705
139.0 -0.00127455946578
139.5 -0.00107355945927
140.0 -0.000844643871616
140.5 -0.00059723562654
141.0 -0.000756969742444
141.5 -0.000750797863532
142.0 -0.000594535312032
142.5 -0.000592412562153
143.0 -0.000504334975739
143.5 -0.000407803546848
144.0 -0.000341796729305
144.5 -0.000177993130812
145.0 -0.000130600452013
145.5 -6.69977978962e-05
146.0 1.53862478669e-06
146.5 5.41316823783e-05
147.0 0.000135922912435
147.5 0.000244512505425
148.0 0.000389941908894
148.5 0.000468882331597
149.0 0.000368053744977
149.5 0.000365243653224
150.0 0.00046349616441
150.5 0.000625851497231
151.0 0.000832221857651
151.5 0.0007566064934
152.0 0.000746273177485
152.5 0.000721487972047
153.0 0.000780001896937
153.5 0.0009307361249
154.0 0.00112718956527
154.5 0.00128444634439
155.0 0.00120382709557
155.5 0.0012490763303
156.0 0.00130686394516
156.5 0.00135616089975
157.0 0.00143393382611
157.5 0.00145649746253
158.0 0.00146635331477
158.5 0.00157719857727
159.0 0.00161974849108
159.5 0.00163982755145
160.0 0.00170311467886
160.5 0.00174013015805
161.0 0.00160374863167
161.5 0.00182019415009
162.0 0.00206751466828
162.5 0.00225769397388
163.0 0.00222199527311
163.5 0.00221682399915
164.0 0.00242136413197
164.5 0.00260670953084
165.0 0.00283941900496
165.5 0.00277481447398
166.0 0.00270503756296
166.5 0.00291012086409
167.0 0.00298450205712
167.5 0.00319690497003
168.0 0.00321906215407
168.5 0.00331290011295
169.0 0.00363708388254
169.5 0.00395139270238
170.0 0.00414113425426
170.5 0.00426459278013
171.0 0.00393758383437
171.5 0.00434208024879
172.0 0.00483586315782
172.5 0.00536825594628
173.0 0.00576776936435
173.5 0.00563557520202
174.0 0.00542804963793
174.5 0.00588301685811
175.0 0.00611838908046
175.5 0.00567809359144
176.0 0.00578932707994
176.5 0.00606484967741
177.0 0.00592647732343
177.5 0.00743921166072
178.0 0.00550877008307
178.5 0.0031324019487
179.0 -0.00184128413414
179.5 -0.0037632986965
180.0 -0.00286159134275
180.5 -0.0032543075594
181.0 -0.000892039094524
181.5 -1.35441773637e-05
182.0 2.49059903012e-06
182.5 -0.000128435430042
183.0 0.00107856719946
183.5 0.00177513055462
184.0 0.00117209298323
184.5 0.00113880730086
185.0 0.0018691293717
185.5 0.0014056496717
186.0 0.00144456154683
186.5 0.001329882592
187.0 0.00119625313086
187.5 0.00102590814268
188.0 0.000805577624675
188.5 0.000491917885626
189.0 0.000341409830526
189.5 0.00018968797751
190.0 -0.000129817126449
190.5 -0.000489389575691
191.0 -0.000648460372531
191.5 -0.00100904547534
192.0 -0.00132088332086
192.5 -0.00156167299816
193.0 -0.0020962499503
193.5 -0.00251482890573
194.0 -0.00305924064315
194.5 -0.00368463687973
195.0 -0.00444908950693
195.5 -0.00579717598276
196.0 -0.00681469713606
196.5 -0.0080739373941
197.0 -0.00965797083309
197.5 -0.0109930677043
198.0 -0.0150173236647
198.5 -0.0203158975914
199.0 -0.0303560701456
199.5 -0.0465111826263
