0.0 -0.00186606469662
0.5 0.0171562157259
1.0 0.014273266076
1.5 0.00798916187198
2.0 0.00460521416169
2.5 0.00109112722056
3.0 -0.00135794394427
3.5 -0.00307714472578
4.0 -0.00472955913394
4.5 -0.00633230109219
5.0 -0.00797000033865
5.5 -0.00925268514592
6.0 -0.0107206358283
6.5 -0.0119866712619
7.0 -0.0130136709369
7.5 -0.0141473880873
8.0 -0.0151701037564
8.5 -0.0161674638457
9.0 -0.0171207261654
9.5 -0.0180491368485
10.0 -0.0189596202662
10.5 -0.0197905935108
11.0 -0.0205935068753
11.5 -0.0214333162143
12.0 -0.0221707992514
12.5 -0.0228576611597
13.0 -0.0235252433217
13.5 -0.024126750895
14.0 -0.0247090111676
14.5 -0.0252379693797
15.0 -0.0257055341516
15.5 -0.0261603152621
16.0 -0.0265571269223
16.5 -0.0269164586027
17.0 -0.0272314515632
17.5 -0.0275257628048
18.0 -0.0277739966023
18.5 -0.0279584416794
19.0 -0.0281086788585
19.5 -0.0282409421686
20.0 -0.0282977143349
20.5 -0.0283145493556
21.0 -0.0283287605013
21.5 -0.028299172438
22.0 -0.0282289808491
22.5 -0.0280870874343
23.0 -0.0279685997702
23.5 -0.0278111845929
24.0 -0.0276067703335
24.5 -0.0274002433203
25.0 -0.0271551500547
25.5 -0.0268836148333
26.0 -0.0265824570607
26.5 -0.0262639709841
27.0 -0.0259453225981
27.5 -0.0256025580779
28.0 -0.0252202009699
28.5 -0.0248518075619
29.0 -0.0244755946828
29.5 -0.0240818676547
30.0 -0.0236757072508
30.5 -0.0232556778699
31.0 -0.022830296088
31.5 -0.0223961039415
32.0 -0.0219638846175
32.5 -0.021504686759
33.0 -0.0210487591808
33.5 -0.0206023892594
34.0 -0.0201781539627
34.5 -0.019724976614
35.0 -0.0192659379276
35.5 -0.0188183070466
36.0 -0.018383829579
36.5 -0.01793322454
37.0 -0.0174776142158
37.5 -0.0170410516186
38.0 -0.0166122073172
38.5 -0.0161660270667
39.0 -0.0157351609772
39.5 -0.0153243397483
40.0 -0.0148861542653
40.5 -0.0144661875888
41.0 -0.0140578509407
41.5 -0.0136737188743
42.0 -0.0132729026892
42.5 -0.0128730328833
43.0 -0.0124948798089
43.5 -0.0121152824163
44.0 -0.0117501655316
44.5 -0.0113662827926
45.0 -0.0110085232504
45.5 -0.0106578662215
46.0 -0.0103099796094
46.5 -0.00997415452744
47.0 -0.00965876679148
47.5 -0.0093264298293
48.0 -0.00900273657653
48.5 -0.00867653503313
49.0 -0.00838953957131
49.5 -0.00811189052691
50.0 -0.00779232407313
50.5 -0.00751662691133
51.0 -0.00725318442705
51.5 -0.00697329288472
52.0 -0.00671614551545
52.5 -0.00646371905712
53.0 -0.00623566558174
53.5 -0.00599901813987
54.0 -0.00577049543658
54.5 -0.00554063035199
55.0 -0.00530508289419
55.5 -0.00508915465861
56.0 -0.00488300177511
56.5 -0.0046992905846
57.0 -0.00450288644175
57.5 -0.00429516896092
58.0 -0.00412208809831
58.5 -0.00396328468964
59.0 -0.00378688045306
59.5 -0.0036149252435
60.0 -0.00344471112841
60.5 -0.00328125122526
61.0 -0.00312327797688
61.5 -0.00296038493881
62.0 -0.00281844181087
62.5 -0.00269122710053
63.0 -0.00257882701937
63.5 -0.00243676434583
64.0 -0.00233061917495
64.5 -0.00223359426192
65.0 -0.0020752585787
65.5 -0.00198916787245
66.0 -0.00185988805186
66.5 -0.00174710395493
67.0 -0.00165104157869
67.5 -0.00156312994662
68.0 -0.0014721443678
68.5 -0.0013987014173
69.0 -0.00134503934445
69.5 -0.00128187679565
70.0 -0.00113065200977
70.5 -0.00106865201815
71.0 -0.00099579430476
71.5 -0.000929612763441
72.0 -0.000877036336126
72.5 -0.000799739783526
73.0 -0.000758021083938
73.5 -0.000724988444816
74.0 -0.000693939612212
74.5 -0.00058436595118
75.0 -0.000572207448608
75.5 -0.000544658791684
76.0 -0.000492503992158
76.5 -0.000470003625361
77.0 -0.000378876253642
77.5 -0.000315899388388
78.0 -0.000339107605438
78.5 -0.000341663955972
79.0 -0.000347550900194
79.5 -0.000270942706164
80.0 -0.000275415583031
80.5 -0.000235094035842
81.0 -0.000249286279709
81.5 -0.000243945301587
82.0 -0.000181960071547
82.5 -9.45477150402e-05
83.0 -9.81629363643e-05
83.5 -0.000119291524442
84.0 -0.00014956949801
84.5 -0.000226793173475
85.0 -0.000143983653508
85.5 -0.000114535482517
86.0 -0.000178123534884
86.5 -0.000158912078586
87.0 -0.00013094825778
87.5 -0.00013017447754
88.0 -0.000205017003591
88.5 -0.000211259669729
89.0 -0.000163093610535
89.5 -0.000243650704054
90.0 -0.000191673974822
90.5 -0.000324508938327
91.0 -0.000278796859124
91.5 -0.000333551299711
92.0 -0.000348477827647
92.5 -0.000280857846157
93.0 -0.000330193015607
93.5 -0.000462359722516
94.0 -0.000385406808473
94.5 -0.000388067619983
95.0 -0.000407333732916
95.5 -0.000513000680279
96.0 -0.000535197554186
96.5 -0.000540601499573
97.0 -0.000624697949092
97.5 -0.000703520081125
98.0 -0.00072320156486
98.5 -0.000756958290921
99.0 -0.000866291522591
99.5 -0.0010019935002
100.0 -0.000939917261643
100.5 -0.00102424811238
101.0 -0.000992022179624
101.5 -0.00106404016528
102.0 -0.00119225611594
102.5 -0.00120296537719
103.0 -0.00122166991601
103.5 -0.00144468047331
104.0 -0.00155751885959
104.5 -0.00175455473082
105.0 -0.00161704159167
105.5 -0.00179379992978
106.0 -0.00191315037125
106.5 -0.00196505712762
107.0 -0.00192338455609
107.5 -0.00218819124943
108.0 -0.00248104462501
108.5 -0.00255352307397
109.0 -0.00265637332888
109.5 -0.00265779649834
110.0 -0.00237311470639
110.5 -0.00300384352278
111.0 -0.0025864788409
111.5 -0.00333637836361
112.0 -0.00351353087525
112.5 -0.00389410184398
113.0 -0.00412292586634
113.5 -0.00427711499736
114.0 -0.00435554000421
114.5 -0.0038814078432
115.0 -0.00445539291194
115.5 -0.00435294946521
116.0 -0.00366163232644
116.5 -0.00383359807705
117.0 -0.00430971649546
117.5 -0.00485443209652
118.0 -0.00359345884394
118.5 -0.000978889019493
119.0 0.002990153859
119.5 0.0108431690265
120.0 0.0103593663153
120.5 0.00592040078132
121.0 0.000605594648562
121.5 -0.00138136185568
122.0 -0.00334905650776
122.5 -0.00367100021842
123.0 -0.00379126876511
123.5 -0.004392916436
124.0 -0.00470288835447
124.5 -0.00417195157026
125.0 -0.00440170661811
125.5 -0.00433858285055
126.0 -0.00448135422566
126.5 -0.00472804029253
127.0 -0.00478099391276
127.5 -0.00471731008308
128.0 -0.00453733608836
128.5 -0.00437219354784
129.0 -0.00382857800858
129.5 -0.00336262500754
130.0 -0.00317579400047
130.5 -0.00303594171621
131.0 -0.00297048213827
131.5 -0.00268736226934
132.0 -0.00258008520665
132.5 -0.00243003026442
133.0 -0.00213108840857
133.5 -0.00196098696468
134.0 -0.00183300701966
134.5 -0.00212300384668
135.0 -0.00183697169044
135.5 -0.00139682376386
136.0 -0.00173102809001
136.5 -0.00163622907011
137.0 -0.00145235100195
137.5 -0.00150525909238
138.0 -0.00134441674541
138.5 -0.00127319702329
139.0 -0.00118322729095
139.5 -0.00107049123053
140.0 -0.00101116243098
140.5 -0.000946183937533
141.0 -0.000806542340861
141.5 -0.000818189573994
142.0 -0.000700172399121
142.5 -0.000668500297508
143.0 -0.000489352996938
143.5 -0.000476601235114
144.0 -0.000695678637769
144.5 -0.000547245456334
145.0 -0.000448936085752
145.5 -0.000368820801264
146.0 -0.000320725878095
146.5 -0.000294769856827
147.0 -0.000241854070064
147.5 -0.000174781304281
148.0 -4.63880676107e-05
148.5 0.00013391185728
149.0 0.000155539265545
149.5 -2.87494267137e-06
150.0 -2.92300270606e-07
150.5 -5.4294330261e-05
151.0 -9.70655910676e-06
151.5 9.14736088919e-05
152.0 0.000151696367936
152.5 0.000168078625734
153.0 0.000224562715502
153.5 0.000293263170738
154.0 0.000356738144122
154.5 0.000411598634244
155.0 0.000460159676699
155.5 0.00050901978735
156.0 0.000619265277344
156.5 0.000664188120247
157.0 0.000725138268219
157.5 0.000773395484195
158.0 0.000853335663024
158.5 0.0010084655861
159.0 0.00095090979077
159.5 0.000781564311158
160.0 0.00101637067466
160.5 0.00112415161036
161.0 0.00126392385727
161.5 0.00125214302287
162.0 0.00123628230276
162.5 0.00129046408521
163.0 0.00135325974431
163.5 0.00138091098756
164.0 0.00128504514747
164.5 0.00113666635683
165.0 0.00145797111146
165.5 0.00161319944512
166.0 0.00162316493077
166.5 0.00150349586244
167.0 0.00162061777348
167.5 0.0019079638562
168.0 0.00215378941656
168.5 0.00225160306497
169.0 0.00219534051212
169.5 0.00226076635479
170.0 0.00239075882219
170.5 0.0024372063418
171.0 0.00252989508036
171.5 0.0027383381935
172.0 0.00278566407572
172.5 0.00315546046927
173.0 0.0029367634879
173.5 0.00282051310892
174.0 0.00316501435105
174.5 0.00328559636908
175.0 0.00327885462418
175.5 0.00277524814747
176.0 0.00153053614908
176.5 0.0016616285596
177.0 0.00127966640585
177.5 0.00220702645514
178.0 0.000415671747575
178.5 -0.00185531163788
179.0 -0.00615366947747
179.5 -0.00597183127086
180.0 -0.00324599903247
180.5 -0.00259891156675
181.0 8.71823780955e-05
181.5 0.000969174036484
182.0 0.00129444774609
182.5 0.00318536619766
183.0 0.00291162379037
183.5 0.00302039098231
184.0 0.00263230419125
184.5 0.00234946805502
185.0 0.00217740271933
185.5 0.00176461187566
186.0 0.00164985260757
186.5 0.00130918947906
187.0 0.0013642215595
187.5 0.00114378148854
188.0 0.000732433670436
188.5 0.000399819690927
189.0 4.01824703715e-05
189.5 -0.000141172742218
190.0 -0.000459960344855
190.5 -0.00100479191568
191.0 -0.00129374552724
191.5 -0.00170646460607
192.0 -0.0021939000236
192.5 -0.00253265186829
193.0 -0.00304922986996
193.5 -0.00376296686258
194.0 -0.00471341189429
194.5 -0.00559567645432
195.0 -0.00659211898802
195.5 -0.00825440443731
196.0 -0.00953740818791
196.5 -0.0111786120528
197.0 -0.0129272301456
197.5 -0.0160055187714
198.0 -0.0219688832901
198.5 -0.0281836753709
199.0 -0.0442939794891
199.5 -0.0665372387564
