0.0 0.00252737805565
0.5 0.0171737048181
1.0 0.0232950254804
1.5 0.0184954695929
2.0 0.0148634470609
2.5 0.0116866098509
3.0 0.00949838675716
3.5 0.00720886582614
4.0 0.00561507232098
4.5 0.00392429276446
5.0 0.00220434118506
5.5 0.00050446826987
6.0 -0.000994484946919
6.5 -0.0023789852709
7.0 -0.00372807379926
7.5 -0.00510430930041
8.0 -0.00641585476504
8.5 -0.00775045282102
9.0 -0.00902785480084
9.5 -0.0103195222793
10.0 -0.0116344691708
10.5 -0.0128808855308
11.0 -0.0141509374852
11.5 -0.0154114499053
12.0 -0.0166752903118
12.5 -0.0179077606568
13.0 -0.0191333163008
13.5 -0.020363966151
14.0 -0.0215716794538
14.5 -0.0227434762547
15.0 -0.0238920399266
15.5 -0.0250511629364
16.0 -0.0261725698084
16.5 -0.0272443171316
17.0 -0.0283116669363
17.5 -0.0293584573515
18.0 -0.0303719932976
18.5 -0.0313423450502
19.0 -0.0322695089552
19.5 -0.0331866022257
20.0 -0.0340217863347
20.5 -0.0348182401078
21.0 -0.0355540828442
21.5 -0.0362349156968
22.0 -0.0368785742249
22.5 -0.0374637650655
23.0 -0.0380223763754
23.5 -0.0384884282819
24.0 -0.0388935709878
24.5 -0.039247122905
25.0 -0.0395143396737
25.5 -0.0397321900288
26.0 -0.0398955246056
26.5 -0.0399843338439
27.0 -0.0400158933822
27.5 -0.0399920046206
28.0 -0.0398781353289
28.5 -0.0397392319375
29.0 -0.039559621906
29.5 -0.0393394510966
30.0 -0.0390159903311
30.5 -0.0386442851024
31.0 -0.0382436657602
31.5 -0.0377867988089
32.0 -0.0372847929411
32.5 -0.0367536001923
33.0 -0.0361963670147
33.5 -0.0355934544517
34.0 -0.0349650877092
34.5 -0.0343214774331
35.0 -0.0336697988774
35.5 -0.032963703294
36.0 -0.0322412129804
36.5 -0.0315095026674
37.0 -0.0307728235155
37.5 -0.0300236983106
38.0 -0.0292497710774
38.5 -0.0284829002212
39.0 -0.0277155205039
39.5 -0.0269544018528
40.0 -0.02617806638
40.5 -0.0254145502025
41.0 -0.0246511666235
41.5 -0.0239076852936
42.0 -0.0231489184386
42.5 -0.0223996216374
43.0 -0.0216758248124
43.5 -0.0209435057148
44.0 -0.0202356110813
44.5 -0.0195477786724
45.0 -0.0188372860143
45.5 -0.018175082722
46.0 -0.0175196247397
46.5 -0.0168623443898
47.0 -0.016226461297
47.5 -0.0156028071702
48.0 -0.0150133595199
48.5 -0.0144198881523
49.0 -0.0138405424098
49.5 -0.0132749053396
50.0 -0.0127203543206
50.5 -0.0122005028161
51.0 -0.0116851982506
51.5 -0.0111842370784
52.0 -0.0107085923028
52.5 -0.0102254283467
53.0 -0.00978323457324
53.5 -0.00934794846708
54.0 -0.0089182577997
54.5 -0.00850507641721
55.0 -0.0080697952207
55.5 -0.00768559814343
56.0 -0.00733280624204
56.5 -0.00695232866738
57.0 -0.00660670172561
57.5 -0.00626180648804
58.0 -0.00596101360641
58.5 -0.00565456137101
59.0 -0.00533620502525
59.5 -0.0050517082335
60.0 -0.00476861249949
60.5 -0.00450462754887
61.0 -0.00421999914877
61.5 -0.00395336702728
62.0 -0.00371285135083
62.5 -0.00350832326642
63.0 -0.00327659318337
63.5 -0.0030422605235
64.0 -0.00285945531206
64.5 -0.00267792016779
65.0 -0.0024810264918
65.5 -0.00231128127871
66.0 -0.00212229150977
66.5 -0.00190944593287
67.0 -0.00174401288582
67.5 -0.00162428021995
68.0 -0.001464456632
68.5 -0.00132859470796
69.0 -0.00122798732431
69.5 -0.00112305588762
70.0 -0.0009313173483
70.5 -0.000837218408844
71.0 -0.000737701756583
71.5 -0.000620238979554
72.0 -0.00052942608488
72.5 -0.000421499069258
73.0 -0.000350054113767
73.5 -0.000287749809621
74.0 -0.000206359874458
74.5 -0.000135939855003
75.0 -8.59419198473e-05
75.5 3.5755762255e-05
76.0 9.23947965781e-05
76.5 0.00016901184981
77.0 0.000199903758
77.5 0.000264473875523
78.0 0.000358648672286
78.5 0.000365832173124
79.0 0.000395634675279
79.5 0.00043843541957
80.0 0.000466312683542
80.5 0.00048843549334
81.0 0.000499319190611
81.5 0.000543999038765
82.0 0.000600404648786
82.5 0.00064476627842
83.0 0.000640494845769
83.5 0.00067432063371
84.0 0.00067452980586
84.5 0.000659737893212
85.0 0.000674339853308
85.5 0.000660882617925
86.0 0.000701106450428
86.5 0.000659585047099
87.0 0.000646845143368
87.5 0.000659300293236
88.0 0.000602149025163
88.5 0.000624755175679
89.0 0.000716976954116
89.5 0.000662328856816
90.0 0.000628676671404
90.5 0.000555279015629
91.0 0.000555853460707
91.5 0.000545257807364
92.0 0.000484208616161
92.5 0.000513698883797
93.0 0.000481574610379
93.5 0.00036360247584
94.0 0.000459966876097
94.5 0.000440172913102
95.0 0.00037024517307
95.5 0.000378834638763
96.0 0.000269401937611
96.5 0.000255683077317
97.0 0.000191737332194
97.5 0.000170826183847
98.0 0.000201165996046
98.5 0.000165492712785
99.0 8.03811452386e-05
99.5 -4.8096981299e-05
100.0 -1.07790253061e-05
100.5 -0.000119037495367
101.0 -0.000297862582194
101.5 -0.00032402025775
102.0 -0.000359133344112
102.5 -0.000397581743954
103.0 -0.000412535366429
103.5 -0.00052275302405
104.0 -0.000568469947254
104.5 -0.000678623618867
105.0 -0.000886029256627
105.5 -0.000959437954343
106.0 -0.000918191535987
106.5 -0.000954708179343
107.0 -0.00103314233669
107.5 -0.00128608924567
108.0 -0.0014883224263
108.5 -0.00162237691855
109.0 -0.00180706037612
109.5 -0.00178549782606
110.0 -0.00182499974711
110.5 -0.00187725309211
111.0 -0.00195917526938
111.5 -0.00229320173435
112.0 -0.00217355097655
112.5 -0.00217498118335
113.0 -0.00238446258226
113.5 -0.0027150305456
114.0 -0.00259493657312
114.5 -0.00261649016996
115.0 -0.00248486028948
115.5 -0.00195541950615
116.0 -0.00229355661503
116.5 -0.00226517319872
117.0 -0.00225246905453
117.5 -0.00244536595031
118.0 -0.00237810382379
118.5 -0.00024363028291
119.0 0.00225067520348
119.5 0.00836265011782
120.0 0.00966471174635
120.5 0.005654213032
121.0 0.000597784426404
121.5 -0.00356601051666
122.0 -0.00534590723578
122.5 -0.00658322326912
123.0 -0.00733962311695
123.5 -0.00615347886331
124.0 -0.00496985733368
124.5 -0.00500884535533
125.0 -0.00528980167046
125.5 -0.00510029582676
126.0 -0.00549335889723
126.5 -0.00521712465817
127.0 -0.00516103313068
127.5 -0.0053566927271
128.0 -0.00504593912741
128.5 -0.00474908011339
129.0 -0.00457405112282
129.5 -0.00388658848283
130.0 -0.00362340795204
130.5 -0.00450728716008
131.0 -0.00413734547529
131.5 -0.00333873046271
132.0 -0.00344624651066
132.5 -0.00334289688097
133.0 -0.00300038532118
133.5 -0.00272082598394
134.0 -0.00242633089419
134.5 -0.00222784187935
135.0 -0.00255759389288
135.5 -0.00222156010346
136.0 -0.00209638327949
136.5 -0.00199489964952
137.0 -0.0018298047697
137.5 -0.00186534392493
138.0 -0.00171903995926
138.5 -0.00161615272285
139.0 -0.00147144335845
139.5 -0.00135721704985
140.0 -0.00127925520332
140.5 -0.00118713891172
141.0 -0.00101655702326
141.5 -0.000992549318525
142.0 -0.000847603100688
142.5 -0.000813373616248
143.0 -0.00068740658188
143.5 -0.000603173942224
144.0 -0.000576329989483
144.5 -0.000454873838425
145.0 -0.000408680269508
145.5 -0.000325500308763
146.0 -0.000237171511089
146.5 -9.1831228672e-05
147.0 -0.000181416591929
147.5 -0.000208373016999
148.0 -0.000198132227388
148.5 -0.000134258305083
149.0 4.43079287149e-07
149.5 0.000102742895594
150.0 0.000188129625994
150.5 0.000262713032732
151.0 0.000352171179277
151.5 0.000506414494561
152.0 0.00039942976115
152.5 0.000361397319727
153.0 0.00048943689349
153.5 0.000655867688073
154.0 0.000724529021559
154.5 0.000587681439194
155.0 0.000663116520506
155.5 0.000809692413076
156.0 0.00101637493488
156.5 0.000911383782686
157.0 0.000775807373003
157.5 0.000811993789416
158.0 0.000919003227942
158.5 0.00108605251536
159.0 0.00118429710013
159.5 0.00127694469654
160.0 0.00137902034411
160.5 0.00114664678204
161.0 0.00141725283333
161.5 0.00157878597922
162.0 0.00156687710987
162.5 0.00159902458801
163.0 0.00154279772869
163.5 0.00156451751236
164.0 0.00174252867149
164.5 0.00185646845132
165.0 0.00211262925892
165.5 0.00218849544867
166.0 0.00210130892444
166.5 0.00219854474643
167.0 0.00220585153114
167.5 0.00247220870058
168.0 0.00266638174779
168.5 0.00272925078296
169.0 0.00274648811259
169.5 0.00285765087639
170.0 0.00301916828588
170.5 0.00306485599833
171.0 0.00325949600492
171.5 0.00303631918966
172.0 0.00337924787529
172.5 0.00395184353107
173.0 0.00381874997194
173.5 0.00372498751351
174.0 0.00413023381816
174.5 0.00431823684386
175.0 0.00467635525681
175.5 0.00439185390579
176.0 0.00478363558548
176.5 0.00408857219357
177.0 0.00458926454905
177.5 0.00653012392767
178.0 0.0034642337035
178.5 0.00335810216926
179.0 -0.00119817955108
179.5 -0.00609671624338
180.0 -0.00564352826098
180.5 -0.00373026060606
181.0 0.000233501670124
181.5 0.00252207662717
182.0 0.00206030716554
182.5 0.00198758333583
183.0 0.00207472873318
183.5 0.00261233605879
184.0 0.00198967999026
184.5 0.00193031058797
185.0 0.0026893888398
185.5 0.00218092342594
186.0 0.00218053721856
186.5 0.0021538039758
187.0 0.00203748686523
187.5 0.00181411507879
188.0 0.00155304879198
188.5 0.00148340129464
189.0 0.00110892156246
189.5 0.000802120093141
190.0 0.000660246479327
190.5 0.000234501047231
191.0 -4.24703241606e-05
191.5 -0.0004268626992
192.0 -0.000800762033677
192.5 -0.0010142954978
193.0 -0.00147923127086
193.5 -0.00186119763542
194.0 -0.00268794690598
194.5 -0.00333990774179
195.0 -0.00396003302737
195.5 -0.00537923035969
196.0 -0.00595999469984
196.5 -0.00796834341757
197.0 -0.00958684814734
197.5 -0.0104622526865
198.0 -0.0133302627366
198.5 -0.0184350567939
199.0 -0.0286888112458
199.5 -0.04344412421
