0.0 -9.43849337709e-06
0.5 0.0211189502015
1.0 0.0210071530458
1.5 0.0147733872497
2.0 0.0106941467811
2.5 0.007161212381
3.0 0.00470113197793
3.5 0.00248752852854
4.0 0.000494799661453
4.5 -0.00127264724478
5.0 -0.00334099841065
5.5 -0.00478234531863
6.0 -0.00627211199472
6.5 -0.00773467069551
7.0 -0.00904941570799
7.5 -0.0104289740795
8.0 -0.0116799997356
8.5 -0.0129460524485
9.0 -0.0143079370718
9.5 -0.0155009104138
10.0 -0.0167068830962
10.5 -0.017881401686
11.0 -0.0190587910473
11.5 -0.0202241584975
12.0 -0.0213186828028
12.5 -0.0224213866013
13.0 -0.0234913739786
13.5 -0.0245355574905
14.0 -0.0256105181011
14.5 -0.0265731689049
15.0 -0.0275005134321
15.5 -0.0284167356028
16.0 -0.0292810757713
16.5 -0.0301117527504
17.0 -0.0308756845965
17.5 -0.0316134286627
18.0 -0.0323159232613
18.5 -0.0329758134008
19.0 -0.0335574307647
19.5 -0.0340973294231
20.0 -0.034568460626
20.5 -0.0350024877455
21.0 -0.0353709325497
21.5 -0.0356627610678
22.0 -0.035913729045
22.5 -0.0361151304657
23.0 -0.036245775485
23.5 -0.0363392158651
24.0 -0.0363714106553
24.5 -0.0363683654022
25.0 -0.0362678455657
25.5 -0.0361240807952
26.0 -0.0359405373753
26.5 -0.03570452555
27.0 -0.0354333578633
27.5 -0.0350921739421
28.0 -0.0347264971442
28.5 -0.0343499505045
29.0 -0.0339043745738
29.5 -0.0334495744148
30.0 -0.0329489717615
30.5 -0.0324120108385
31.0 -0.031854651883
31.5 -0.0312760353234
32.0 -0.0306750556832
32.5 -0.030051978903
33.0 -0.0294172499732
33.5 -0.0287837782801
34.0 -0.0281158304954
34.5 -0.0274654257405
35.0 -0.0267988267018
35.5 -0.0261209643985
36.0 -0.0254389661819
36.5 -0.0247502315027
37.0 -0.0240733904521
37.5 -0.0233985775448
38.0 -0.0227082265265
38.5 -0.0220390492697
39.0 -0.0213626519768
39.5 -0.020708484408
40.0 -0.020065544373
40.5 -0.0194107969545
41.0 -0.0187691762035
41.5 -0.0181481820032
42.0 -0.017534025097
42.5 -0.0169216593345
43.0 -0.0163183790779
43.5 -0.0157368396657
44.0 -0.0151708637691
44.5 -0.0145957756003
45.0 -0.0140549792619
45.5 -0.0135153107911
46.0 -0.0129818085719
46.5 -0.012474890661
47.0 -0.0119809803977
47.5 -0.0114841603788
48.0 -0.0110193913428
48.5 -0.0105608764605
49.0 -0.0101244924384
49.5 -0.00968546208886
50.0 -0.00925038034085
50.5 -0.00884251018778
51.0 -0.00844872014662
51.5 -0.00806005213945
52.0 -0.00769929505476
52.5 -0.00733817622866
53.0 -0.00699622614076
53.5 -0.00665552802529
54.0 -0.00632827342041
54.5 -0.00600756515638
55.0 -0.0056715560749
55.5 -0.00539852827513
56.0 -0.00510617177155
56.5 -0.00482866006089
57.0 -0.00455973796917
57.5 -0.00429601394355
58.0 -0.00407003957722
58.5 -0.00383533672773
59.0 -0.00358895438121
59.5 -0.00338015707643
60.0 -0.00316331791865
60.5 -0.00295221814322
61.0 -0.0027712689877
61.5 -0.00256181099339
62.0 -0.00235618378851
62.5 -0.00218744595331
63.0 -0.00204647421487
63.5 -0.00188832686103
64.0 -0.0017283721563
64.5 -0.00160606317998
65.0 -0.00142199613827
65.5 -0.00129066969152
66.0 -0.00116392593262
66.5 -0.00105106052489
67.0 -0.000912571477171
67.5 -0.00082274479572
68.0 -0.00070218830145
68.5 -0.000595153878189
69.0 -0.00050673456458
69.5 -0.000437008360338
70.0 -0.000360280863495
70.5 -0.000258895809687
71.0 -0.000183949517755
71.5 -6.70540134227e-05
72.0 6.92549647674e-06
72.5 7.5761050935e-05
73.0 0.000118579378618
73.5 0.000153782055559
74.0 0.000208360037584
74.5 0.000253489826136
75.0 0.000298952275021
75.5 0.000331543953706
76.0 0.000384460917902
76.5 0.000422180396395
77.0 0.000497822289537
77.5 0.000547168538827
78.0 0.000567423609258
78.5 0.000554188282402
79.0 0.000547060093954
79.5 0.00063872374966
80.0 0.000619678660611
80.5 0.000614784392075
81.0 0.000615719728616
81.5 0.000660545659098
82.0 0.000708086005439
82.5 0.000717725699115
83.0 0.000694417797053
83.5 0.000723351721419
84.0 0.000721010289322
84.5 0.000682320332917
85.0 0.000654242310912
85.5 0.00058304844773
86.0 0.000698934504531
86.5 0.000630462205805
87.0 0.000576211163519
87.5 0.000597827404928
88.0 0.000624175020455
88.5 0.000658518245931
89.0 0.000597021182458
89.5 0.000632981601097
90.0 0.000583708802115
90.5 0.000491974678361
91.0 0.000401396344696
91.5 0.000465657871331
92.0 0.000480684061728
92.5 0.000405858517755
93.0 0.000321533735171
93.5 0.000312862164439
94.0 0.00032458768019
94.5 0.000280103609128
95.0 0.00034952030412
95.5 0.00027056774876
96.0 0.000156717465575
96.5 0.000165009777266
97.0 -9.77892675991e-06
97.5 -9.57622971001e-05
98.0 -6.83429955117e-05
98.5 -9.57255068279e-05
99.0 -0.000131316266749
99.5 -0.000350446953881
100.0 -0.000351277830774
100.5 -0.000440391427887
101.0 -0.000397375601096
101.5 -0.000546221164178
102.0 -0.000545961140389
102.5 -0.000662401812662
103.0 -0.000717202854254
103.5 -0.000692341085355
104.0 -0.000739668820465
104.5 -0.00084413672419
105.0 -0.00112321401073
105.5 -0.00132913944319
106.0 -0.00120411351989
106.5 -0.00149100606701
107.0 -0.00134539085473
107.5 -0.00151080239739
108.0 -0.00187364986093
108.5 -0.00192083197262
109.0 -0.0019295134943
109.5 -0.00209311090946
110.0 -0.00224525342669
110.5 -0.00182001775752
111.0 -0.00232206746069
111.5 -0.0025951878905
112.0 -0.00296128074203
112.5 -0.00320755511137
113.0 -0.00325621070454
113.5 -0.00345241093844
114.0 -0.00300496569419
114.5 -0.00310567731132
115.0 -0.00340459511541
115.5 -0.00336223864477
116.0 -0.00338988906749
116.5 -0.00330921665507
117.0 -0.00301859197437
117.5 -0.00415719081747
118.0 -0.00405986620342
118.5 -0.00390691799775
119.0 -0.00141218706391
119.5 0.00622509776056
120.0 0.00770088264683
120.5 0.00744726352653
121.0 0.00558043382809
121.5 0.00190691914999
122.0 -0.00233622944029
122.5 -0.00393618202803
123.0 -0.0047603606848
123.5 -0.00525283044011
124.0 -0.00532308299594
124.5 -0.0043962100153
125.0 -0.0051288636073
125.5 -0.00419579546414
126.0 -0.00439426896045
126.5 -0.00459526872524
127.0 -0.00465840989374
127.5 -0.00421727767973
128.0 -0.00385996731178
128.5 -0.00383108675319
129.0 -0.00365927884281
129.5 -0.00372900800019
130.0 -0.00328077741251
130.5 -0.00327663183738
131.0 -0.00274692765979
131.5 -0.00313983443598
132.0 -0.00322010283065
132.5 -0.00292381989863
133.0 -0.00251430020893
133.5 -0.00230382526249
134.0 -0.00210802450377
134.5 -0.00197323786609
135.0 -0.00186762013945
135.5 -0.00163802652567
136.0 -0.00152677827592
136.5 -0.00145900466141
137.0 -0.00129058191864
137.5 -0.00125075251193
138.0 -0.00105575842457
138.5 -0.000931378339899
139.0 -0.000866273577707
139.5 -0.0010821794603
140.0 -0.000918190009976
140.5 -0.000760324125228
141.0 -0.000606975868614
141.5 -0.000614412526495
142.0 -0.000478104711032
142.5 -0.000434643313696
143.0 -0.000329661794286
143.5 -0.000264512140289
144.0 -0.00024943439896
144.5 -0.000119504261447
145.0 -9.35817693808e-05
145.5 -4.31524360804e-05
146.0 -3.53464624681e-06
146.5 2.46730557727e-05
147.0 8.54104102825e-05
147.5 0.000154008453586
148.0 0.000269772986867
148.5 0.00040295254655
149.0 0.000433623650454
149.5 0.000487114842125
150.0 0.000546352987877
150.5 0.000604129379969
151.0 0.000673928832349
151.5 0.000738072259903
152.0 0.000787957895105
152.5 0.000812251414798
153.0 0.000880757428233
153.5 0.000948891087091
154.0 0.0009939963247
154.5 0.00106926110429
155.0 0.00112350735944
155.5 0.0011584266705
156.0 0.00124771140841
156.5 0.00131456728102
157.0 0.0014325771035
157.5 0.00153351681698
158.0 0.00163832377526
158.5 0.00174038384514
159.0 0.00165757960632
159.5 0.00159219445225
160.0 0.00156550174777
160.5 0.0017497239876
161.0 0.00198198355632
161.5 0.00216531001798
162.0 0.0019972896902
162.5 0.00216257473767
163.0 0.00243608704168
163.5 0.00254071606513
164.0 0.00250607953976
164.5 0.00252783511728
165.0 0.00270494638258
165.5 0.00270818599771
166.0 0.0026405828626
166.5 0.00283953053108
167.0 0.00288472270173
167.5 0.00320108991718
168.0 0.00346487710151
168.5 0.0035474077774
169.0 0.00365006817302
169.5 0.00373796952091
170.0 0.00348162277811
170.5 0.00395253062871
171.0 0.00420744342557
171.5 0.00432298553378
172.0 0.00448392886108
172.5 0.00485315234025
173.0 0.0047207069688
173.5 0.00459282913064
174.0 0.00509318597251
174.5 0.00542479384524
175.0 0.0055499181027
175.5 0.00400439871464
176.0 0.00458025765343
176.5 0.00536103815452
177.0 0.00597692987191
177.5 0.00701401797373
178.0 0.00565540900782
178.5 0.00350009652583
179.0 -0.000372044264537
179.5 -0.00271827890371
180.0 -0.00219732417889
180.5 -0.00354568616675
181.0 -0.00192346973311
181.5 0.000456515192965
182.0 0.000463016781907
182.5 0.00194516640661
183.0 0.00137742873352
183.5 0.00132188677694
184.0 0.000880274296364
184.5 0.00083275086817
185.0 0.00156054974208
185.5 0.00105543795533
186.0 0.00111743558547
186.5 0.00110110840505
187.0 0.000976123400278
187.5 0.00081996963786
188.0 0.000589184634705
188.5 0.000507970941669
189.0 0.000128668278379
189.5 -0.000124831306366
190.0 -0.000148242696511
190.5 -0.000609497864247
191.0 -0.00080262656796
191.5 -0.00108527728774
192.0 -0.00151826009531
192.5 -0.00177041870901
193.0 -0.00222999233011
193.5 -0.00269877062831
194.0 -0.00323045019599
194.5 -0.00389158167215
195.0 -0.00487447590487
195.5 -0.00625075755815
196.0 -0.0071394247144
196.5 -0.00829461285231
197.0 -0.00982236400645
197.5 -0.0109255648057
198.0 -0.0139109857125
198.5 -0.0191953682903
199.0 -0.0298021348376
199.5 -0.0461865874987
