0.0 -0.00247104074628
0.5 0.0177721822009
1.0 0.0150993949522
1.5 0.00942872735554
2.0 0.00573058952993
2.5 0.00214273102198
3.0 -0.000415948867492
3.5 -0.00222700598205
4.0 -0.00395159751465
4.5 -0.00558440378429
5.0 -0.00757965237404
5.5 -0.00891218388358
6.0 -0.010262645813
6.5 -0.0115984585811
7.0 -0.012772763902
7.5 -0.0140754257864
8.0 -0.0153109727917
8.5 -0.0163856564666
9.0 -0.0174573457337
9.5 -0.0185201088163
10.0 -0.019556063406
10.5 -0.0205387143052
11.0 -0.0215137941183
11.5 -0.0224534170239
12.0 -0.0233035735076
12.5 -0.0241496054775
13.0 -0.0249591704119
13.5 -0.0257343474789
14.0 -0.0264768248809
14.5 -0.0271598544033
15.0 -0.0277726097329
15.5 -0.0284185333582
16.0 -0.0289650236641
16.5 -0.0294307415648
17.0 -0.0298809970593
17.5 -0.0303051136394
18.0 -0.0306518988123
18.5 -0.0309714192078
19.0 -0.0312491244731
19.5 -0.0314493344033
20.0 -0.0315824402608
20.5 -0.0317264251088
21.0 -0.0317906912808
21.5 -0.0317855853036
22.0 -0.0317531515808
22.5 -0.0316715402747
23.0 -0.0315636077037
23.5 -0.0314183367836
24.0 -0.0312403357564
24.5 -0.031041441912
25.0 -0.0307518038283
25.5 -0.030449630819
26.0 -0.0301296333954
26.5 -0.0297723256113
27.0 -0.0293866662726
27.5 -0.0289808795014
28.0 -0.0285257342685
28.5 -0.0280774733881
29.0 -0.0276353312151
29.5 -0.0271806772843
30.0 -0.0266695560877
30.5 -0.0261487661403
31.0 -0.025636967181
31.5 -0.0251016264987
32.0 -0.0245543960749
32.5 -0.024012647513
33.0 -0.0234712548148
33.5 -0.0229041242568
34.0 -0.022357872797
34.5 -0.0218066751122
35.0 -0.0212487570057
35.5 -0.0206947623887
36.0 -0.0201572018248
36.5 -0.0196092868132
37.0 -0.0190515045478
37.5 -0.0185047213891
38.0 -0.0179712342972
38.5 -0.0174524168991
39.0 -0.0169143428382
39.5 -0.016401746738
40.0 -0.015911656072
40.5 -0.0154058267357
41.0 -0.0149043442388
41.5 -0.0144266828908
42.0 -0.013955254363
42.5 -0.0134819581784
43.0 -0.0130157875699
43.5 -0.0125713927489
44.0 -0.0121437181313
44.5 -0.0117030899575
45.0 -0.0112909270878
45.5 -0.0108746080145
46.0 -0.0104588855069
46.5 -0.0100828845017
47.0 -0.00970251992583
47.5 -0.00931777211248
48.0 -0.00897484411689
48.5 -0.00862370163012
49.0 -0.00828222038123
49.5 -0.00796850045803
50.0 -0.00760099006884
50.5 -0.00729584318175
51.0 -0.00700626248483
51.5 -0.00670112877673
52.0 -0.00642692519823
52.5 -0.00614251688733
53.0 -0.00587407658511
53.5 -0.0056204747916
54.0 -0.00537402605122
54.5 -0.00512135693353
55.0 -0.00485993313514
55.5 -0.00462127686129
56.0 -0.00441724100078
56.5 -0.00416770511791
57.0 -0.00396940791291
57.5 -0.00378271894742
58.0 -0.00359225177532
58.5 -0.00341080578469
59.0 -0.00322347125999
59.5 -0.0030463742198
60.0 -0.00287459685104
60.5 -0.00268227673742
61.0 -0.00253611895863
61.5 -0.00238371142948
62.0 -0.00224677580655
62.5 -0.0021296493886
63.0 -0.00199108023025
63.5 -0.00186403315021
64.0 -0.00174003126343
64.5 -0.00159739105702
65.0 -0.00150595682328
65.5 -0.00140397284405
66.0 -0.00128802850574
66.5 -0.00117993922454
67.0 -0.00108713491887
67.5 -0.00100537063344
68.0 -0.000918111345436
68.5 -0.000843581157413
69.0 -0.000777748078246
69.5 -0.000727218456131
70.0 -0.000659946085239
70.5 -0.000565125736797
71.0 -0.000478869831626
71.5 -0.000406620126089
72.0 -0.000333619856933
72.5 -0.000283586964335
73.0 -0.000279162378815
73.5 -0.000226919933334
74.0 -0.000209676866314
74.5 -0.000168596463364
75.0 -0.000103487262709
75.5 -6.21401617771e-05
76.0 -2.49938928736e-05
76.5 1.13920516043e-05
77.0 6.49149192427e-05
77.5 7.87365598658e-05
78.0 8.98554931332e-05
78.5 0.000126430186592
79.0 9.38250606772e-05
79.5 7.21379329391e-05
80.0 0.000166837327695
80.5 0.000141435778525
81.0 0.000165255801145
81.5 0.000156936060868
82.0 0.000185575980741
82.5 0.000205030656396
83.0 0.000204019572688
83.5 0.000200347542442
84.0 0.000199745177952
84.5 0.000149097874797
85.0 0.000186678446038
85.5 9.37897593332e-05
86.0 0.00015147554409
86.5 9.21027426486e-05
87.0 7.49341969133e-05
87.5 8.2470909085e-05
88.0 6.21196713908e-05
88.5 9.95903918053e-05
89.0 7.63912322022e-05
89.5 7.67383495308e-05
90.0 5.80146226419e-05
90.5 -2.00171608675e-05
91.0 -0.000114908533611
91.5 -0.000118308005199
92.0 -0.000154301976032
92.5 -0.000159296954379
93.0 -0.000232192531236
93.5 -0.000315463588066
94.0 -0.000161608173787
94.5 -0.000223335580042
95.0 -0.000271594261257
95.5 -0.000408984394731
96.0 -0.000489102388567
96.5 -0.000563365165583
97.0 -0.000615009730915
97.5 -0.000571888306432
98.0 -0.000595865337488
98.5 -0.000697900148232
99.0 -0.000686078541818
99.5 -0.000844639115979
100.0 -0.000821121627194
100.5 -0.0010107631792
101.0 -0.00105385411668
101.5 -0.00114728256091
102.0 -0.0011132456322
102.5 -0.00120729486672
103.0 -0.00135850982744
103.5 -0.0015168615169
104.0 -0.00162363242926
104.5 -0.00169845406371
105.0 -0.00185104250209
105.5 -0.00172717964429
106.0 -0.00181511966612
106.5 -0.00198269390302
107.0 -0.00202484259911
107.5 -0.00224490070097
108.0 -0.00262423282295
108.5 -0.00288102037571
109.0 -0.00291415636651
109.5 -0.00294937832597
110.0 -0.00327887853698
110.5 -0.00298584181717
111.0 -0.00325140500402
111.5 -0.00378116979962
112.0 -0.00393853683426
112.5 -0.00416493911384
113.0 -0.00435814718912
113.5 -0.00477707005444
114.0 -0.00477434745093
114.5 -0.00455485643866
115.0 -0.00530694079875
115.5 -0.00465404641719
116.0 -0.00475438693316
116.5 -0.00485430556564
117.0 -0.00538270309441
117.5 -0.00509001382058
118.0 -0.00516969260454
118.5 -0.00456235260819
119.0 -0.00165325574437
119.5 0.00829878410396
120.0 0.0114293487617
120.5 0.00896744228631
121.0 0.00352407599867
121.5 0.000255415168496
122.0 -0.00222022203559
122.5 -0.00391264495973
123.0 -0.00309006403532
123.5 -0.00295227915176
124.0 -0.00272356359
124.5 -0.0029818493271
125.0 -0.00297391646573
125.5 -0.0042137984923
126.0 -0.00434740621658
126.5 -0.00409131084926
127.0 -0.00381590829073
127.5 -0.00353565640864
128.0 -0.00330201626579
128.5 -0.00299885741997
129.0 -0.00278747524805
129.5 -0.00350543792443
130.0 -0.00325795458082
130.5 -0.00304390575662
131.0 -0.00277710111149
131.5 -0.00213691300043
132.0 -0.00238909321433
132.5 -0.0023854904084
133.0 -0.00199969661575
133.5 -0.00186090852981
134.0 -0.00178006201492
134.5 -0.00170354030843
135.0 -0.00160516910285
135.5 -0.00142635618631
136.0 -0.00135676056393
136.5 -0.00124354502409
137.0 -0.000907734209434
137.5 -0.00109610644157
138.0 -0.00113213539146
138.5 -0.000983434325594
139.0 -0.000793904887583
139.5 -0.000574271004581
140.0 -0.000823677100119
140.5 -0.00072066743823
141.0 -0.000564983133966
141.5 -0.000392454501092
142.0 -0.000430078875603
142.5 -0.000475144234573
143.0 -0.000229567458758
143.5 -0.000146726534634
144.0 -0.000295068415559
144.5 -0.000153852475391
145.0 -0.000135249768279
145.5 -0.000101858881217
146.0 -0.000112169778239
146.5 -9.86207393785e-05
147.0 4.89889998834e-06
147.5 0.000110807266775
148.0 0.000186388958672
148.5 0.000356991086129
149.0 0.00046987440548
149.5 0.000290248234499
150.0 0.000269127036165
150.5 0.000315730622829
151.0 0.000417217085417
151.5 0.000490786335635
152.0 0.00055283133273
152.5 0.000588595609514
153.0 0.000660664756269
153.5 0.000744033750664
154.0 0.000850474862368
154.5 0.000954746289406
155.0 0.000794759527354
155.5 0.000882694247622
156.0 0.00113947103503
156.5 0.00103308470714
157.0 0.000900705322699
157.5 0.000952241636632
158.0 0.00104584501701
158.5 0.00118202162507
159.0 0.00125380451152
159.5 0.0013274962031
160.0 0.00150832366733
160.5 0.00153516321073
161.0 0.0013351334333
161.5 0.00155445482244
162.0 0.00169994673318
162.5 0.00160996284618
163.0 0.00165518554686
163.5 0.0018839065096
164.0 0.0020175908224
164.5 0.00202753957394
165.0 0.00190128547634
165.5 0.00209297479117
166.0 0.00221694662452
166.5 0.0024694330229
167.0 0.00248721070144
167.5 0.00243690554546
168.0 0.00253750661322
168.5 0.00277214643734
169.0 0.0028755941761
169.5 0.00304356900481
170.0 0.00329527450299
170.5 0.00338969434966
171.0 0.00293936605175
171.5 0.00320536520499
172.0 0.00345683973781
172.5 0.00380641189109
173.0 0.00408406587097
173.5 0.0042295934804
174.0 0.0044465966226
174.5 0.00464161148956
175.0 0.00468380085323
175.5 0.00307695538226
176.0 0.00351529033983
176.5 0.00402979366191
177.0 0.00448441619687
177.5 0.00479158805068
178.0 0.00404042876917
178.5 0.000775676365606
179.0 -0.00264478477682
179.5 -0.00581885759783
180.0 -0.00546821243351
180.5 -0.00553771127517
181.0 -0.00180609394418
181.5 0.00128591200871
182.0 0.00178154246215
182.5 0.00275762516561
183.0 0.00237020352243
183.5 0.00255384462021
184.0 0.00229146048295
184.5 0.00192230136211
185.0 0.00163169555069
185.5 0.00201512965688
186.0 0.00176389317978
186.5 0.00153128695084
187.0 0.00132292101347
187.5 0.00103293106268
188.0 0.000597775430251
188.5 0.000409124856731
189.0 0.00018459604496
189.5 -0.000226342651246
190.0 -0.000558741641143
190.5 -0.00104945511232
191.0 -0.00136155377065
191.5 -0.00181420789642
192.0 -0.00228324283087
192.5 -0.00265370232104
193.0 -0.0032625548433
193.5 -0.00392226270242
194.0 -0.00469428360357
194.5 -0.00561438403935
195.0 -0.0065912142062
195.5 -0.00833901360765
196.0 -0.00974408963241
196.5 -0.0114994200867
197.0 -0.0138579460794
197.5 -0.0162686164104
198.0 -0.0218802046134
198.5 -0.0298001168076
199.0 -0.0453735505289
199.5 -0.0710082984865
