0.0 0.00522437484953
0.5 0.0221746609603
1.0 0.0316913369574
1.5 0.0263610163057
2.0 0.0224763950222
2.5 0.0190075780298
3.0 0.0165741987542
3.5 0.014757628886
4.0 0.0129181047076
4.5 0.0111848210512
5.0 0.00947184830739
5.5 0.00792876401739
6.0 0.00639762550606
6.5 0.00496410815305
7.0 0.00354840483069
7.5 0.00206164874455
8.0 0.000796812676644
8.5 -0.000512149496746
9.0 -0.00180479674778
9.5 -0.00311439366702
10.0 -0.00443909002751
10.5 -0.00579711823993
11.0 -0.00710386172129
11.5 -0.0083944110443
12.0 -0.00969277951928
12.5 -0.0110044651095
13.0 -0.012310661143
13.5 -0.0136067103615
14.0 -0.0149016406423
14.5 -0.0162303438548
15.0 -0.0175043969115
15.5 -0.0188014535982
16.0 -0.0200520899478
16.5 -0.0213045745526
17.0 -0.0225697928102
17.5 -0.0238405599573
18.0 -0.0250547502393
18.5 -0.0262714301029
19.0 -0.0274469905575
19.5 -0.0286069062785
20.0 -0.0297427468527
20.5 -0.0308469926242
21.0 -0.0318975934674
21.5 -0.0329353503318
22.0 -0.0339495239191
22.5 -0.0348888084361
23.0 -0.0358251595337
23.5 -0.036687408119
24.0 -0.0375093213928
24.5 -0.0383053752776
25.0 -0.0390023933501
25.5 -0.0396532599148
26.0 -0.0402610857176
26.5 -0.0407965658758
27.0 -0.0412660427327
27.5 -0.0416778431242
28.0 -0.0420329444184
28.5 -0.0423421212875
29.0 -0.0425799139475
29.5 -0.0427567629627
30.0 -0.0428431533664
30.5 -0.0428700268193
31.0 -0.0428461538476
31.5 -0.0427367074087
32.0 -0.0425590620616
32.5 -0.0423378608427
33.0 -0.0420657306223
33.5 -0.0417197395906
34.0 -0.0413649275117
34.5 -0.0409320444953
35.0 -0.0404379214208
35.5 -0.0399021463407
36.0 -0.039343594123
36.5 -0.038734345595
37.0 -0.0380757235397
37.5 -0.0373917535115
38.0 -0.0366824658227
38.5 -0.0359499144033
39.0 -0.0351999794698
39.5 -0.0344515585256
40.0 -0.0336462297702
40.5 -0.0328303270705
41.0 -0.032017651276
41.5 -0.0312050655414
42.0 -0.0303678677624
42.5 -0.0295219509112
43.0 -0.0286904707485
43.5 -0.0278665473193
44.0 -0.0270406764775
44.5 -0.0262100185995
45.0 -0.0253786062397
45.5 -0.0245742825535
46.0 -0.0237645270693
46.5 -0.0229819470453
47.0 -0.0222145610305
47.5 -0.0214447457163
48.0 -0.0207031589104
48.5 -0.0199603321826
49.0 -0.0192453956261
49.5 -0.0185474513381
50.0 -0.0178169219728
50.5 -0.0171421158306
51.0 -0.0164862032365
51.5 -0.0158593595596
52.0 -0.0152322865401
52.5 -0.0145982929474
53.0 -0.0140152371008
53.5 -0.0134597587419
54.0 -0.0129036677768
54.5 -0.0123687486904
55.0 -0.0118135097896
55.5 -0.0113052767345
56.0 -0.0108395165465
56.5 -0.0103493530711
57.0 -0.00989044370882
57.5 -0.00943729540662
58.0 -0.00901655462178
58.5 -0.00863669952638
59.0 -0.00821156017159
59.5 -0.00781084313945
60.0 -0.00743051038835
60.5 -0.00703831984189
61.0 -0.0066930488629
61.5 -0.0063616095405
62.0 -0.00605682148529
62.5 -0.00574154158705
63.0 -0.00545363708173
63.5 -0.00514943656592
64.0 -0.00487373108222
64.5 -0.00460627428359
65.0 -0.00438160559697
65.5 -0.00410103000906
66.0 -0.00387004921833
66.5 -0.00362849304845
67.0 -0.00340814842015
67.5 -0.003206952542
68.0 -0.00301130636426
68.5 -0.00285508446686
69.0 -0.00270758324763
69.5 -0.00251634423186
70.0 -0.00230607884846
70.5 -0.00215100223381
71.0 -0.0020245987923
71.5 -0.00186846088023
72.0 -0.00166946129786
72.5 -0.00154621293769
73.0 -0.00148233449564
73.5 -0.0013649910716
74.0 -0.00127819386262
74.5 -0.00112279818489
75.0 -0.00105452732972
75.5 -0.00092756975285
76.0 -0.000844842903353
76.5 -0.000753994665025
77.0 -0.00066572317297
77.5 -0.000589519358922
78.0 -0.000509817807812
78.5 -0.000423016854921
79.0 -0.000357258874185
79.5 -0.000355395148665
80.0 -0.000321512726165
80.5 -0.000253177231079
81.0 -0.0001205417972
81.5 -8.85448656831e-05
82.0 -5.17801506348e-05
82.5 -2.95318792851e-05
83.0 1.51226372473e-05
83.5 2.73843260885e-05
84.0 1.34095539082e-05
84.5 2.74526318158e-05
85.0 4.75833383362e-05
85.5 2.59177680597e-05
86.0 0.000148412724197
86.5 0.000136039213064
87.0 0.000135060798367
87.5 0.000200801843409
88.0 0.000183991246036
88.5 0.000159432776314
89.0 0.000199702382311
89.5 0.000176042918973
90.0 0.000172730528956
90.5 9.39792851895e-05
91.0 0.000167266846521
91.5 0.000135487992019
92.0 7.68597309566e-05
92.5 5.52189819452e-05
93.0 5.17354036909e-05
93.5 5.54207724157e-05
94.0 0.000116325410872
94.5 0.000103714858611
95.0 -1.37894911738e-05
95.5 6.03562324741e-05
96.0 -7.64316444659e-05
96.5 -0.000166893835591
97.0 -0.000231240023279
97.5 -0.000193283897818
98.0 -0.000175293658394
98.5 -0.000220234470778
99.0 -0.000150294244488
99.5 -0.000270138383797
100.0 -0.000322764552038
100.5 -0.000471982156064
101.0 -0.000613816567984
101.5 -0.0006525105332
102.0 -0.00068827144549
102.5 -0.000659160453267
103.0 -0.000648667626812
103.5 -0.000846079998212
104.0 -0.000939377519678
104.5 -0.000956881601397
105.0 -0.000872188723029
105.5 -0.00132535527653
106.0 -0.00142324325117
106.5 -0.00132828641406
107.0 -0.00133487895155
107.5 -0.001504716398
108.0 -0.00169373011865
108.5 -0.00187644156065
109.0 -0.00202052258785
109.5 -0.00203280933231
110.0 -0.00213214212037
110.5 -0.00244844091006
111.0 -0.00265685370608
111.5 -0.00267231155772
112.0 -0.0027749622666
112.5 -0.00300415288349
113.0 -0.00314516375441
113.5 -0.00335702580419
114.0 -0.00323155910259
114.5 -0.00330108774335
115.0 -0.00341735398337
115.5 -0.00238611129978
116.0 -0.00355990875838
116.5 -0.00387527537173
117.0 -0.00333409338951
117.5 -0.00435913839728
118.0 -0.00274071428673
118.5 -0.00195499391616
119.0 0.000881211614768
119.5 0.00886559738478
120.0 0.0101354261473
120.5 0.00794709610625
121.0 0.00132847687618
121.5 -0.0043708831378
122.0 -0.00761830360568
122.5 -0.00781059987432
123.0 -0.00604186875627
123.5 -0.00575874881032
124.0 -0.00594509902149
124.5 -0.00584741768702
125.0 -0.00624994377353
125.5 -0.00592298411013
126.0 -0.00562706134379
126.5 -0.00561393523353
127.0 -0.00542710655064
127.5 -0.00490578946481
128.0 -0.00488653598491
128.5 -0.00513718328197
129.0 -0.00436396931766
129.5 -0.00406810114515
130.0 -0.00379562527443
130.5 -0.0035863460209
131.0 -0.00348796932675
131.5 -0.00316641805396
132.0 -0.00284291025728
132.5 -0.00292508668029
133.0 -0.0028778693972
133.5 -0.00257127835219
134.0 -0.00230282780108
134.5 -0.00212104522633
135.0 -0.00246100294024
135.5 -0.0020977321638
136.0 -0.0018653723365
136.5 -0.00158843097342
137.0 -0.0016711269972
137.5 -0.00180627300056
138.0 -0.0015539229676
138.5 -0.00140562962212
139.0 -0.00120951000552
139.5 -0.00100224114242
140.0 -0.00123411520716
140.5 -0.00112233137414
141.0 -0.00098633313085
141.5 -0.000898332274343
142.0 -0.000676421474598
142.5 -0.00053254964655
143.0 -0.000513638516173
143.5 -0.000600959538207
144.0 -0.000447298084541
144.5 -0.000193831226655
145.0 -0.000394539845367
145.5 -0.000244974417277
146.0 1.19616443381e-05
146.5 -0.000116152632373
147.0 -0.000122179897386
147.5 -3.33403538786e-05
148.0 0.000128128499852
148.5 0.000237409824766
149.0 0.000178818714667
149.5 0.000277652880579
150.0 0.000461983757646
150.5 0.000679483448147
151.0 0.000575277215255
151.5 0.000618969119622
152.0 0.000663222560358
152.5 0.000679880218629
153.0 0.00074247936794
153.5 0.000801294138723
154.0 0.000837050453466
154.5 0.000899262598587
155.0 0.000935977662781
155.5 0.000971874982087
156.0 0.0010328267398
156.5 0.00104159211437
157.0 0.00100861073894
157.5 0.0011215233156
158.0 0.00125833519649
158.5 0.00142861444733
159.0 0.00152669918274
159.5 0.00159718938153
160.0 0.00173184257786
160.5 0.00183632435774
161.0 0.00197191412129
161.5 0.00198619292158
162.0 0.00182077084555
162.5 0.00200352491629
163.0 0.00226307417506
163.5 0.00234174199047
164.0 0.00230542409471
164.5 0.00232850603063
165.0 0.00245932043664
165.5 0.00223164634026
166.0 0.00250692342051
166.5 0.00289176140529
167.0 0.00259850543773
167.5 0.0028670115634
168.0 0.00326244919256
168.5 0.00344806462147
169.0 0.00362078611741
169.5 0.00386998540599
170.0 0.00397626101137
170.5 0.00404901099476
171.0 0.00366234019158
171.5 0.00400876453533
172.0 0.00446965935977
172.5 0.00491566222966
173.0 0.00499492273167
173.5 0.00504784432388
174.0 0.00515407876529
174.5 0.0051375597523
175.0 0.00514001656713
175.5 0.00456700304383
176.0 0.00457644542544
176.5 0.00513633348933
177.0 0.00427757576628
177.5 0.005307130947
178.0 0.00346918268491
178.5 0.00119234037211
179.0 -0.00319206643141
179.5 -0.00338354861147
180.0 -0.00203246141581
180.5 -0.00323965679289
181.0 -0.000635287018014
181.5 0.00256169888262
182.0 0.00312167439344
182.5 0.0036055061192
183.0 0.00304658906205
183.5 0.00298596321474
184.0 0.00245577530292
184.5 0.00216642181975
185.0 0.00205182518502
185.5 0.00180688934141
186.0 0.00184006371089
186.5 0.00168447183394
187.0 0.00149900575886
187.5 0.00146188609644
188.0 0.00119573395291
188.5 0.000869698199764
189.0 0.000510503974425
189.5 0.000164028557549
190.0 -0.000154078747286
190.5 -0.00054671702857
191.0 -0.000818118417385
191.5 -0.00124379810114
192.0 -0.00173595306596
192.5 -0.0021117501351
193.0 -0.0027308316369
193.5 -0.00326664279088
194.0 -0.00399982378076
194.5 -0.00479859692031
195.0 -0.0056076949521
195.5 -0.00704741560398
196.0 -0.00908491000172
196.5 -0.010758309156
197.0 -0.0130217206112
197.5 -0.015048103884
198.0 -0.0201949507989
198.5 -0.0276268676363
199.0 -0.0425672982561
199.5 -0.0669520143472
