0.0 -0.00262445525049
0.5 0.0177826091999
1.0 0.0142193592244
1.5 0.0083619284247
2.0 0.00456772724425
2.5 0.00136071769971
3.0 -0.000644343450794
3.5 -0.00258892217532
4.0 -0.00437100685634
4.5 -0.0059393544066
5.0 -0.00747946603535
5.5 -0.00876186620008
6.0 -0.0100640943034
6.5 -0.0112831734652
7.0 -0.0123274440016
7.5 -0.0134161307869
8.0 -0.0143684652189
8.5 -0.0153093030182
9.0 -0.0163138657734
9.5 -0.0171510250301
10.0 -0.0180086007573
10.5 -0.0187719006791
11.0 -0.0195298356351
11.5 -0.0202689064492
12.0 -0.0209253021598
12.5 -0.021566140849
13.0 -0.0221946354116
13.5 -0.0228025330128
14.0 -0.0233195000689
14.5 -0.0237966429425
15.0 -0.0242124851614
15.5 -0.0246802598046
16.0 -0.0250509567056
16.5 -0.025367564717
17.0 -0.0256551134675
17.5 -0.0259279298719
18.0 -0.0261497745735
18.5 -0.0263399910232
19.0 -0.0264865283942
19.5 -0.0266042797796
20.0 -0.0266688423493
20.5 -0.0267073284119
21.0 -0.0267099238536
21.5 -0.0266855896228
22.0 -0.0266385292647
22.5 -0.0265475004758
23.0 -0.0264432904503
23.5 -0.0263215136424
24.0 -0.0261782697446
24.5 -0.0260280417999
25.0 -0.0258180640409
25.5 -0.0255943199959
26.0 -0.0253337165777
26.5 -0.0250713234224
27.0 -0.024810019235
27.5 -0.0245215772979
28.0 -0.0241995274057
28.5 -0.0238928305114
29.0 -0.0235869601432
29.5 -0.0232520390138
30.0 -0.0228849805558
30.5 -0.0225372916976
31.0 -0.0221735697679
31.5 -0.0217824503548
32.0 -0.0214021544307
32.5 -0.0210270192258
33.0 -0.0206487881629
33.5 -0.0202466644631
34.0 -0.019864891676
34.5 -0.0194625385155
35.0 -0.0190696703336
35.5 -0.0186797505216
36.0 -0.0182725012345
36.5 -0.0178675679166
37.0 -0.0174677539903
37.5 -0.0170711810037
38.0 -0.0166792293473
38.5 -0.0162691729935
39.0 -0.0158821095038
39.5 -0.0154955839623
40.0 -0.0151230503371
40.5 -0.014730454797
41.0 -0.0143511478736
41.5 -0.0139933754473
42.0 -0.0136172676154
42.5 -0.0132460964805
43.0 -0.0128920769621
43.5 -0.0125215792551
44.0 -0.012172842963
44.5 -0.0118377342283
45.0 -0.011471571029
45.5 -0.0111467626552
46.0 -0.0108154889554
46.5 -0.0104886761384
47.0 -0.0101723395052
47.5 -0.00985684241237
48.0 -0.00956501486161
48.5 -0.00926016822166
49.0 -0.00896541499072
49.5 -0.00868180263682
50.0 -0.00838374835517
50.5 -0.00811543321686
51.0 -0.00784449555882
51.5 -0.00757010102063
52.0 -0.00732056960378
52.5 -0.00706466435838
53.0 -0.00683368515081
53.5 -0.00660325875796
54.0 -0.00637197976729
54.5 -0.00614031603942
55.0 -0.00590521314299
55.5 -0.00569306347558
56.0 -0.00546073825634
56.5 -0.00525454268414
57.0 -0.00506645428626
57.5 -0.00486088851218
58.0 -0.00467347064228
58.5 -0.00450113007035
59.0 -0.00431628889881
59.5 -0.00416176463632
60.0 -0.00399730062686
60.5 -0.003819424644
61.0 -0.00365597805927
61.5 -0.00350404458876
62.0 -0.00338028136094
62.5 -0.00321255528865
63.0 -0.00306451212612
63.5 -0.00295003549535
64.0 -0.0028305537153
64.5 -0.00271336929593
65.0 -0.00259123862843
65.5 -0.00243705397421
66.0 -0.00230566420125
66.5 -0.00219469691149
67.0 -0.00209197510335
67.5 -0.00202107299332
68.0 -0.00191705972322
68.5 -0.00183386836435
69.0 -0.00177898656456
69.5 -0.00171876988104
70.0 -0.00156315712484
70.5 -0.00148916227089
71.0 -0.0014094645217
71.5 -0.00134092176868
72.0 -0.0012289452193
72.5 -0.00115651130929
73.0 -0.00111818182651
73.5 -0.0010908071476
74.0 -0.00103893168888
74.5 -0.000987264662413
75.0 -0.000930888294624
75.5 -0.000883675817025
76.0 -0.00082552645226
76.5 -0.000762781366806
77.0 -0.000710347688273
77.5 -0.000651881042897
78.0 -0.000660093535235
78.5 -0.000655917351654
79.0 -0.000645293049088
79.5 -0.000536713460606
80.0 -0.000550531983055
80.5 -0.00052963837857
81.0 -0.00047396910985
81.5 -0.000446908087277
82.0 -0.000414271259348
82.5 -0.000404081235597
83.0 -0.000412738777683
83.5 -0.000416132805761
84.0 -0.000395768841511
84.5 -0.00042337298666
85.0 -0.000359890311159
85.5 -0.000398934003826
86.0 -0.000361298532304
86.5 -0.00036772480011
87.0 -0.000386122601867
87.5 -0.000319340761269
88.0 -0.000341201634797
88.5 -0.000382314976054
89.0 -0.000387373493574
89.5 -0.000511573685369
90.0 -0.000321044200415
90.5 -0.00039943051496
91.0 -0.000493338359163
91.5 -0.000507081330792
92.0 -0.00050056660687
92.5 -0.000532069861727
93.0 -0.000592472384049
93.5 -0.000600419965977
94.0 -0.000527005830623
94.5 -0.000498335886324
95.0 -0.000576594579016
95.5 -0.000561294174151
96.0 -0.000668348856724
96.5 -0.000767720299887
97.0 -0.000873769025144
97.5 -0.000841538425881
98.0 -0.000817092655264
98.5 -0.000947330603246
99.0 -0.000996240107483
99.5 -0.000991028041103
100.0 -0.00100929287651
100.5 -0.00115230164433
101.0 -0.00119290633887
101.5 -0.00135119270746
102.0 -0.00147066310237
102.5 -0.00151860475034
103.0 -0.00151337764799
103.5 -0.00158325305042
104.0 -0.00161474921729
104.5 -0.00178031382136
105.0 -0.00164956147972
105.5 -0.00174177864692
106.0 -0.00182427100192
106.5 -0.00198562519282
107.0 -0.00224989278098
107.5 -0.00215782923314
108.0 -0.00221779968465
108.5 -0.00263483979106
109.0 -0.00276381397822
109.5 -0.00285777301032
110.0 -0.00298138787604
110.5 -0.00314513453723
111.0 -0.00340394974991
111.5 -0.00368432918109
112.0 -0.00387342127021
112.5 -0.00411089989382
113.0 -0.00398441236997
113.5 -0.00397860917116
114.0 -0.00421048302148
114.5 -0.00410812967209
115.0 -0.00406030437769
115.5 -0.0033807694428
116.0 -0.00372105261505
116.5 -0.00376446114271
117.0 -0.00357335908105
117.5 -0.00327665168338
118.0 -0.00311267204083
118.5 -0.00165896004937
119.0 0.00102557854818
119.5 0.00986998379449
120.0 0.0104854761228
120.5 0.00579006722219
121.0 0.00180840161684
121.5 -0.00385341214688
122.0 -0.00638109816941
122.5 -0.00563420439386
123.0 -0.00519383042081
123.5 -0.0049677576779
124.0 -0.00453132634765
124.5 -0.00420407482325
125.0 -0.00457219959931
125.5 -0.00477331853358
126.0 -0.00459213220451
126.5 -0.00450661679818
127.0 -0.00426805202258
127.5 -0.00395373237798
128.0 -0.00370559363175
128.5 -0.00372342200585
129.0 -0.0033471328513
129.5 -0.00294344375059
130.0 -0.00275060975749
130.5 -0.00240853842647
131.0 -0.00300351160544
131.5 -0.00270502736718
132.0 -0.00254115401154
132.5 -0.0023637522074
133.0 -0.0020788274952
133.5 -0.00199956844851
134.0 -0.00179533810288
134.5 -0.00161523608573
135.0 -0.00201843182772
135.5 -0.00169509239434
136.0 -0.00153426014747
136.5 -0.00147745299196
137.0 -0.00133378310224
137.5 -0.00131478177991
138.0 -0.00108862621886
138.5 -0.00107129431459
139.0 -0.00127144010428
139.5 -0.00114672155609
140.0 -0.00109356867764
140.5 -0.000964716294639
141.0 -0.000814719173651
141.5 -0.000813086769195
142.0 -0.000679465775637
142.5 -0.000665295935633
143.0 -0.000586321923949
143.5 -0.000533088219379
144.0 -0.000504534145414
144.5 -0.000389274045268
145.0 -0.000354073297501
145.5 -0.000280483303267
146.0 -0.000229095244776
146.5 -0.000181121692247
147.0 -8.63984560904e-05
147.5 7.59628099112e-05
148.0 6.50716890793e-05
148.5 2.99957526582e-05
149.0 0.000123978853203
149.5 0.000129348157586
150.0 0.000140841378386
150.5 0.000117130187587
151.0 0.000214860481434
151.5 0.000437473916745
152.0 0.000382854867057
152.5 0.000272022920552
153.0 0.00031781283802
153.5 0.000490309370546
154.0 0.000616217884751
154.5 0.000510944520048
155.0 0.000461593805989
155.5 0.000380207100541
156.0 0.00052853364835
156.5 0.000632317066344
157.0 0.00074409017196
157.5 0.000844916366962
158.0 0.000935621321261
158.5 0.00102783375713
159.0 0.000959981901531
159.5 0.000879587209742
160.0 0.000784427496253
160.5 0.00096251838217
161.0 0.00116737381744
161.5 0.00132578652943
162.0 0.00128361518737
162.5 0.0011962377809
163.0 0.00123617547607
163.5 0.00136642535107
164.0 0.00141571158638
164.5 0.00150330246289
165.0 0.00171424082479
165.5 0.00180665387985
166.0 0.00180318875955
166.5 0.00169431359087
167.0 0.00184501179692
167.5 0.00219854426529
168.0 0.0024335081696
168.5 0.00249186423804
169.0 0.00247574122186
169.5 0.0025475153799
170.0 0.00258807216428
170.5 0.00255691293825
171.0 0.00269529302116
171.5 0.00299641433325
172.0 0.00253285689823
172.5 0.00277754181676
173.0 0.00314907170038
173.5 0.00327241658056
174.0 0.00339748476935
174.5 0.00342045226374
175.0 0.00325706449499
175.5 0.00251379794764
176.0 0.00263507532719
176.5 0.00178585814459
177.0 0.00224455265669
177.5 0.00358507127136
178.0 0.00235232040471
178.5 0.00139591210407
179.0 -0.000931824925402
179.5 -0.00400940999435
180.0 -0.00614936171324
180.5 -0.00683327537384
181.0 -0.00257348540184
181.5 0.000279850473973
182.0 0.00213048193542
182.5 0.00322994721979
183.0 0.00252320973344
183.5 0.00263284165447
184.0 0.00239345020722
184.5 0.00216138058775
185.0 0.00199637750319
185.5 0.00169893252711
186.0 0.00164256382796
186.5 0.0013808482026
187.0 0.00121206094902
187.5 0.000990056747824
188.0 0.000697143717176
188.5 0.000315241537379
189.0 8.45809106664e-05
189.5 -0.00016616232331
190.0 -0.000578818601056
190.5 -0.00102262816522
191.0 -0.00132284478944
191.5 -0.00174566640777
192.0 -0.00218975109976
192.5 -0.00254479116639
193.0 -0.0032603978312
193.5 -0.00372472902569
194.0 -0.00448815022813
194.5 -0.00539412727827
195.0 -0.00665230342381
195.5 -0.00829239747694
196.0 -0.00927439096223
196.5 -0.011853907516
197.0 -0.0143168574663
197.5 -0.0164613234463
198.0 -0.0218540744152
198.5 -0.0296280794871
199.0 -0.0450547245592
199.5 -0.0703337086804
