0.0 0.00506323743145
0.5 0.0206572693439
1.0 0.0283823310488
1.5 0.0228909704412
2.0 0.0190829731648
2.5 0.016187670476
3.0 0.014149044911
3.5 0.0121954209615
4.0 0.0103749046706
4.5 0.00871566238019
5.0 0.00705005826645
5.5 0.00564700817444
6.0 0.00421094983901
6.5 0.00281793807396
7.0 0.0015837297993
7.5 0.000286944481884
8.0 -0.000942507678733
8.5 -0.00221869004978
9.0 -0.00333922578435
9.5 -0.00451603107127
10.0 -0.00567025383684
10.5 -0.00689378791588
11.0 -0.00806137366196
11.5 -0.00916356116403
12.0 -0.0102780197304
12.5 -0.0114009594422
13.0 -0.0125183411378
13.5 -0.0135956057145
14.0 -0.0146677747938
14.5 -0.0157146209162
15.0 -0.0167950860341
15.5 -0.0178405530175
16.0 -0.0188426673787
16.5 -0.0198275808418
17.0 -0.0208115638531
17.5 -0.0217778497105
18.0 -0.022722785323
18.5 -0.0236412490797
19.0 -0.024536922286
19.5 -0.0254291202194
20.0 -0.0262651159231
20.5 -0.0270808897023
21.0 -0.0278655967143
21.5 -0.0286079905869
22.0 -0.0293425143044
22.5 -0.0300544763407
23.0 -0.0307171872787
23.5 -0.0313529065748
24.0 -0.0319528241881
24.5 -0.0325374433403
25.0 -0.033054046247
25.5 -0.0335385773635
26.0 -0.033982636992
26.5 -0.0343861152315
27.0 -0.0347665156904
27.5 -0.0350767089796
28.0 -0.0353681467547
28.5 -0.0356399190544
29.0 -0.035837903525
29.5 -0.0360253043066
30.0 -0.0361280113417
30.5 -0.0362052127635
31.0 -0.036255789259
31.5 -0.036245865771
32.0 -0.0361865100925
32.5 -0.0360936408918
33.0 -0.0359683183129
33.5 -0.0358088508999
34.0 -0.0356108151767
34.5 -0.0353823462925
35.0 -0.0351116909839
35.5 -0.0347831401804
36.0 -0.0344369433228
36.5 -0.0340535401706
37.0 -0.0336324412271
37.5 -0.0331885551919
38.0 -0.0327191053114
38.5 -0.0322385806706
39.0 -0.0317070163802
39.5 -0.0311740457171
40.0 -0.0306203855756
40.5 -0.030049598476
41.0 -0.029452819264
41.5 -0.0288548023769
42.0 -0.0282454841102
42.5 -0.0276166728723
43.0 -0.0269735546546
43.5 -0.0263301221928
44.0 -0.0256863654837
44.5 -0.0250178878692
45.0 -0.0243677263916
45.5 -0.0237050442035
46.0 -0.0230373367119
46.5 -0.0223885605163
47.0 -0.0217567934909
47.5 -0.0211065213003
48.0 -0.0204731961761
48.5 -0.0198416470194
49.0 -0.0192261240831
49.5 -0.0185997206255
50.0 -0.0179732729163
50.5 -0.017380424303
51.0 -0.0167788757054
51.5 -0.0161985916076
52.0 -0.0156501863831
52.5 -0.0150975502659
53.0 -0.0145627705406
53.5 -0.0140324850538
54.0 -0.0135193335743
54.5 -0.0130110681475
55.0 -0.0125005025756
55.5 -0.0120143302127
56.0 -0.0115481352286
56.5 -0.0110746753861
57.0 -0.0106479995147
57.5 -0.0102283443473
58.0 -0.00981630642824
58.5 -0.0094142393696
59.0 -0.0090120406406
59.5 -0.00862228157937
60.0 -0.00826074900923
60.5 -0.00790139381984
61.0 -0.00756226459236
61.5 -0.00721647458231
62.0 -0.00687748862407
62.5 -0.00657151186456
63.0 -0.00629526346607
63.5 -0.00601942922809
64.0 -0.0057355949316
64.5 -0.00548493113404
65.0 -0.00524419918642
65.5 -0.00495974123589
66.0 -0.00471385293216
66.5 -0.00448484918253
67.0 -0.00426024433247
67.5 -0.00405001748481
68.0 -0.0038461435276
68.5 -0.00365495598917
69.0 -0.00347589441728
69.5 -0.00332149804864
70.0 -0.00308630411307
70.5 -0.00294016721331
71.0 -0.00277010870062
71.5 -0.00262723033547
72.0 -0.00244548690968
72.5 -0.00230904820707
73.0 -0.00222489393826
73.5 -0.00210332933995
74.0 -0.00201848005296
74.5 -0.00183992090576
75.0 -0.0017040873252
75.5 -0.00167562908118
76.0 -0.00151499173948
76.5 -0.0013923894252
77.0 -0.00130829943194
77.5 -0.00122888424558
78.0 -0.00117367613183
78.5 -0.00106921337566
79.0 -0.00102997143002
79.5 -0.000996567648086
80.0 -0.000918257986818
80.5 -0.00081520704868
81.0 -0.000794644846605
81.5 -0.000737044005255
82.0 -0.000619943215767
82.5 -0.000611914292744
83.0 -0.000579286998629
83.5 -0.000482606201818
84.0 -0.000456063157699
84.5 -0.000374512764971
85.0 -0.000478060502171
85.5 -0.00047626203683
86.0 -0.000316834087879
86.5 -0.000348882642026
87.0 -0.000368507640953
87.5 -0.000335980626552
88.0 -0.00036163727092
88.5 -0.000336298131284
89.0 -0.000347904493221
89.5 -0.000307847137734
90.0 -0.00027745789524
90.5 -0.000319545229249
91.0 -0.000321569299874
91.5 -0.000280992493508
92.0 -0.000395708693834
92.5 -0.000388200003712
93.0 -0.000301487478179
93.5 -0.000332418753842
94.0 -0.000350105349781
94.5 -0.000394913169185
95.0 -0.000542390101636
95.5 -0.00046725273727
96.0 -0.000502705014981
96.5 -0.000414000842248
97.0 -0.00048785559791
97.5 -0.000544809431812
98.0 -0.000569523494256
98.5 -0.000680983391074
99.0 -0.00074044028613
99.5 -0.000690510624509
100.0 -0.000757668598055
100.5 -0.000782698759274
101.0 -0.000730629130125
101.5 -0.000910007861165
102.0 -0.00105507959715
102.5 -0.00100508210347
103.0 -0.000889598934087
103.5 -0.00109680309032
104.0 -0.00141814673155
104.5 -0.00135984134099
105.0 -0.00157999046009
105.5 -0.00135979078707
106.0 -0.00156066432915
106.5 -0.00156222031269
107.0 -0.00169401564768
107.5 -0.00191617579299
108.0 -0.00205645284721
108.5 -0.00214789638338
109.0 -0.00227860660571
109.5 -0.00236871789215
110.0 -0.00276206665455
110.5 -0.00265790400888
111.0 -0.00285564976607
111.5 -0.00280291725677
112.0 -0.00295745952637
112.5 -0.00341944649429
113.0 -0.00351864201525
113.5 -0.00381017910102
114.0 -0.00416515872584
114.5 -0.00409189595833
115.0 -0.00396175115189
115.5 -0.0036090706371
116.0 -0.00313389718252
116.5 -0.00348053627593
117.0 -0.00325858467966
117.5 -0.00395109791751
118.0 -0.00311783557522
118.5 -0.00263541295425
119.0 -0.00262002999216
119.5 0.00446177422106
120.0 0.00677478244428
120.5 0.00520156999509
121.0 0.000846207758187
121.5 -0.00365135795241
122.0 -0.0071355390687
122.5 -0.00773785563344
123.0 -0.00653067039603
123.5 -0.00604908826929
124.0 -0.00593391168707
124.5 -0.0065395849752
125.0 -0.00571585633894
125.5 -0.0052178382885
126.0 -0.00515890804458
126.5 -0.00524098365622
127.0 -0.00512980019171
127.5 -0.00466927500709
128.0 -0.00472502853086
128.5 -0.00513286717961
129.0 -0.00443647872757
129.5 -0.0041312446813
130.0 -0.00389818490033
130.5 -0.00373467320127
131.0 -0.00359982508972
131.5 -0.00323551165072
132.0 -0.0030988952247
132.5 -0.00289533367678
133.0 -0.00257080011091
133.5 -0.00247517104638
134.0 -0.0026787581066
134.5 -0.00244302413087
135.0 -0.00229569448855
135.5 -0.00207881689828
136.0 -0.00194125294285
136.5 -0.00166483042059
137.0 -0.00172561163397
137.5 -0.00179546665231
138.0 -0.00157975650071
138.5 -0.00147126170393
139.0 -0.00139013161332
139.5 -0.00131542737267
140.0 -0.00125332851439
140.5 -0.00110071837587
141.0 -0.000920373344453
141.5 -0.000893686603195
142.0 -0.000741403487318
142.5 -0.000700004232524
143.0 -0.000578442846059
143.5 -0.000482660961564
144.0 -0.000373340315267
144.5 -0.000185645654105
145.0 -0.000399967730726
145.5 -0.000259473540225
146.0 -5.0613118141e-07
146.5 -0.000125303900615
147.0 -0.000109718326861
147.5 -3.97136814421e-05
148.0 -2.14036099022e-05
148.5 6.33863012003e-05
149.0 0.000236085921517
149.5 0.000408192663815
150.0 0.000584787001118
150.5 0.000455540991072
151.0 0.000506139863187
151.5 0.000548987442945
152.0 0.000566258957204
152.5 0.000524247574893
153.0 0.00056896109877
153.5 0.000687066171349
154.0 0.000797763949786
154.5 0.000890734646777
155.0 0.000965134696216
155.5 0.00106807615026
156.0 0.00119807289782
156.5 0.00138733037507
157.0 0.00138825517979
157.5 0.00126263918413
158.0 0.00132926694475
158.5 0.00160187639462
159.0 0.00164959397774
159.5 0.00153999417206
160.0 0.00149504443162
160.5 0.00165561147123
161.0 0.00180917095688
161.5 0.00194661448495
162.0 0.00206410799802
162.5 0.0022427124759
163.0 0.0024586444274
163.5 0.00263962211221
164.0 0.00267326591536
164.5 0.00264232776779
165.0 0.00278511867799
165.5 0.00276936755944
166.0 0.00274156496919
166.5 0.00266801066714
167.0 0.0029398823263
167.5 0.00335300694195
168.0 0.00343051964968
168.5 0.00344199034285
169.0 0.00369202762194
169.5 0.00394836079361
170.0 0.00420837244436
170.5 0.00425330606578
171.0 0.00439576928693
171.5 0.0047343639303
172.0 0.00452387272306
172.5 0.00497860454077
173.0 0.00542504165291
173.5 0.00583194059494
174.0 0.0061828499679
174.5 0.00646103013297
175.0 0.00660798280991
175.5 0.00611733370451
176.0 0.00634544006098
176.5 0.00526682608195
177.0 0.00489346609783
177.5 0.00422335011297
178.0 0.00386969978649
178.5 0.00347604887308
179.0 -0.00063853303989
179.5 -0.0034424128165
180.0 -0.00425149758964
180.5 -0.00599549675843
181.0 -0.00350537736395
181.5 -0.00112115839467
182.0 -0.000217325111805
182.5 0.00251333558047
183.0 0.00202287429406
183.5 0.00222165871708
184.0 0.00208554080702
184.5 0.00209920229759
185.0 0.0021664756709
185.5 0.00200850591902
186.0 0.00208416289304
186.5 0.00194061401825
187.0 0.00170837653351
187.5 0.00154820188314
188.0 0.00134099279468
188.5 0.0010461261096
189.0 0.000851613530614
189.5 0.000506466392054
190.0 0.000207602825398
190.5 -0.000108027318063
191.0 -0.000296059320803
191.5 -0.00061309672374
192.0 -0.000996778439188
192.5 -0.00121253643695
193.0 -0.00181716990636
193.5 -0.00224941939838
194.0 -0.00295825021664
194.5 -0.00373278808075
195.0 -0.00437122551162
195.5 -0.00576423163186
196.0 -0.00677748758628
196.5 -0.00796530750581
197.0 -0.00949895694045
197.5 -0.0106120146143
198.0 -0.0136433187352
198.5 -0.0189682314834
199.0 -0.0295069006679
199.5 -0.0449398308259
