0.0 0.00439828166539
0.5 0.0303404355896
1.0 0.0383176999085
1.5 0.0313958328233
2.0 0.0268184142025
2.5 0.022770227688
3.0 0.0198991835685
3.5 0.0177819991064
4.0 0.0157595611023
4.5 0.0138127148195
5.0 0.0118572889561
5.5 0.0102386863676
6.0 0.00858132534607
6.5 0.00703155699496
7.0 0.00551922072264
7.5 0.00396932503104
8.0 0.00261535636608
8.5 0.00120380830873
9.0 -0.000187713251906
9.5 -0.00158455932576
10.0 -0.00300047167448
10.5 -0.00438218144432
11.0 -0.00577540886526
11.5 -0.00717264125327
12.0 -0.00852307103763
12.5 -0.00990288203942
13.0 -0.0112800974146
13.5 -0.0126205936037
14.0 -0.0139658897584
14.5 -0.0153283996085
15.0 -0.0166225830702
15.5 -0.0179435389378
16.0 -0.0192381638649
16.5 -0.0205285027979
17.0 -0.0217880679938
17.5 -0.0230533426944
18.0 -0.0243151547322
18.5 -0.0255271631571
19.0 -0.0267149751445
19.5 -0.0278919554246
20.0 -0.0290226193749
20.5 -0.0301306970067
21.0 -0.0312009387565
21.5 -0.0322452934931
22.0 -0.0332608835567
22.5 -0.0342187488664
23.0 -0.0351476855186
23.5 -0.0360469176078
24.0 -0.0369018178697
24.5 -0.0377274523007
25.0 -0.0384775298721
25.5 -0.039184577796
26.0 -0.0398391819592
26.5 -0.0404394310065
27.0 -0.0410024788181
27.5 -0.0414788563694
28.0 -0.0419159287761
28.5 -0.0423130889179
29.0 -0.0426578615504
29.5 -0.0429447463724
30.0 -0.0431365755259
30.5 -0.0432764241435
31.0 -0.043372256422
31.5 -0.0433915927404
32.0 -0.0433497802036
32.5 -0.0432633842613
33.0 -0.0431229412017
33.5 -0.0429046302976
34.0 -0.0426647759396
34.5 -0.0423527754407
35.0 -0.0419845390938
35.5 -0.0415733737562
36.0 -0.0410940958333
36.5 -0.0405704563918
37.0 -0.0400120859201
37.5 -0.039415314474
38.0 -0.03878242937
38.5 -0.0381138337832
39.0 -0.0374097216656
39.5 -0.0366796279179
40.0 -0.0359152911017
40.5 -0.0351455430055
41.0 -0.0343540753104
41.5 -0.0335615259595
42.0 -0.0327300927428
42.5 -0.0318815114776
43.0 -0.0310448467451
43.5 -0.0301985237009
44.0 -0.0293489534231
44.5 -0.0284850158124
45.0 -0.0276110149666
45.5 -0.0267702646971
46.0 -0.0259311939903
46.5 -0.0250881640564
47.0 -0.0242690095774
47.5 -0.0234419005188
48.0 -0.0226362795232
48.5 -0.0218400362376
49.0 -0.0210676960448
49.5 -0.0202914454838
50.0 -0.0195215058234
50.5 -0.0188005928678
51.0 -0.0180635032134
51.5 -0.0173766865552
52.0 -0.0167006215642
52.5 -0.0160183767919
53.0 -0.0153823846847
53.5 -0.0147554563446
54.0 -0.0141393465163
54.5 -0.0135509701996
55.0 -0.012950686914
55.5 -0.012413499003
56.0 -0.0118564919585
56.5 -0.0113179655808
57.0 -0.0108273096953
57.5 -0.0103541029927
58.0 -0.00988819707955
58.5 -0.00942123832939
59.0 -0.00895276237327
59.5 -0.00854870242696
60.0 -0.00814299358874
60.5 -0.00771173071971
61.0 -0.00735288040684
61.5 -0.00697170018212
62.0 -0.00662242433291
62.5 -0.00628233698548
63.0 -0.00594230131632
63.5 -0.00562129445657
64.0 -0.00534006929269
64.5 -0.00505546481899
65.0 -0.00477188987533
65.5 -0.00449533344771
66.0 -0.00424491995324
66.5 -0.00401176853241
67.0 -0.00375900174708
67.5 -0.00352679678453
68.0 -0.00329880905064
68.5 -0.00312598005298
69.0 -0.00293418836655
69.5 -0.00274924761612
70.0 -0.00259482631579
70.5 -0.0023919219011
71.0 -0.00222910636213
71.5 -0.00207542106633
72.0 -0.00188495230911
72.5 -0.00172997009774
73.0 -0.00164200183601
73.5 -0.00148487713797
74.0 -0.00135335305109
74.5 -0.00131132574274
75.0 -0.0011801262494
75.5 -0.0010349687428
76.0 -0.000980817658997
76.5 -0.000891136933657
77.0 -0.000831686408473
77.5 -0.000741524232101
78.0 -0.000624562466482
78.5 -0.000564500773807
79.0 -0.000509240269157
79.5 -0.000490695579378
80.0 -0.000464346454216
80.5 -0.000348221492191
81.0 -0.000288935863439
81.5 -0.0002502070618
82.0 -0.000185008747795
82.5 -0.000124627437959
83.0 -0.000124609922842
83.5 -0.00011684444809
84.0 -0.0001086882314
84.5 -5.77610918349e-05
85.0 -1.79481574634e-05
85.5 -2.24455691757e-05
86.0 -2.23780477597e-05
86.5 5.71172284225e-06
87.0 9.32997870962e-06
87.5 -2.14423087996e-06
88.0 3.72967033506e-05
88.5 0.000109240032828
89.0 1.63767089845e-06
89.5 5.98124852829e-05
90.0 7.40988543946e-05
90.5 1.93775026034e-05
91.0 -8.62976445859e-06
91.5 -8.29558602433e-06
92.0 -6.01019980486e-05
92.5 -4.97820534271e-05
93.0 -7.95608446786e-05
93.5 -0.000174915169879
94.0 -0.000146750962802
94.5 -0.000125328098335
95.0 -0.000192794982738
95.5 -0.00022563383407
96.0 -0.000395563026565
96.5 -0.000309194509931
97.0 -0.000256630785682
97.5 -0.000436540670574
98.0 -0.000598329423315
98.5 -0.000559540272288
99.0 -0.000556576750462
99.5 -0.000626385748625
100.0 -0.000528186369969
100.5 -0.000439841402809
101.0 -0.000779110135632
101.5 -0.000916130324498
102.0 -0.000977791646925
102.5 -0.000996881140495
103.0 -0.00114705559113
103.5 -0.00147291686857
104.0 -0.00144772128384
104.5 -0.00133471878205
105.0 -0.00124555994936
105.5 -0.00164516862294
106.0 -0.00170465670457
106.5 -0.00195120346756
107.0 -0.00200571644322
107.5 -0.0021080714309
108.0 -0.00229373141473
108.5 -0.00248108684087
109.0 -0.00256976784523
109.5 -0.00224554173435
110.0 -0.00300531978305
110.5 -0.00311140284139
111.0 -0.00318857897292
111.5 -0.00358612521297
112.0 -0.00365624579405
112.5 -0.00386100336496
113.0 -0.00411629077851
113.5 -0.00447798303347
114.0 -0.00451208012441
114.5 -0.00496947835423
115.0 -0.0039787400647
115.5 -0.00453066506557
116.0 -0.0043918999327
116.5 -0.00428938869122
117.0 -0.0046375515559
117.5 -0.00605447034103
118.0 -0.00415710006632
118.5 -0.00387028589061
119.0 -0.00187879808
119.5 0.00582306454443
120.0 0.00654121562401
120.5 0.00514147980591
121.0 0.00484483957878
121.5 0.000320663039361
122.0 -0.00275500289183
122.5 -0.00415458356674
123.0 -0.00493031826525
123.5 -0.00463038184628
124.0 -0.00474288356138
124.5 -0.00544417750149
125.0 -0.00452851461679
125.5 -0.00390407413441
126.0 -0.00369539269499
126.5 -0.00348801613292
127.0 -0.00394357318348
127.5 -0.00385277436118
128.0 -0.00339736710991
128.5 -0.00300321873659
129.0 -0.00263236064205
129.5 -0.00306301819288
130.0 -0.00255978212784
130.5 -0.00233348411452
131.0 -0.00205854839741
131.5 -0.00226571071488
132.0 -0.00222555377897
132.5 -0.00199550684938
133.0 -0.00177173164519
133.5 -0.00165002190234
134.0 -0.00156311929309
134.5 -0.001504165752
135.0 -0.00142698468355
135.5 -0.0012680407927
136.0 -0.00122501282737
136.5 -0.00115744153139
137.0 -0.000956429265383
137.5 -0.000950424995317
138.0 -0.000788676861422
138.5 -0.000703061258672
139.0 -0.000544058730529
139.5 -0.000385228875182
140.0 -0.000625650566644
140.5 -0.000504393577479
141.0 -0.000378151247176
141.5 -0.000386828951658
142.0 -0.000262226863246
142.5 -0.000262270550152
143.0 -0.000181434262524
143.5 -0.00015337904615
144.0 -0.000195777152998
144.5 -6.15490846947e-05
145.0 3.09872622175e-05
145.5 9.22340901157e-05
146.0 0.000147345752495
146.5 0.000182940718334
147.0 0.000242840472691
147.5 0.000312792960583
148.0 0.000357503201524
148.5 0.000450439607185
149.0 0.000542866959124
149.5 0.000572256587478
150.0 0.000617362371734
150.5 0.000663194687742
151.0 0.00072172894789
151.5 0.000770758511681
152.0 0.000809490563592
152.5 0.000828265769297
153.0 0.000890305889671
153.5 0.000948890178371
154.0 0.000987015230441
154.5 0.00105702375951
155.0 0.00109795018126
155.5 0.0011235992884
156.0 0.00123230924342
156.5 0.001275174251
157.0 0.00135133828725
157.5 0.0014255739567
158.0 0.00152415081466
158.5 0.00171845971001
159.0 0.00176159601884
159.5 0.00168159033558
160.0 0.0017393586413
160.5 0.00170332577072
161.0 0.00174499859067
161.5 0.00178970417959
162.0 0.00184365796814
162.5 0.00182565937689
163.0 0.00197810916589
163.5 0.00222649317412
164.0 0.00231338856794
164.5 0.00231852922228
165.0 0.00241662442036
165.5 0.00245806800436
166.0 0.00245802322937
166.5 0.00229539949837
167.0 0.00243986853962
167.5 0.00285107807116
168.0 0.00315509970098
168.5 0.00327437213866
169.0 0.00337653903603
169.5 0.00361552873083
170.0 0.00377774096327
170.5 0.00379307394147
171.0 0.00388687080857
171.5 0.00412520153391
172.0 0.00420949792752
172.5 0.00462200403894
173.0 0.00455024552824
173.5 0.004478721967
174.0 0.00496929367917
174.5 0.00514925744061
175.0 0.0053182145552
175.5 0.00512381746533
176.0 0.00536676343863
176.5 0.00592721846273
177.0 0.00537391619407
177.5 0.00507082424362
178.0 0.00492477362596
178.5 0.00355399786744
179.0 -3.78372134264e-05
179.5 -0.00339779645417
180.0 -0.00468226464858
180.5 -0.00614398181192
181.0 -0.00268063638747
181.5 -0.000726979430596
182.0 0.000109739835523
182.5 0.00116335853012
183.0 0.00115589175657
183.5 0.00160779689921
184.0 0.00152097586862
184.5 0.00147938910834
185.0 0.00147430141669
185.5 0.00114285434617
186.0 0.000991795935022
186.5 0.00138980067975
187.0 0.00104912559257
187.5 0.000723308709468
188.0 0.000311040313534
188.5 0.000125724944795
189.0 -7.57688546287e-05
189.5 -0.000451721977157
190.0 -0.000695493654021
190.5 -0.00119914221058
191.0 -0.00147549198161
191.5 -0.00187397375477
192.0 -0.00234839639859
192.5 -0.0026521055803
193.0 -0.00334919836014
193.5 -0.00410413773928
194.0 -0.00485437757354
194.5 -0.00567094047828
195.0 -0.00660818044584
195.5 -0.00823109013002
196.0 -0.00959071608388
196.5 -0.0112281313445
197.0 -0.0129949066753
197.5 -0.0160661389927
198.0 -0.0219715459714
198.5 -0.0282041466442
199.0 -0.0441906154493
199.5 -0.0660846912779
