0.0 0.00278
0.5 0.027
1.0 0.02746
1.5 0.02198
2.0 0.0189
2.5 0.01617
3.0 0.01445
3.5 0.01353
4.0 0.01252
4.5 0.01169
5.0 0.01056
5.5 0.00998
6.0 0.00942
6.5 0.00892
7.0 0.00852
7.5 0.00806
8.0 0.00767
8.5 0.00732
9.0 0.007
9.5 0.00667
10.0 0.00636
10.5 0.00595
11.0 0.00564
11.5 0.0054
12.0 0.00509
12.5 0.00477
13.0 0.0045
13.5 0.00422
14.0 0.00397
14.5 0.00373
15.0 0.00339
15.5 0.00309
16.0 0.00286
16.5 0.00257
17.0 0.00227
17.5 0.002
18.0 0.00173
18.5 0.0014
19.0 0.00109
19.5 0.0008
20.0 0.00051
20.5 0.000170000000001
21.0 -0.000140000000001
21.5 -0.00045
22.0 -0.00081
22.5 -0.00111
23.0 -0.00148
23.5 -0.0018
24.0 -0.0022
24.5 -0.00258
25.0 -0.00294
25.5 -0.00332
26.0 -0.00371
26.5 -0.0041
27.0 -0.00452
27.5 -0.00491
28.0 -0.00529
28.5 -0.00574
29.0 -0.00619
29.5 -0.00664
30.0 -0.0071
30.5 -0.00756
31.0 -0.00804
31.5 -0.00852
32.0 -0.009
32.5 -0.00949
33.0 -0.00997
33.5 -0.01051
34.0 -0.01102
34.5 -0.01154
35.0 -0.0121
35.5 -0.01266
36.0 -0.01322
36.5 -0.01377
37.0 -0.01428
37.5 -0.01484
38.0 -0.01543
38.5 -0.01601
39.0 -0.01658
39.5 -0.01719
40.0 -0.01774
40.5 -0.01835
41.0 -0.01894
41.5 -0.01954
42.0 -0.02012
42.5 -0.0207
43.0 -0.02133
43.5 -0.02191
44.0 -0.0225
44.5 -0.02313
45.0 -0.02368
45.5 -0.02426
46.0 -0.02484
46.5 -0.02542
47.0 -0.02599
47.5 -0.02652
48.0 -0.02709
48.5 -0.02762
49.0 -0.02814
49.5 -0.02871
50.0 -0.02923
50.5 -0.0297
51.0 -0.03018
51.5 -0.03065
52.0 -0.03109
52.5 -0.03153
53.0 -0.03196
53.5 -0.03235
54.0 -0.03268
54.5 -0.03308
55.0 -0.03343
55.5 -0.03374
56.0 -0.03403
56.5 -0.03429
57.0 -0.03455
57.5 -0.03475
58.0 -0.03498
58.5 -0.03517
59.0 -0.03535
59.5 -0.03549
60.0 -0.0356
60.5 -0.03563
61.0 -0.03568
61.5 -0.03574
62.0 -0.03574
62.5 -0.03571
63.0 -0.03564
63.5 -0.0356
64.0 -0.03554
64.5 -0.03544
65.0 -0.03523
65.5 -0.03507
66.0 -0.03486
66.5 -0.03466
67.0 -0.03441
67.5 -0.03415
68.0 -0.03387
68.5 -0.03357
69.0 -0.03331
69.5 -0.03297
70.0 -0.03258
70.5 -0.03222
71.0 -0.03185
71.5 -0.03141
72.0 -0.03093
72.5 -0.03047
73.0 -0.03006
73.5 -0.02964
74.0 -0.02923
74.5 -0.02874
75.0 -0.02824
75.5 -0.0277
76.0 -0.02724
76.5 -0.02668
77.0 -0.02612
77.5 -0.02558
78.0 -0.02512
78.5 -0.0246
79.0 -0.02407
79.5 -0.02354
80.0 -0.02299
80.5 -0.0225
81.0 -0.02193
81.5 -0.02141
82.0 -0.02081
82.5 -0.02026
83.0 -0.01978
83.5 -0.01926
84.0 -0.01874
84.5 -0.01824
85.0 -0.01775
85.5 -0.01724
86.0 -0.01672
86.5 -0.01622
87.0 -0.01572
87.5 -0.01523
88.0 -0.01484
88.5 -0.01439
89.0 -0.01383
89.5 -0.01349
90.0 -0.01311
90.5 -0.01262
91.0 -0.01217
91.5 -0.01172
92.0 -0.01129
92.5 -0.01092
93.0 -0.01057
93.5 -0.01024
94.0 -0.00974
94.5 -0.00941
95.0 -0.009
95.5 -0.00877
96.0 -0.0084
96.5 -0.00808
97.0 -0.00777
97.5 -0.00739
98.0 -0.00727
98.5 -0.00703
99.0 -0.0067
99.5 -0.00659
100.0 -0.006
100.5 -0.00574
101.0 -0.00541
101.5 -0.0052
102.0 -0.0052
102.5 -0.0051
103.0 -0.0048
103.5 -0.0047
104.0 -0.0045
104.5 -0.0043
105.0 -0.0041
105.5 -0.0041
106.0 -0.0038
106.5 -0.0037
107.0 -0.0037
107.5 -0.0036
108.0 -0.0038
108.5 -0.0034
109.0 -0.0035
109.5 -0.0033
110.0 -0.0032
110.5 -0.0031
111.0 -0.0031
111.5 -0.0032
112.0 -0.0031
112.5 -0.0029
113.0 -0.0029
113.5 -0.0033
114.0 -0.0033
114.5 -0.0032
115.0 -0.0033
115.5 -0.0031
116.0 -0.0037
116.5 -0.0034
117.0 -0.0043
117.5 -0.006
118.0 -0.0062
118.5 -0.0047
119.0 -0.0021
119.5 0.007
120.0 0.0092
120.5 0.0058
121.0 0.0012
121.5 -0.0025
122.0 -0.0059
122.5 -0.0052
123.0 -0.00424
123.5 -0.00336
124.0 -0.00399
124.5 -0.0024
125.0 -0.00154
125.5 -0.00172
126.0 -0.00192
126.5 -0.00204
127.0 -0.00186
127.5 -0.00129
128.0 -0.00106
128.5 -0.00132
129.0 -0.000980000000001
129.5 -0.00047
130.0 -0.000239999999999
130.5 -0.00081
131.0 -0.00077
131.5 5.99999999995e-05
132.0 0.0005
132.5 0.00054
133.0 0.00055
133.5 0.000569999999999
134.0 0.00086
134.5 0.00049
135.0 0.00097
135.5 0.00124
136.0 0.00068
136.5 0.00103
137.0 0.00144
137.5 0.00118
138.0 0.00123
138.5 0.00104
139.0 0.00127
139.5 0.00144
140.0 0.00156
140.5 0.00179
141.0 0.00145
141.5 0.00173
142.0 0.00204
142.5 0.00201
143.0 0.00204
143.5 0.00209
144.0 0.00178
144.5 0.00182
145.0 0.00193
145.5 0.00212
146.0 0.00252
146.5 0.00215
147.0 0.00205
147.5 0.0022
148.0 0.002301
148.5 0.002075
149.0 0.00219
149.5 0.002102
150.0 0.0017811
150.5 0.0022614
151.0 0.002576
151.5 0.002456
152.0 0.002254
152.5 0.002355
153.0 0.00237
153.5 0.00224
154.0 0.0022
154.5 0.00231
155.0 0.00236
155.5 0.00223
156.0 0.00277
156.5 0.00274
157.0 0.00263
157.5 0.00273
158.0 0.00248
158.5 0.00226
159.0 0.0025
159.5 0.00274
160.0 0.00284
160.5 0.00237
161.0 0.0025
161.5 0.00254
162.0 0.00299
162.5 0.00313
163.0 0.00314
163.5 0.00271
164.0 0.00258
164.5 0.00296
165.0 0.00314
165.5 0.00306
166.0 0.00311
166.5 0.0031
167.0 0.00296
167.5 0.00321
168.0 0.00338
168.5 0.0032
169.0 0.00326
169.5 0.00322
170.0 0.00296
170.5 0.00337
171.0 0.00348
171.5 0.00388
172.0 0.00409
172.5 0.00315
173.0 0.00328
173.5 0.00373
174.0 0.00375
174.5 0.00351
175.0 0.00329
175.5 0.00288
176.0 0.00311
176.5 0.00353
177.0 0.00359
177.5 0.00434
178.0 0.0037
178.5 0.0015
179.0 -0.0017
179.5 -0.0018
180.0 -0.000400000000001
180.5 -0.0018
181.0 0.0014
181.5 0.0034
182.0 0.0037
182.5 0.0034
183.0 0.003
183.5 0.0026
184.0 0.0021
184.5 0.0023
185.0 0.0019
185.5 0.0014
186.0 0.0012
186.5 0.0011
187.0 0.000999999999999
187.5 0.0008
188.0 0.000399999999999
188.5 0.000299999999998
189.0 -9.99999999998e-05
189.5 -0.000400000000001
190.0 -0.000400000000001
190.5 -0.000999999999999
191.0 -0.0012
191.5 -0.0017
192.0 -0.0021
192.5 -0.0023
193.0 -0.0028
193.5 -0.0033
194.0 -0.0043
194.5 -0.0052
195.0 -0.0062
195.5 -0.0078
196.0 -0.0091
196.5 -0.0106
197.0 -0.0129
197.5 -0.01528
198.0 -0.0209
198.5 -0.02835
199.0 -0.04368
199.5 -0.0724
