0.0 0.00232
0.5 0.02605
1.0 0.0236
1.5 0.01751
2.0 0.01472
2.5 0.01303
3.0 0.01197
3.5 0.01094
4.0 0.01006
4.5 0.0093
5.0 0.00863
5.5 0.00804
6.0 0.00758
6.5 0.00719
7.0 0.00681
7.5 0.00645
8.0 0.00628
8.5 0.00604
9.0 0.00578
9.5 0.00562
10.0 0.00545
10.5 0.00518
11.0 0.00503
11.5 0.00492
12.0 0.00473
12.5 0.00452
13.0 0.00439
13.5 0.00428
14.0 0.00418
14.5 0.00407
15.0 0.00389
15.5 0.00375
16.0 0.00365
16.5 0.00356
17.0 0.00346
17.5 0.00334
18.0 0.00323
18.5 0.00308
19.0 0.00299
19.5 0.00287
20.0 0.0028
20.5 0.00264
21.0 0.00253
21.5 0.00242
22.0 0.00229
22.5 0.00222
23.0 0.00208
23.5 0.00198
24.0 0.00182
24.5 0.00169
25.0 0.00157
25.5 0.00146
26.0 0.00132
26.5 0.00118
27.0 0.00105
27.5 0.00093
28.0 0.00084
28.5 0.00067
29.0 0.00051
29.5 0.00037
30.0 0.00021
30.5 4.00000000012e-05
31.0 -0.000120000000001
31.5 -0.0003
32.0 -0.000450000000001
32.5 -0.000620000000001
33.0 -0.00078
33.5 -0.00099
34.0 -0.00117
34.5 -0.00135
35.0 -0.00155
35.5 -0.00177
36.0 -0.002
36.5 -0.00221
37.0 -0.00239
37.5 -0.0026
38.0 -0.00284
38.5 -0.00308
39.0 -0.00332
39.5 -0.0036
40.0 -0.00381
40.5 -0.0041
41.0 -0.00437
41.5 -0.00466
42.0 -0.00492
42.5 -0.00519
43.0 -0.00551
43.5 -0.00578
44.0 -0.00609
44.5 -0.00645
45.0 -0.00674
45.5 -0.0071
46.0 -0.00743
46.5 -0.00779
47.0 -0.00815
47.5 -0.00847
48.0 -0.00888
48.5 -0.00925
49.0 -0.00965
49.5 -0.01008
50.0 -0.01051
50.5 -0.01091
51.0 -0.01134
51.5 -0.01179
52.0 -0.01222
52.5 -0.01267
53.0 -0.01315
53.5 -0.01363
54.0 -0.01407
54.5 -0.01457
55.0 -0.01514
55.5 -0.01563
56.0 -0.01616
56.5 -0.01665
57.0 -0.0172
57.5 -0.01777
58.0 -0.01834
58.5 -0.01889
59.0 -0.01951
59.5 -0.0201
60.0 -0.0207
60.5 -0.02128
61.0 -0.02188
61.5 -0.02255
62.0 -0.02313
62.5 -0.02374
63.0 -0.02438
63.5 -0.02506
64.0 -0.02572
64.5 -0.0264
65.0 -0.02704
65.5 -0.0277
66.0 -0.02833
66.5 -0.02903
67.0 -0.0297
67.5 -0.03037
68.0 -0.03105
68.5 -0.03176
69.0 -0.03248
69.5 -0.03308
70.0 -0.03376
70.5 -0.03446
71.0 -0.03517
71.5 -0.03573
72.0 -0.03634
72.5 -0.03701
73.0 -0.03767
73.5 -0.03834
74.0 -0.03902
74.5 -0.0396
75.0 -0.04014
75.5 -0.04074
76.0 -0.04138
76.5 -0.04183
77.0 -0.04228
77.5 -0.04282
78.0 -0.04341
78.5 -0.04391
79.0 -0.04436
79.5 -0.04474
80.0 -0.04516
80.5 -0.04559
81.0 -0.04593
81.5 -0.04628
82.0 -0.04656
82.5 -0.04679
83.0 -0.04704
83.5 -0.04729
84.0 -0.04745
84.5 -0.04763
85.0 -0.04782
85.5 -0.04795
86.0 -0.04792
86.5 -0.04793
87.0 -0.04792
87.5 -0.04789
88.0 -0.04785
88.5 -0.04772
89.0 -0.0475
89.5 -0.04743
90.0 -0.04725
90.5 -0.04703
91.0 -0.04676
91.5 -0.04645
92.0 -0.04613
92.5 -0.04577
93.0 -0.04534
93.5 -0.04494
94.0 -0.04436
94.5 -0.04388
95.0 -0.04341
95.5 -0.04297
96.0 -0.04237
96.5 -0.04179
97.0 -0.0412
97.5 -0.04055
98.0 -0.03987
98.5 -0.03928
99.0 -0.03872
99.5 -0.03807
100.0 -0.03709
100.5 -0.0364
101.0 -0.03567
101.5 -0.03488
102.0 -0.03414
102.5 -0.0334
103.0 -0.0326
103.5 -0.0319
104.0 -0.0313
104.5 -0.0305
105.0 -0.0297
105.5 -0.029
106.0 -0.0284
106.5 -0.0276
107.0 -0.0266
107.5 -0.0259
108.0 -0.0256
108.5 -0.0247
109.0 -0.0241
109.5 -0.0234
110.0 -0.0226
110.5 -0.0216
111.0 -0.0212
111.5 -0.0207
112.0 -0.0201
112.5 -0.0196
113.0 -0.019
113.5 -0.0187
114.0 -0.0181
114.5 -0.0178
115.0 -0.0172
115.5 -0.0156
116.0 -0.0159
116.5 -0.0157
117.0 -0.0156
117.5 -0.0153
118.0 -0.015
118.5 -0.0141
119.0 -0.0109
119.5 -0.0035
120.0 -0.004
120.5 -0.0055
121.0 -0.0064
121.5 -0.0102
122.0 -0.013
122.5 -0.0108
123.0 -0.00836
123.5 -0.00772
124.0 -0.00865
124.5 -0.00719
125.0 -0.00628
125.5 -0.0056
126.0 -0.00542
126.5 -0.00467
127.0 -0.00365
127.5 -0.00284
128.0 -0.00263
128.5 -0.00277
129.0 -0.0021
129.5 -0.00115
130.0 -0.000389999999999
130.5 -0.00018
131.0 -5.00000000008e-05
131.5 0.00103
132.0 0.00116
132.5 0.00136
133.0 0.00186
133.5 0.00211
134.0 0.00265
134.5 0.00276
135.0 0.0031
135.5 0.00324
136.0 0.00345
136.5 0.00409
137.0 0.00458
137.5 0.0044
138.0 0.00474
138.5 0.00498
139.0 0.00543
139.5 0.00526
140.0 0.00543
140.5 0.0056
141.0 0.00565
141.5 0.00606
142.0 0.00658
142.5 0.00661
143.0 0.00664
143.5 0.0069
144.0 0.00687
144.5 0.00663
145.0 0.00676
145.5 0.00748
146.0 0.00765
146.5 0.00726
147.0 0.00727
147.5 0.00745
148.0 0.00768
148.5 0.007605
149.0 0.007649
149.5 0.007536
150.0 0.0073779
150.5 0.0076996
151.0 0.008246
151.5 0.008191
152.0 0.008001
152.5 0.008178
153.0 0.00831
153.5 0.00815
154.0 0.00798
154.5 0.00825
155.0 0.00829
155.5 0.00831
156.0 0.0086
156.5 0.00826
157.0 0.00824
157.5 0.0084
158.0 0.00819
158.5 0.00797
159.0 0.00815
159.5 0.00839
160.0 0.00882
160.5 0.00845
161.0 0.00888
161.5 0.00909
162.0 0.00891
162.5 0.00876
163.0 0.00882
163.5 0.00861
164.0 0.00854
164.5 0.00849
165.0 0.00936
165.5 0.00917
166.0 0.00855
166.5 0.00886
167.0 0.00942
167.5 0.00927
168.0 0.00915
168.5 0.00904
169.0 0.00907
169.5 0.00942
170.0 0.00922
170.5 0.00943
171.0 0.00951
171.5 0.00938
172.0 0.00991
172.5 0.00965
173.0 0.00957
173.5 0.00931
174.0 0.00929
174.5 0.00962
175.0 0.00939
175.5 0.00901
176.0 0.00912
176.5 0.01024
177.0 0.01171
177.5 0.01151
178.0 0.0113
178.5 0.0112
179.0 0.0077
179.5 0.0059
180.0 0.0047
180.5 0.0019
181.0 0.0046
181.5 0.0068
182.0 0.008
182.5 0.0094
183.0 0.0086
183.5 0.0087
184.0 0.0089
184.5 0.0083
185.0 0.0079
185.5 0.0072
186.0 0.0078
186.5 0.0074
187.0 0.0072
187.5 0.007
188.0 0.0067
188.5 0.0065
189.0 0.006
189.5 0.0057
190.0 0.0057
190.5 0.0051
191.0 0.0049
191.5 0.0044
192.0 0.0041
192.5 0.004
193.0 0.0032
193.5 0.0028
194.0 0.002
194.5 0.0013
195.0 0.000100000000002
195.5 -0.0014
196.0 -0.0024
196.5 -0.0034
197.0 -0.0055
197.5 -0.00768
198.0 -0.01358
198.5 -0.02003
199.0 -0.03263
199.5 -0.06614
