0.0 0.00165
0.5 0.02154
1.0 0.01957
1.5 0.01508
2.0 0.01305
2.5 0.01081
3.0 0.00994
3.5 0.00897
4.0 0.00827
4.5 0.00769
5.0 0.00707
5.5 0.00663
6.0 0.00614
6.5 0.00578
7.0 0.00557
7.5 0.00521
8.0 0.00485
8.5 0.00467
9.0 0.00455
9.5 0.00443
10.0 0.00407
10.5 0.00396
11.0 0.00379
11.5 0.00362
12.0 0.00358
12.5 0.00346
13.0 0.00324
13.5 0.00312
14.0 0.00301
14.5 0.0029
15.0 0.00282
15.5 0.0027
16.0 0.0026
16.5 0.00253
17.0 0.00243
17.5 0.0023
18.0 0.00223
18.5 0.00214
19.0 0.00206
19.5 0.0019
20.0 0.00183
20.5 0.00173
21.0 0.00165
21.5 0.00157
22.0 0.00145
22.5 0.0014
23.0 0.00128
23.5 0.00119
24.0 0.00108
24.5 0.00096
25.0 0.00086
25.5 0.000769999999999
26.0 0.00066
26.5 0.00056
27.0 0.000449999999999
27.5 0.000349999999999
28.0 0.000290000000001
28.5 0.00016
29.0 2.99999999998e-05
29.5 -7.99999999996e-05
30.0 -0.0002
30.5 -0.00033
31.0 -0.000450000000001
31.5 -0.00059
32.0 -0.0007
32.5 -0.000830000000001
33.0 -0.00096
33.5 -0.00111
34.0 -0.00123
34.5 -0.00138
35.0 -0.00154
35.5 -0.00171
36.0 -0.00188
36.5 -0.00203
37.0 -0.00215
37.5 -0.00231
38.0 -0.0025
38.5 -0.00268
39.0 -0.00285
39.5 -0.00306
40.0 -0.0032
40.5 -0.00343
41.0 -0.00363
41.5 -0.00384
42.0 -0.00403
42.5 -0.00422
43.0 -0.00445
43.5 -0.00465
44.0 -0.00488
44.5 -0.00515
45.0 -0.00537
45.5 -0.00563
46.0 -0.00587
46.5 -0.00614
47.0 -0.00639
47.5 -0.00662
48.0 -0.00693
48.5 -0.00721
49.0 -0.00752
49.5 -0.00786
50.0 -0.00816
50.5 -0.00843
51.0 -0.00874
51.5 -0.00908
52.0 -0.00941
52.5 -0.00977
53.0 -0.01012
53.5 -0.01046
54.0 -0.0108
54.5 -0.01122
55.0 -0.01163
55.5 -0.01201
56.0 -0.01241
56.5 -0.01278
57.0 -0.01322
57.5 -0.01366
58.0 -0.01411
58.5 -0.01454
59.0 -0.01503
59.5 -0.01551
60.0 -0.01598
60.5 -0.01644
61.0 -0.01692
61.5 -0.01745
62.0 -0.01795
62.5 -0.01846
63.0 -0.01898
63.5 -0.01955
64.0 -0.02012
64.5 -0.02069
65.0 -0.02125
65.5 -0.02185
66.0 -0.02235
66.5 -0.02297
67.0 -0.02356
67.5 -0.02417
68.0 -0.0248
68.5 -0.02546
69.0 -0.02614
69.5 -0.02676
70.0 -0.02739
70.5 -0.02807
71.0 -0.02874
71.5 -0.02938
72.0 -0.03002
72.5 -0.0307
73.0 -0.03139
73.5 -0.03205
74.0 -0.03281
74.5 -0.0335
75.0 -0.03416
75.5 -0.03487
76.0 -0.03559
76.5 -0.03624
77.0 -0.03689
77.5 -0.0376
78.0 -0.03835
78.5 -0.03898
79.0 -0.03967
79.5 -0.04037
80.0 -0.04106
80.5 -0.04176
81.0 -0.04238
81.5 -0.04302
82.0 -0.04361
82.5 -0.04424
83.0 -0.04487
83.5 -0.04542
84.0 -0.04602
84.5 -0.04663
85.0 -0.04727
85.5 -0.04771
86.0 -0.04821
86.5 -0.04868
87.0 -0.04911
87.5 -0.04955
88.0 -0.05007
88.5 -0.05051
89.0 -0.0508
89.5 -0.05114
90.0 -0.05144
90.5 -0.05174
91.0 -0.052
91.5 -0.0522
92.0 -0.05241
92.5 -0.05257
93.0 -0.05267
93.5 -0.05279
94.0 -0.05272
94.5 -0.05284
95.0 -0.05284
95.5 -0.05281
96.0 -0.0527
96.5 -0.05265
97.0 -0.05246
97.5 -0.05214
98.0 -0.05194
98.5 -0.05169
99.0 -0.05146
99.5 -0.05108
100.0 -0.05049
100.5 -0.05002
101.0 -0.04958
101.5 -0.04912
102.0 -0.04869
102.5 -0.0482
103.0 -0.0477
103.5 -0.047
104.0 -0.0464
104.5 -0.0456
105.0 -0.0449
105.5 -0.0443
106.0 -0.0436
106.5 -0.043
107.0 -0.0422
107.5 -0.0413
108.0 -0.0409
108.5 -0.0397
109.0 -0.0391
109.5 -0.0383
110.0 -0.0377
110.5 -0.0368
111.0 -0.0356
111.5 -0.0349
112.0 -0.0342
112.5 -0.0334
113.0 -0.0328
113.5 -0.0322
114.0 -0.0315
114.5 -0.0307
115.0 -0.0293
115.5 -0.0287
116.0 -0.0286
116.5 -0.0285
117.0 -0.0291
117.5 -0.0301
118.0 -0.0303
118.5 -0.0289
119.0 -0.0255
119.5 -0.0154
120.0 -0.0124
120.5 -0.0147
121.0 -0.0174
121.5 -0.0202
122.0 -0.0223
122.5 -0.0201
123.0 -0.01849
123.5 -0.01755
124.0 -0.01629
124.5 -0.01456
125.0 -0.01319
125.5 -0.01204
126.0 -0.01108
126.5 -0.0098
127.0 -0.00842
127.5 -0.0075
128.0 -0.00664
128.5 -0.00597
129.0 -0.00534
129.5 -0.00413
130.0 -0.00307
130.5 -0.00254
131.0 -0.00194
131.5 -0.00139
132.0 -0.00058
132.5 0.00019
133.0 0.000960000000001
133.5 0.00134
134.0 0.00174
134.5 0.00227
135.0 0.00288
135.5 0.00326
136.0 0.0036
136.5 0.00437
137.0 0.0051
137.5 0.00513
138.0 0.0056
138.5 0.0059
139.0 0.00649
139.5 0.00679
140.0 0.0071
140.5 0.00758
141.0 0.00741
141.5 0.0079
142.0 0.00846
142.5 0.00883
143.0 0.00921
143.5 0.00944
144.0 0.00921
144.5 0.00933
145.0 0.00944
145.5 0.01009
146.0 0.01064
146.5 0.01041
147.0 0.0106
147.5 0.01092
148.0 0.011062
148.5 0.01086
149.0 0.010971
149.5 0.010859
150.0 0.0106601
150.5 0.0110457
151.0 0.011615
151.5 0.011793
152.0 0.011688
152.5 0.011881
153.0 0.01201
153.5 0.01186
154.0 0.01175
154.5 0.01201
155.0 0.01208
155.5 0.01211
156.0 0.01251
156.5 0.01269
157.0 0.01256
157.5 0.01264
158.0 0.01256
158.5 0.0123
159.0 0.01222
159.5 0.01258
160.0 0.01301
160.5 0.0123
161.0 0.01289
161.5 0.01252
162.0 0.01286
162.5 0.01302
163.0 0.01304
163.5 0.01276
164.0 0.01266
164.5 0.01262
165.0 0.01317
165.5 0.01322
166.0 0.01313
166.5 0.0135
167.0 0.01361
167.5 0.01382
168.0 0.01354
168.5 0.01302
169.0 0.01317
169.5 0.0134
170.0 0.01366
170.5 0.01402
171.0 0.01417
171.5 0.01452
172.0 0.0143
172.5 0.01413
173.0 0.01477
173.5 0.01439
174.0 0.0138
174.5 0.0144
175.0 0.01372
175.5 0.01358
176.0 0.01428
176.5 0.0158
177.0 0.01377
177.5 0.01456
178.0 0.0137
178.5 0.0137
179.0 0.0101
179.5 0.0068
180.0 0.0077
180.5 0.0069
181.0 0.0093
181.5 0.0113
182.0 0.0121
182.5 0.0145
183.0 0.0132
183.5 0.0126
184.0 0.0117
184.5 0.0113
185.0 0.0115
185.5 0.0107
186.0 0.0107
186.5 0.011
187.0 0.0108
187.5 0.0103
188.0 0.0099
188.5 0.0099
189.0 0.0094
189.5 0.0091
190.0 0.009
190.5 0.0083
191.0 0.0082
191.5 0.0079
192.0 0.0073
192.5 0.0071
193.0 0.0065
193.5 0.0064
194.0 0.0055
194.5 0.0045
195.0 0.0036
195.5 0.0022
196.0 0.0009
196.5 -0.0008
197.0 -0.0031
197.5 -0.00498
198.0 -0.00978
198.5 -0.01555
199.0 -0.02775
199.5 -0.06417
