0.0 0.0046
0.5 0.01957
1.0 0.02105
1.5 0.01743
2.0 0.01562
2.5 0.01349
3.0 0.0127
3.5 0.01179
4.0 0.01133
4.5 0.01015
5.0 0.00973
5.5 0.00918
6.0 0.0087
6.5 0.00837
7.0 0.00809
7.5 0.00773
8.0 0.00747
8.5 0.00721
9.0 0.00694
9.5 0.00667
10.0 0.00647
10.5 0.00614
11.0 0.0059
11.5 0.00572
12.0 0.00554
12.5 0.00532
13.0 0.00506
13.5 0.0049
14.0 0.00471
14.5 0.00453
15.0 0.00433
15.5 0.00414
16.0 0.00395
16.5 0.00376
17.0 0.00358
17.5 0.00338
18.0 0.0032
18.5 0.00299
19.0 0.00281
19.5 0.00256
20.0 0.00238
20.5 0.00217
21.0 0.00195
21.5 0.00175
22.0 0.00152
22.5 0.00133
23.0 0.00107
23.5 0.00087
24.0 0.00059
24.5 0.000330000000001
25.0 0.000100000000001
25.5 -0.00016
26.0 -0.00043
26.5 -0.00069
27.0 -0.000970000000001
27.5 -0.00124
28.0 -0.00148
28.5 -0.0018
29.0 -0.00211
29.5 -0.00242
30.0 -0.00273
30.5 -0.00307
31.0 -0.0034
31.5 -0.00377
32.0 -0.0041
32.5 -0.00446
33.0 -0.00481
33.5 -0.00521
34.0 -0.00557
34.5 -0.00596
35.0 -0.00637
35.5 -0.0068
36.0 -0.00723
36.5 -0.00765
37.0 -0.00805
37.5 -0.00849
38.0 -0.00897
38.5 -0.00944
39.0 -0.00989
39.5 -0.01041
40.0 -0.01085
40.5 -0.0114
41.0 -0.0119
41.5 -0.01243
42.0 -0.01293
42.5 -0.01345
43.0 -0.01402
43.5 -0.01455
44.0 -0.01509
44.5 -0.01569
45.0 -0.01622
45.5 -0.01681
46.0 -0.01741
46.5 -0.01801
47.0 -0.0186
47.5 -0.01917
48.0 -0.01981
48.5 -0.0204
49.0 -0.02103
49.5 -0.02168
50.0 -0.02229
50.5 -0.02289
51.0 -0.02347
51.5 -0.0241
52.0 -0.02473
52.5 -0.02536
53.0 -0.02598
53.5 -0.02659
54.0 -0.02715
54.5 -0.02781
55.0 -0.02844
55.5 -0.02901
56.0 -0.02956
56.5 -0.03012
57.0 -0.03072
57.5 -0.03127
58.0 -0.03185
58.5 -0.03238
59.0 -0.03294
59.5 -0.03346
60.0 -0.03394
60.5 -0.03439
61.0 -0.03485
61.5 -0.03528
62.0 -0.0357
62.5 -0.03612
63.0 -0.0365
63.5 -0.03691
64.0 -0.03728
64.5 -0.03757
65.0 -0.03785
65.5 -0.03813
66.0 -0.03837
66.5 -0.03861
67.0 -0.03876
67.5 -0.0389
68.0 -0.03908
68.5 -0.03924
69.0 -0.03937
69.5 -0.03942
70.0 -0.03944
70.5 -0.03942
71.0 -0.03942
71.5 -0.03933
72.0 -0.03923
72.5 -0.03913
73.0 -0.03901
73.5 -0.03888
74.0 -0.03874
74.5 -0.03854
75.0 -0.0382
75.5 -0.03797
76.0 -0.03772
76.5 -0.03735
77.0 -0.03697
77.5 -0.03661
78.0 -0.0363
78.5 -0.03591
79.0 -0.03551
79.5 -0.03512
80.0 -0.03459
80.5 -0.03416
81.0 -0.03364
81.5 -0.03314
82.0 -0.03257
82.5 -0.03205
83.0 -0.03154
83.5 -0.03096
84.0 -0.0304
84.5 -0.02985
85.0 -0.02931
85.5 -0.02874
86.0 -0.02813
86.5 -0.02754
87.0 -0.02696
87.5 -0.02634
88.0 -0.02576
88.5 -0.02519
89.0 -0.02449
89.5 -0.02397
90.0 -0.02337
90.5 -0.02278
91.0 -0.02215
91.5 -0.02151
92.0 -0.0209
92.5 -0.02031
93.0 -0.01977
93.5 -0.01928
94.0 -0.01865
94.5 -0.01807
95.0 -0.01753
95.5 -0.01711
96.0 -0.01656
96.5 -0.01605
97.0 -0.0155
97.5 -0.01489
98.0 -0.01443
98.5 -0.01395
99.0 -0.01353
99.5 -0.01312
100.0 -0.01247
100.5 -0.01211
101.0 -0.01175
101.5 -0.0114
102.0 -0.011
102.5 -0.0106
103.0 -0.0101
103.5 -0.0097
104.0 -0.0096
104.5 -0.0093
105.0 -0.0088
105.5 -0.0085
106.0 -0.0082
106.5 -0.0079
107.0 -0.0074
107.5 -0.0073
108.0 -0.0075
108.5 -0.007
109.0 -0.0069
109.5 -0.0063
110.0 -0.0064
110.5 -0.0063
111.0 -0.0062
111.5 -0.0062
112.0 -0.0059
112.5 -0.0058
113.0 -0.0057
113.5 -0.0059
114.0 -0.0057
114.5 -0.0057
115.0 -0.0056
115.5 -0.0053
116.0 -0.0058
116.5 -0.0051
117.0 -0.0055
117.5 -0.0071
118.0 -0.0072
118.5 -0.0073
119.0 -0.0062
119.5 0.0022
120.0 0.0058
120.5 0.0051
121.0 0.000500000000001
121.5 -0.0029
122.0 -0.0056
122.5 -0.0059
123.0 -0.00337
123.5 -0.00243
124.0 -0.00279
124.5 -0.00208
125.0 -0.00183
125.5 -0.00182
126.0 -0.00199
126.5 -0.00175
127.0 -0.00113
127.5 -0.000589999999999
128.0 -0.000629999999999
128.5 -0.00108
129.0 -0.000789999999999
129.5 -0.00023
130.0 9.0000000001e-05
130.5 -0.00014
131.0 -0.00018
131.5 0.00069
132.0 0.00115
132.5 0.00125
133.0 0.00118
133.5 0.00111
134.0 0.00176
134.5 0.00191
135.0 0.00182
135.5 0.00193
136.0 0.00151
136.5 0.00206
137.0 0.00254
137.5 0.00241
138.0 0.00253
138.5 0.00231
139.0 0.00257
139.5 0.00276
140.0 0.0024
140.5 0.00278
141.0 0.00259
141.5 0.00273
142.0 0.00315
142.5 0.00318
143.0 0.00326
143.5 0.00338
144.0 0.0031
144.5 0.00316
145.0 0.00317
145.5 0.00328
146.0 0.00383
146.5 0.00363
147.0 0.00357
147.5 0.00365
148.0 0.003683
148.5 0.003455
149.0 0.003591
149.5 0.003506
150.0 0.0031151
150.5 0.0034954
151.0 0.004069
151.5 0.00397
152.0 0.003682
152.5 0.003882
153.0 0.00399
153.5 0.00377
154.0 0.00363
154.5 0.00378
155.0 0.00372
155.5 0.00384
156.0 0.00399
156.5 0.00414
157.0 0.00428
157.5 0.0044
158.0 0.00405
158.5 0.00377
159.0 0.00394
159.5 0.00406
160.0 0.0044
160.5 0.00413
161.0 0.0043
161.5 0.00445
162.0 0.00477
162.5 0.00465
163.0 0.0045
163.5 0.00406
164.0 0.00407
164.5 0.00472
165.0 0.00507
165.5 0.005
166.0 0.00443
166.5 0.00452
167.0 0.0046
167.5 0.00483
168.0 0.00522
168.5 0.0053
169.0 0.00517
169.5 0.00501
170.0 0.00528
170.5 0.00561
171.0 0.00494
171.5 0.00547
172.0 0.00579
172.5 0.00545
173.0 0.00555
173.5 0.00575
174.0 0.00607
174.5 0.00606
175.0 0.00617
175.5 0.00578
176.0 0.00548
176.5 0.00605
177.0 0.0054
177.5 0.00568
178.0 0.0044
178.5 0.0036
179.0 9.99999999998e-05
179.5 -0.0032
180.0 -0.0033
180.5 -0.0032
181.0 0.0015
181.5 0.0036
182.0 0.0046
182.5 0.0051
183.0 0.004
183.5 0.0043
184.0 0.004
184.5 0.0041
185.0 0.0043
185.5 0.0035
186.0 0.0034
186.5 0.003
187.0 0.0032
187.5 0.003
188.0 0.0025
188.5 0.0023
189.0 0.0022
189.5 0.0018
190.0 0.0017
190.5 0.0011
191.0 0.000900000000001
191.5 0.000399999999999
192.0 0.0
192.5 -0.000200000000001
193.0 -0.0009
193.5 -0.0012
194.0 -0.0021
194.5 -0.003
195.0 -0.004
195.5 -0.0057
196.0 -0.007
196.5 -0.0084
197.0 -0.01
197.5 -0.01308
198.0 -0.01897
198.5 -0.02595
199.0 -0.04069
199.5 -0.07134
