0.0 0.00135252924005
0.5 0.0261346458114
1.0 0.0291929457053
1.5 0.0217013023393
2.0 0.0166644170729
2.5 0.0125198538457
3.0 0.00949076067416
3.5 0.00657641025243
4.0 0.00442762693479
4.5 0.00226652210694
5.0 -0.000226281747178
5.5 -0.00216486491046
6.0 -0.00404342621291
6.5 -0.00583901177529
7.0 -0.00751794262153
7.5 -0.00922863310566
8.0 -0.0108490922785
8.5 -0.0124447424155
9.0 -0.0140089888017
9.5 -0.015587162511
10.0 -0.0171448890693
10.5 -0.01873315713
11.0 -0.0202611725189
11.5 -0.0217350586562
12.0 -0.0231850565039
12.5 -0.0246243000884
13.0 -0.026028290703
13.5 -0.0274027988131
14.0 -0.0287476341303
14.5 -0.030043204281
15.0 -0.0313350184559
15.5 -0.0325764681985
16.0 -0.0337571802244
16.5 -0.0348972946989
17.0 -0.0359959908234
17.5 -0.0370615341155
18.0 -0.0380809790983
18.5 -0.0390426825162
19.0 -0.0399474366209
19.5 -0.0408255459065
20.0 -0.0416096409429
20.5 -0.0423450994974
21.0 -0.0430194443187
21.5 -0.0436342574375
22.0 -0.0441912701329
22.5 -0.0446820595886
23.0 -0.0451362687729
23.5 -0.0455249535611
24.0 -0.0458444114984
24.5 -0.0461122718023
25.0 -0.0462967340817
25.5 -0.0464269237952
26.0 -0.0464925542207
26.5 -0.0464929193615
27.0 -0.0464489941692
27.5 -0.0463409332661
28.0 -0.0461823436198
28.5 -0.0459851398543
29.0 -0.0457351899102
29.5 -0.0454443660568
30.0 -0.0450809426394
30.5 -0.0446748793348
31.0 -0.0442416236883
31.5 -0.0437523823936
32.0 -0.043230601784
32.5 -0.0426745844522
33.0 -0.0420871292832
33.5 -0.0414703138109
34.0 -0.0408254175054
34.5 -0.0401694523201
35.0 -0.0394949051155
35.5 -0.0387826523214
36.0 -0.0380478291041
36.5 -0.0372946353589
37.0 -0.0365244247078
37.5 -0.0357480685156
38.0 -0.0349675468766
38.5 -0.0341715603341
39.0 -0.0333679791484
39.5 -0.032580217743
40.0 -0.0317751033531
40.5 -0.0309668559438
41.0 -0.0301541749645
41.5 -0.0293605548065
42.0 -0.0285589439992
42.5 -0.027759467173
43.0 -0.026974384685
43.5 -0.0261869054141
44.0 -0.025406429091
44.5 -0.0246364800698
45.0 -0.0238709232674
45.5 -0.0231315871423
46.0 -0.0223859694459
46.5 -0.0216622914905
47.0 -0.0209509504391
47.5 -0.020238682662
48.0 -0.0195569120608
48.5 -0.0188723446552
49.0 -0.0182126047301
49.5 -0.0175689430501
50.0 -0.0169158098352
50.5 -0.0162982172647
51.0 -0.0156888597747
51.5 -0.0150955228637
52.0 -0.0145250834834
52.5 -0.0139481862848
53.0 -0.0134060548826
53.5 -0.0128673716205
54.0 -0.0123362037142
54.5 -0.0118440791001
55.0 -0.0113372756722
55.5 -0.0108542212531
56.0 -0.010375383304
56.5 -0.00992427651523
57.0 -0.00950129736253
57.5 -0.0090572449825
58.0 -0.00864423709531
58.5 -0.00826104408793
59.0 -0.00787371964717
59.5 -0.00750330822699
60.0 -0.00712546559762
60.5 -0.00676641791082
61.0 -0.00639835891286
61.5 -0.00605840797767
62.0 -0.00574977929037
62.5 -0.00545231152925
63.0 -0.00516394044748
63.5 -0.00488157314672
64.0 -0.0046022750143
64.5 -0.00434791945453
65.0 -0.00408633291032
65.5 -0.00384248378072
66.0 -0.00360815336651
66.5 -0.00334466319585
67.0 -0.00311657083127
67.5 -0.00292952718756
68.0 -0.00272212910327
68.5 -0.00251004978139
69.0 -0.00235091298308
69.5 -0.00217945518088
70.0 -0.00200444106233
70.5 -0.00181799356719
71.0 -0.00165151647131
71.5 -0.00147140763792
72.0 -0.00131618656967
72.5 -0.00120404867953
73.0 -0.00110321442006
73.5 -0.000959322038041
74.0 -0.000819562534163
74.5 -0.000729984081364
75.0 -0.000621990941388
75.5 -0.000536647621994
76.0 -0.000392798833159
76.5 -0.000306993947015
77.0 -0.000171549027383
77.5 -7.60760948015e-05
78.0 -4.84334625597e-05
78.5 5.48959135909e-05
79.0 0.000130319097757
79.5 0.000146718370823
80.0 0.000277780274049
80.5 0.000267414892109
81.0 0.000362221846148
81.5 0.000444931822994
82.0 0.00051042127393
82.5 0.00052564926688
83.0 0.000533532996737
83.5 0.000579373862866
84.0 0.000667285561843
84.5 0.000660323707617
85.0 0.000636878623055
85.5 0.000690292604538
86.0 0.000726486055129
86.5 0.000719229128507
87.0 0.000787807911749
87.5 0.000869348051545
88.0 0.000837652342106
88.5 0.00084899810766
89.0 0.000872306387759
89.5 0.000881962093029
90.0 0.000901699129312
90.5 0.000846059733483
91.0 0.000825210366902
91.5 0.000769760898493
92.0 0.000771397922051
92.5 0.00080190587731
93.0 0.000817712664688
93.5 0.000810979746642
94.0 0.000790917493706
94.5 0.000782742769889
95.0 0.000671979185213
95.5 0.000697426580039
96.0 0.000804961798501
96.5 0.000677589974167
97.0 0.000515796961967
97.5 0.000511258808721
98.0 0.000562855944196
98.5 0.000542318901775
99.0 0.000518761411595
99.5 0.000475906676986
100.0 0.000617177185436
100.5 0.000532174079709
101.0 0.000504236513592
101.5 0.000334028037273
102.0 0.000172977650898
102.5 0.000116567597168
103.0 5.94355267012e-05
103.5 -0.000115215472675
104.0 -9.6616308042e-05
104.5 -0.00011431689142
105.0 -1.99706494044e-05
105.5 -0.000137843673116
106.0 -3.34835973916e-05
106.5 -0.000346883258516
107.0 -0.00038716353977
107.5 -0.000407531563511
108.0 -0.000516687632093
108.5 -0.00049632637834
109.0 -0.000437615060221
109.5 -0.000902904834909
110.0 -0.00110836021791
110.5 -0.0011349811495
111.0 -0.00117872849152
111.5 -0.00117206086301
112.0 -0.00145610979175
112.5 -0.00181183107468
113.0 -0.00167358336898
113.5 -0.00171198677897
114.0 -0.00202443958418
114.5 -0.00226756276743
115.0 -0.00170375184778
115.5 -0.0020209556464
116.0 -0.00275974688486
116.5 -0.00301157722892
117.0 -0.00267685804798
117.5 -0.00459428024288
118.0 -0.00400369233716
118.5 -0.00442491303403
119.0 -0.00123193825415
119.5 0.00562310856587
120.0 0.00257386383286
120.5 -0.000194038203659
121.0 -0.00326963236746
121.5 -0.0092476670692
122.0 -0.00765415300157
122.5 -0.00897947452417
123.0 -0.00693438268499
123.5 -0.0055232027343
124.0 -0.00523728493339
124.5 -0.003953127137
125.0 -0.0037083441843
125.5 -0.00355757899543
126.0 -0.00254670527566
126.5 -0.00371893939527
127.0 -0.00369412937091
127.5 -0.00310120517919
128.0 -0.00277491582042
128.5 -0.00262564488509
129.0 -0.00217851116288
129.5 -0.00204196307375
130.0 -0.00187612745544
130.5 -0.00175841288926
131.0 -0.0017322217662
131.5 -0.00149878021532
132.0 -0.001434393582
132.5 -0.00128026931491
133.0 -0.000993264095534
133.5 -0.0010397442006
134.0 -0.00134202008261
134.5 -0.00111844770707
135.0 -0.000985786943517
135.5 -0.00081165258571
136.0 -0.000757809385583
136.5 -0.000718672752708
137.0 -0.000575359263806
137.5 -0.000605643731987
138.0 -0.000460619999988
138.5 -0.000415755172543
139.0 -0.000356076451318
139.5 -0.000279507990772
140.0 -0.000213529417678
140.5 -0.000164618848697
141.0 -4.20915377255e-05
141.5 -4.94591395643e-05
142.0 9.78072806959e-05
142.5 0.000204693302246
143.0 0.000202211521158
143.5 7.93806030561e-05
144.0 0.000102206043572
144.5 0.000279031679737
145.0 0.000476728834649
145.5 0.000282374944868
146.0 0.00032869585211
146.5 0.000341876312785
147.0 0.000361520316182
147.5 0.000356425561297
148.0 0.000414683433569
148.5 0.000551802736228
149.0 0.000620144988969
149.5 0.000689626359164
150.0 0.000750661649386
150.5 0.000814320550175
151.0 0.000886897248404
151.5 0.000981208529718
152.0 0.00113469849618
152.5 0.00108642489722
153.0 0.00103504744639
153.5 0.00105219960979
154.0 0.0010640302595
154.5 0.00109485427192
155.0 0.00109853926613
155.5 0.00110837128537
156.0 0.00115539958867
156.5 0.00113729388181
157.0 0.00107749282603
157.5 0.00114947047553
158.0 0.00126571770542
158.5 0.0014280351326
159.0 0.00151536660491
159.5 0.00159627040875
160.0 0.00170982191958
160.5 0.00159910377336
161.0 0.0015857617165
161.5 0.00143355755708
162.0 0.00154036945175
162.5 0.00174138599576
163.0 0.00188230220737
163.5 0.00195571467949
164.0 0.00198862213995
164.5 0.0020581834811
165.0 0.00225266459343
165.5 0.00238688726648
166.0 0.00234645448679
166.5 0.0024621845448
167.0 0.00216563738336
167.5 0.00240451635702
168.0 0.00278121227985
168.5 0.00296524728602
169.0 0.00296438115859
169.5 0.00299860812709
170.0 0.00306429385
170.5 0.00252697014365
171.0 0.00292492171791
171.5 0.00320085364203
172.0 0.00340275735957
172.5 0.00376287494274
173.0 0.00411215719927
173.5 0.00447112957258
174.0 0.00440002857636
174.5 0.00383051246777
175.0 0.00432613535918
175.5 0.00414270912303
176.0 0.00469915576589
176.5 0.00541272851025
177.0 0.00618215039536
177.5 0.00620459517766
178.0 0.00582844215772
178.5 0.00380679719228
179.0 -0.00126205843709
179.5 -0.00264479557349
180.0 -0.000906912505087
180.5 -0.0013906256915
181.0 0.000368674085479
181.5 0.000429262326236
182.0 0.000221814755605
182.5 0.000917718842658
183.0 0.000181965017163
183.5 8.18349932246e-05
184.0 -2.34058487223e-05
184.5 0.000529393066088
185.0 0.000269479115957
185.5 -4.92016629323e-05
186.0 -2.24103634139e-05
186.5 -0.000197594371869
187.0 5.54520631511e-05
187.5 -3.32903300659e-06
188.0 -0.000295746574693
188.5 -0.000440191381543
189.0 -0.000648034106291
189.5 -0.000869838755492
190.0 -0.00106428842135
190.5 -0.00141452253163
191.0 -0.00152714772993
191.5 -0.00180571980194
192.0 -0.00208751123444
192.5 -0.00231788067941
193.0 -0.0028374520052
193.5 -0.00323595998093
194.0 -0.00382082075741
194.5 -0.00450194070011
195.0 -0.00512704967578
195.5 -0.00637743026749
196.0 -0.00723248628896
196.5 -0.00816832507557
197.0 -0.00903687850705
197.5 -0.0109539905215
198.0 -0.015217571969
198.5 -0.0201339546007
199.0 -0.0298933597743
199.5 -0.0482980639321
