0.0 0.0065844396981
0.5 0.0323746145754
1.0 0.0421413838028
1.5 0.0358003377732
2.0 0.0327312590536
2.5 0.0297731247287
3.0 0.0278833905884
3.5 0.02677189202
4.0 0.0256803990175
4.5 0.0247428040592
5.0 0.023875740768
5.5 0.0232118944268
6.0 0.0225801693098
6.5 0.0220701066681
7.0 0.0215542803303
7.5 0.0210421414669
8.0 0.0207652383461
8.5 0.0204305880444
9.0 0.0201211160082
9.5 0.0197960753858
10.0 0.0194708569821
10.5 0.0192034210279
11.0 0.018920389894
11.5 0.0186398957973
12.0 0.0183632924732
12.5 0.0180819882258
13.0 0.0177904392869
13.5 0.0174982647291
14.0 0.0171957972766
14.5 0.016891146198
15.0 0.0165689854993
15.5 0.016209937363
16.0 0.0158604169398
16.5 0.015506325545
17.0 0.0150889954941
17.5 0.0146453226227
18.0 0.0142083502381
18.5 0.0137395114584
19.0 0.0132391858477
19.5 0.0126909416417
20.0 0.0121075676389
20.5 0.0114844361135
21.0 0.0108430085597
21.5 0.0101481504141
22.0 0.0094013904621
22.5 0.00861313219034
23.0 0.00778961733339
23.5 0.00689372388845
24.0 0.00593222250043
24.5 0.00491982731991
25.0 0.00385760700908
25.5 0.00270801637625
26.0 0.00148266756545
26.5 0.000191872667402
27.0 -0.00116321789108
27.5 -0.00258138160537
28.0 -0.00411299497547
28.5 -0.00573084005815
29.0 -0.00738968351299
29.5 -0.00917419119391
30.0 -0.0110595759871
30.5 -0.0130461421464
31.0 -0.0150852972062
31.5 -0.0172025621681
32.0 -0.0194738635064
32.5 -0.0218267599453
33.0 -0.0242085054809
33.5 -0.0266903505166
34.0 -0.0292689104599
34.5 -0.0318900526475
35.0 -0.0346158952604
35.5 -0.037321427922
36.0 -0.0400724274149
36.5 -0.0428324430065
37.0 -0.0456057003206
37.5 -0.0483806546801
38.0 -0.0510982772982
38.5 -0.0537038552781
39.0 -0.0562339630982
39.5 -0.058697524242
40.0 -0.0610289578433
40.5 -0.0631752163086
41.0 -0.065159553262
41.5 -0.0669431820413
42.0 -0.0685086843965
42.5 -0.0698661290798
43.0 -0.0710265398489
43.5 -0.0719837177733
44.0 -0.0727123106824
44.5 -0.0732275771701
45.0 -0.0734998246128
45.5 -0.0736139046224
46.0 -0.0735453213198
46.5 -0.0732992396358
47.0 -0.0729210306498
47.5 -0.0723817409128
48.0 -0.0717166906246
48.5 -0.0709306461717
49.0 -0.0700513853676
49.5 -0.0690625472248
50.0 -0.0679747194712
50.5 -0.066843136835
51.0 -0.0656603418753
51.5 -0.0643951644786
52.0 -0.0631059071315
52.5 -0.0617655052617
53.0 -0.0604203108292
53.5 -0.0590418270875
54.0 -0.057638125006
54.5 -0.0562273225517
55.0 -0.0547917494799
55.5 -0.0533670559241
56.0 -0.0519134737943
56.5 -0.0504919279954
57.0 -0.0490601813675
57.5 -0.0476269871828
58.0 -0.0462298388646
58.5 -0.0448485871244
59.0 -0.0434548958046
59.5 -0.0420705520292
60.0 -0.0406876708348
60.5 -0.0393215081932
61.0 -0.0379844258465
61.5 -0.0366709730408
62.0 -0.0353967441614
62.5 -0.034105948784
63.0 -0.0328613226746
63.5 -0.0316276076466
64.0 -0.0304029488123
64.5 -0.0292337702793
65.0 -0.0280696347713
65.5 -0.0269147263802
66.0 -0.0257873645525
66.5 -0.0246814363404
67.0 -0.0236047037682
67.5 -0.0225920786516
68.0 -0.021553625446
68.5 -0.0205422765819
69.0 -0.0196055392571
69.5 -0.0186688695915
70.0 -0.0177423093882
70.5 -0.0168463744017
71.0 -0.0159792162393
71.5 -0.0151358915968
72.0 -0.0142615296432
72.5 -0.0134481048813
73.0 -0.0127129407321
73.5 -0.0120003895452
74.0 -0.0112880771855
74.5 -0.0105922848279
75.0 -0.00991971362567
75.5 -0.00927477158562
76.0 -0.00862807413341
76.5 -0.00801644459689
77.0 -0.00743102219774
77.5 -0.00687919495774
78.0 -0.00632527969621
78.5 -0.0057979614661
79.0 -0.00535399460026
79.5 -0.00494268415633
80.0 -0.00441254398561
80.5 -0.00400502681975
81.0 -0.00358476894443
81.5 -0.00321168582483
82.0 -0.00281591115244
82.5 -0.00242167482361
83.0 -0.00210105632946
83.5 -0.00175716948263
84.0 -0.00147304185176
84.5 -0.00124494680931
85.0 -0.000871367386186
85.5 -0.000648513450674
86.0 -0.000381489612675
86.5 -0.000174739388541
87.0 3.53353916331e-05
87.5 0.000299506953453
88.0 0.000473167945685
88.5 0.000667908323123
89.0 0.000820885034347
89.5 0.000981154845444
90.0 0.00113146689288
90.5 0.00121166055305
91.0 0.00135309558014
91.5 0.00149483481869
92.0 0.00160051826901
92.5 0.00171692499414
93.0 0.00176573057601
93.5 0.0017853285828
94.0 0.00195589027278
94.5 0.00202974345627
95.0 0.00188541337583
95.5 0.00209401245889
96.0 0.00210599691224
96.5 0.00214531374066
97.0 0.00211251906545
97.5 0.00214153964793
98.0 0.00222543480585
98.5 0.00222946588182
99.0 0.0021840178791
99.5 0.00222665087699
100.0 0.00222065566039
100.5 0.00203995651625
101.0 0.00204481907456
101.5 0.00197420458136
102.0 0.0018003406076
102.5 0.00174418759578
103.0 0.00176790331002
103.5 0.00167734256618
104.0 0.00172144226384
104.5 0.00161808903176
105.0 0.00146962163834
105.5 0.001710519896
106.0 0.00151704436524
106.5 0.00125383408567
107.0 0.00101927832868
107.5 0.000943982348467
108.0 0.000838579871179
108.5 0.000552413422184
109.0 0.000337051386161
109.5 0.000425574337505
110.0 -3.6432458721e-05
110.5 7.21291006371e-05
111.0 0.000230289748636
111.5 -0.000296905972085
112.0 -0.000497033688887
112.5 -0.000685119862823
113.0 -0.000902273417296
113.5 -0.00122287616031
114.0 -0.00128137917275
114.5 -0.00164132315992
115.0 -0.00160355404705
115.5 -0.00118818456556
116.0 -0.00195750714131
116.5 -0.00204517067733
117.0 -0.00218842860528
117.5 -0.00364750177421
118.0 -0.00125915705469
118.5 8.15779671228e-05
119.0 0.00215097023955
119.5 0.010905816138
120.0 0.0116515390167
120.5 0.00739603033892
121.0 0.00539009907853
121.5 -0.00042377951668
122.0 -0.000569176638194
122.5 -0.00296188476193
123.0 -0.00155001986559
123.5 -0.00154430215606
124.0 -0.00195953963815
124.5 -0.00204724165228
125.0 -0.00261968180374
125.5 -0.00184513515431
126.0 -0.00155300119833
126.5 -0.00278411826105
127.0 -0.00274658537113
127.5 -0.00225169650761
128.0 -0.002071846889
128.5 -0.00208078160491
129.0 -0.00162493130917
129.5 -0.00166783369563
130.0 -0.00115927116076
130.5 -0.0012751828802
131.0 -0.000566129100321
131.5 -0.000868799063568
132.0 -0.00063247019235
132.5 -0.000309591065047
133.0 -0.000114401062042
133.5 -0.000139462835918
134.0 -0.00015617742023
134.5 -0.000147827650856
135.0 -0.000148753359255
135.5 -9.22299430783e-06
136.0 0.000211617983702
136.5 0.00037899500462
137.0 0.000562181911921
137.5 0.000700409820688
138.0 0.000584817353459
138.5 0.000337214196765
139.0 0.000774444809963
139.5 0.000921517204567
140.0 0.000710993271174
140.5 0.00103167317155
141.0 0.00118398233223
141.5 0.00123633469336
142.0 0.00109333683574
142.5 0.00106302932416
143.0 0.00123987501304
143.5 0.0013188595371
144.0 0.00137460975986
144.5 0.00160578326754
145.0 0.00171300947045
145.5 0.00191113046289
146.0 0.00173599260106
146.5 0.00175111556285
147.0 0.00180235988114
147.5 0.001842975759
148.0 0.00192158111581
148.5 0.00204868384254
149.0 0.0021690064912
149.5 0.00234678291839
150.0 0.00224221192768
150.5 0.00229466494729
151.0 0.00232441762905
151.5 0.00233267733515
152.0 0.00241839937942
152.5 0.00259214130984
153.0 0.00267593127224
153.5 0.00264740632491
154.0 0.00266629379175
154.5 0.0026978312857
155.0 0.00271499197962
155.5 0.00275965555905
156.0 0.00280388620652
156.5 0.00283662029371
157.0 0.00288370791301
157.5 0.00285715215944
158.0 0.00276429197978
158.5 0.00286505268754
159.0 0.0030554833107
159.5 0.00318415290847
160.0 0.00336823615918
160.5 0.00348475891527
161.0 0.00326604600271
161.5 0.00346793666361
162.0 0.00365762786509
162.5 0.00371568465648
163.0 0.00362462003318
163.5 0.0036466997032
164.0 0.00386653590736
164.5 0.0040638466129
165.0 0.0043058060665
165.5 0.00424164288326
166.0 0.00418347514511
166.5 0.00412699668625
167.0 0.00422577803389
167.5 0.00463350789366
168.0 0.00492494346979
168.5 0.00508632242672
169.0 0.00517970497654
169.5 0.0053499015969
170.0 0.00556278006175
170.5 0.00565463866523
171.0 0.00577923611611
171.5 0.00602066136418
172.0 0.00625966011194
172.5 0.00675109838325
173.0 0.00701968931837
173.5 0.00712271005277
174.0 0.00723864552897
174.5 0.00711578340274
175.0 0.00634888774343
175.5 0.00633275095224
176.0 0.00634678232338
176.5 0.00633269610749
177.0 0.00665787495173
177.5 0.0078009893452
178.0 0.00613339782355
178.5 0.00503387261581
179.0 0.000717309735691
179.5 -0.00221401539804
180.0 -0.0041296173267
180.5 -0.00606362617309
181.0 -0.00147709060538
181.5 0.0024653366671
182.0 0.00255691469205
182.5 0.00451460814593
183.0 0.00325863905458
183.5 0.00314901211156
184.0 0.00291763242883
184.5 0.00330267644757
185.0 0.00293855610721
185.5 0.00255659480041
186.0 0.00256641310769
186.5 0.00238046120703
187.0 0.00200302090022
187.5 0.00202257857752
188.0 0.00188601111172
188.5 0.00151011820721
189.0 0.00119314268784
189.5 0.00091963710706
190.0 0.000702985824262
190.5 0.000194724146638
191.0 -6.85764726285e-05
191.5 -0.000448746901881
192.0 -0.000789169510838
192.5 -0.00101579152228
193.0 -0.0017871155941
193.5 -0.00236517322561
194.0 -0.00321519332688
194.5 -0.00412296116157
195.0 -0.00498908996789
195.5 -0.00667885114174
196.0 -0.00805468046944
196.5 -0.00965856762788
197.0 -0.0113972660662
197.5 -0.0144747409324
198.0 -0.0204410312599
198.5 -0.0275979720824
199.0 -0.0423754492248
199.5 -0.0690728046342
