0.0 0.00597228149549
0.5 0.0328630982835
1.0 0.0439623227579
1.5 0.0376683545734
2.0 0.0342458384247
2.5 0.0311981649321
3.0 0.029862594625
3.5 0.0285253843513
4.0 0.0273818881399
4.5 0.0264886633648
5.0 0.0255640982215
5.5 0.0249094567364
6.0 0.024267236561
6.5 0.0237188877987
7.0 0.0233732668129
7.5 0.0229138462245
8.0 0.0224755891218
8.5 0.0222040050311
9.0 0.0219511660455
9.5 0.0216751470018
10.0 0.0213751191574
10.5 0.0211436095584
11.0 0.0208951554875
11.5 0.0206472400211
12.0 0.0204585450511
12.5 0.0201958521315
13.0 0.0198982870651
13.5 0.0197061559361
14.0 0.0194719570869
14.5 0.0192204261584
15.0 0.0189586700012
15.5 0.0186708648275
16.0 0.0184104021169
16.5 0.0181253620562
17.0 0.0178209399002
17.5 0.0174587169415
18.0 0.0170826478432
18.5 0.0167073215576
19.0 0.0163209469161
19.5 0.01589050659
20.0 0.015438956392
20.5 0.0149499151716
21.0 0.0144447036971
21.5 0.0138970887188
22.0 0.0133105202899
22.5 0.0126869039271
23.0 0.0120319405847
23.5 0.011314913635
24.0 0.0105547412983
24.5 0.0097448149246
25.0 0.00890174276983
25.5 0.00800305595526
26.0 0.00704144292142
26.5 0.00602603732502
27.0 0.00493838049639
27.5 0.00381247887398
28.0 0.00261004376496
28.5 0.00131910003331
29.0 -4.35233927929e-05
29.5 -0.00146415681968
30.0 -0.00296363364242
30.5 -0.00455773713238
31.0 -0.00623003842319
31.5 -0.0079859570721
32.0 -0.00984514282636
32.5 -0.0117766830081
33.0 -0.01381400295
33.5 -0.0159551382584
34.0 -0.0182106377275
34.5 -0.0205479046705
35.0 -0.0229963393156
35.5 -0.0255586594199
36.0 -0.0282102839526
36.5 -0.0309621622802
37.0 -0.0338377020664
37.5 -0.0367906184469
38.0 -0.0398054913355
38.5 -0.0429255421095
39.0 -0.0461188481844
39.5 -0.049392991964
40.0 -0.0527610464076
40.5 -0.0561834615522
41.0 -0.059621217426
41.5 -0.0630854971679
42.0 -0.0665430839348
42.5 -0.0699739996722
43.0 -0.0733614313736
43.5 -0.0766768661334
44.0 -0.0799033388156
44.5 -0.0830107316838
45.0 -0.0858878892534
45.5 -0.0886087510488
46.0 -0.0911037846455
46.5 -0.0933254141821
47.0 -0.0952658924799
47.5 -0.0968781257319
48.0 -0.0981861928111
48.5 -0.0991615362433
49.0 -0.0998012966025
49.5 -0.100063533461
50.0 -0.0999328102351
50.5 -0.0995002899218
51.0 -0.0987159417303
51.5 -0.0976616180001
52.0 -0.0963165624651
52.5 -0.0946964710286
53.0 -0.092876265176
53.5 -0.0908562223751
54.0 -0.0886578380834
54.5 -0.0863008454225
55.0 -0.0837954696157
55.5 -0.0811937041155
56.0 -0.0785512601832
56.5 -0.0758218954324
57.0 -0.0730885288617
57.5 -0.0703377023817
58.0 -0.0675909296345
58.5 -0.0648683628749
59.0 -0.0621304823331
59.5 -0.0594295333248
60.0 -0.0567613500531
60.5 -0.0541433372469
61.0 -0.0515812975368
61.5 -0.049068800322
62.0 -0.0466436345314
62.5 -0.044281296148
63.0 -0.0419768244363
63.5 -0.0397364694073
64.0 -0.0375551456508
64.5 -0.0354678430865
65.0 -0.0334345439917
65.5 -0.0314607103586
66.0 -0.0295595108538
66.5 -0.0277376486925
67.0 -0.0259998636673
67.5 -0.0242950742067
68.0 -0.0226744223998
68.5 -0.021144761904
69.0 -0.0196543752854
69.5 -0.0182226627577
70.0 -0.0168655140206
70.5 -0.0155762892444
71.0 -0.0143044767795
71.5 -0.0130923668791
72.0 -0.0119608295372
72.5 -0.0108515684734
73.0 -0.0098260723404
73.5 -0.00883661137936
74.0 -0.00790772974804
74.5 -0.0070274764422
75.0 -0.00618811090215
75.5 -0.00539126624511
76.0 -0.00461331129561
76.5 -0.0038854698063
77.0 -0.0031874019357
77.5 -0.00250776807193
78.0 -0.00188307972145
78.5 -0.0013087897281
79.0 -0.000772839741627
79.5 -0.000253672525597
80.0 0.000242376771512
80.5 0.000674906357469
81.0 0.00112427181026
81.5 0.00151876859445
82.0 0.00191146814924
82.5 0.0022579068065
83.0 0.00260124028897
83.5 0.00296482153066
84.0 0.00323648767835
84.5 0.00346506067831
85.0 0.00371143952378
85.5 0.00388482190185
86.0 0.00406391465814
86.5 0.00429561772801
87.0 0.00450197758087
87.5 0.00469967328305
88.0 0.00482258324978
88.5 0.00498973674682
89.0 0.00515539062782
89.5 0.0052438556148
90.0 0.00528650675257
90.5 0.00542196940102
91.0 0.00548453184395
91.5 0.00555629098691
92.0 0.005592662563
92.5 0.00562018788511
93.0 0.0056381059798
93.5 0.00564410265375
94.0 0.00571201862923
94.5 0.00570151271074
95.0 0.00566234319399
95.5 0.00556276353012
96.0 0.00567363033131
96.5 0.00570718479221
97.0 0.0055844545843
97.5 0.00548323808493
98.0 0.00547303491969
98.5 0.00550801594002
99.0 0.00559069579187
99.5 0.005549490901
100.0 0.00551566368012
100.5 0.00534976982271
101.0 0.00521536309613
101.5 0.00508099812236
102.0 0.00495627849639
102.5 0.00481591723359
103.0 0.00472507537226
103.5 0.00456067301626
104.0 0.00439950011486
104.5 0.00439307319645
105.0 0.004411120864
105.5 0.00408788605566
106.0 0.00379505765299
106.5 0.00374665421418
107.0 0.00363366823624
107.5 0.00344771483498
108.0 0.00320351274281
108.5 0.00312138107557
109.0 0.00325416570941
109.5 0.00279936448585
110.0 0.00274551127873
110.5 0.00237711962859
111.0 0.00210655915263
111.5 0.00212327935707
112.0 0.00212103642782
112.5 0.00186664893916
113.0 0.00147113025888
113.5 0.000736406293669
114.0 0.000668319194446
114.5 0.000813964007961
115.0 0.00048288076151
115.5 0.00106928931444
116.0 0.000565615798578
116.5 0.00100964937627
117.0 0.000715069825432
117.5 -7.63511852284e-05
118.0 0.00160842553188
118.5 0.00456292332008
119.0 0.00757951260876
119.5 0.0121647097657
120.0 0.0101900084738
120.5 0.00890572149268
121.0 0.00533645114722
121.5 4.81657495044e-05
122.0 3.26435494884e-05
122.5 -0.00304410528322
123.0 -0.00211700150079
123.5 -0.000968730365187
124.0 -0.000697796891956
124.5 -0.000974408095431
125.0 -0.000730145555224
125.5 -0.000465894315099
126.0 -0.00170086222161
126.5 -0.00187775194668
127.0 -0.00149016538431
127.5 -0.00103934622429
128.0 -0.000805032426484
128.5 -0.000823974968078
129.0 -0.00044176405892
129.5 -0.000237385388203
130.0 -0.00010451050737
130.5 -0.000487959938788
131.0 7.94368103314e-05
131.5 0.000261636160282
132.0 0.000732254234563
132.5 0.000645148238313
133.0 0.000459758501592
133.5 0.000453914736404
134.0 0.00043489995884
134.5 0.000879125711606
135.0 0.000875735729871
135.5 0.00100880464171
136.0 0.00104709194392
136.5 0.000803788910126
137.0 0.00114841727915
137.5 0.00113340744624
138.0 0.00132314993926
138.5 0.00148518924618
139.0 0.00143169545943
139.5 0.0014091461586
140.0 0.00172847624633
140.5 0.00186913015846
141.0 0.00153297294879
141.5 0.00162312060538
142.0 0.00173304355503
142.5 0.00172545990094
143.0 0.00201456553805
143.5 0.00213082400636
144.0 0.00187315214318
144.5 0.0019641453055
145.0 0.00196131700101
145.5 0.00194371661328
146.0 0.00193989163935
146.5 0.0020831433258
147.0 0.00228133127406
147.5 0.00217525280002
148.0 0.00211253781278
148.5 0.00221764424411
149.0 0.00223096341689
149.5 0.00232014920948
150.0 0.00236732469548
150.5 0.00231059122056
151.0 0.00229820895647
151.5 0.00223449158416
152.0 0.00226576246487
152.5 0.00238828419814
153.0 0.00259269146473
153.5 0.00264282097274
154.0 0.00254629666992
154.5 0.00265354977946
155.0 0.00276925968192
155.5 0.00288503080185
156.0 0.00301584882385
156.5 0.00320032642996
157.0 0.00321391754845
157.5 0.00315085322408
158.0 0.00311247312936
158.5 0.00311468195235
159.0 0.00305690417298
159.5 0.00319112405701
160.0 0.00334212399153
160.5 0.00341300773565
161.0 0.00355842286303
161.5 0.0036734924116
162.0 0.00353248701802
162.5 0.00360309147326
163.0 0.00377500785746
163.5 0.00388021017326
164.0 0.00396438949696
164.5 0.00406258808585
165.0 0.00422461825262
165.5 0.00435153360913
166.0 0.00430620773688
166.5 0.00441504524748
167.0 0.00439975450716
167.5 0.00467237088714
168.0 0.00467492520339
168.5 0.00475740520298
169.0 0.00507109349194
169.5 0.00521839547552
170.0 0.00532776870051
170.5 0.0048624033015
171.0 0.00534060964168
171.5 0.00562007908221
172.0 0.00597477714416
172.5 0.00640554684703
173.0 0.00621140082308
173.5 0.00624334444943
174.0 0.00679610373123
174.5 0.00679735770373
175.0 0.00607859684942
175.5 0.00599656558664
176.0 0.00623703505504
176.5 0.00672140533798
177.0 0.00715177913948
177.5 0.00750263614312
178.0 0.00581353219457
178.5 0.00399928565749
179.0 -0.00057231925561
179.5 -0.0013116885695
180.0 -8.84714209803e-05
180.5 -0.00130777326211
181.0 0.00119676064517
181.5 0.00434258977954
182.0 0.00484249826421
182.5 0.00521233755292
183.0 0.00416098758527
183.5 0.00404271418724
184.0 0.0036004674219
184.5 0.00336677806582
185.0 0.00328025585415
185.5 0.0030009845386
186.0 0.00308065070945
186.5 0.00305286366465
187.0 0.00298283442827
187.5 0.00280829004697
188.0 0.0025582768927
188.5 0.00240303265993
189.0 0.00226582411648
189.5 0.00208080452892
190.0 0.00173502149261
190.5 0.00135975355151
191.0 0.00113517959132
191.5 0.000753617065286
192.0 0.000446125622275
192.5 0.000207604287809
193.0 -0.000379727961757
193.5 -0.000682088995859
194.0 -0.00126824839354
194.5 -0.00216644409788
195.0 -0.0028527845451
195.5 -0.00430529621812
196.0 -0.00514886429355
196.5 -0.00612868051914
197.0 -0.00698350009435
197.5 -0.00877275692811
198.0 -0.0129298707193
198.5 -0.0179223641252
199.0 -0.0273586250346
199.5 -0.045096780567
