0.0 0.00926736749827
0.5 0.0274089729918
1.0 0.0382887516802
1.5 0.033663030907
2.0 0.0314268401053
2.5 0.0296177118447
3.0 0.0283215586985
3.5 0.0269006430805
4.0 0.0263827159836
4.5 0.0257146645255
5.0 0.0249864223771
5.5 0.0245650425566
6.0 0.0240677614274
6.5 0.0235683795679
7.0 0.0233192288645
7.5 0.0230751680116
8.0 0.0228920517233
8.5 0.0227168961602
9.0 0.0225818695227
9.5 0.0223848287339
10.0 0.0222693296564
10.5 0.0221709602031
11.0 0.021998838194
11.5 0.0219001102064
12.0 0.0217733975368
12.5 0.0216632051175
13.0 0.0215696662999
13.5 0.021443747935
14.0 0.0213503206623
14.5 0.0212638537011
15.0 0.0210831212499
15.5 0.0209188484522
16.0 0.0208003919998
16.5 0.0206543281837
17.0 0.0204909820034
17.5 0.020283337556
18.0 0.0200609310836
18.5 0.0198081488067
19.0 0.0195538056366
19.5 0.019247138528
20.0 0.0189335696852
20.5 0.0185867533342
21.0 0.0182300725428
21.5 0.017803172923
22.0 0.0173440476461
22.5 0.016853717701
23.0 0.0163126426631
23.5 0.0157207875147
24.0 0.0150810741188
24.5 0.0143719927703
25.0 0.0136104605539
25.5 0.0127865392685
26.0 0.011913444115
26.5 0.0109724509444
27.0 0.00995842370489
27.5 0.0088889804335
28.0 0.007740605248
28.5 0.00650565394534
29.0 0.00518141865286
29.5 0.00379575519189
30.0 0.00233668158688
30.5 0.0007909408033
31.0 -0.000821636360181
31.5 -0.0025089740233
32.0 -0.00425651815222
32.5 -0.00603750009242
33.0 -0.00789628074985
33.5 -0.00981050658661
34.0 -0.0117804978397
34.5 -0.0137981315943
35.0 -0.0158510853376
35.5 -0.0178475568514
36.0 -0.0198896193865
36.5 -0.0219362581066
37.0 -0.0239583704908
37.5 -0.0259589434799
38.0 -0.0279366796927
38.5 -0.0298891901139
39.0 -0.0317942967212
39.5 -0.0336653821393
40.0 -0.0354229630909
40.5 -0.0371694561108
41.0 -0.0388848227057
41.5 -0.0405339686338
42.0 -0.0421019566072
42.5 -0.0436094380728
43.0 -0.0450730418396
43.5 -0.0465010815762
44.0 -0.0479170086814
44.5 -0.0492384801439
45.0 -0.0504936528708
45.5 -0.0517335318628
46.0 -0.0529166227617
46.5 -0.0540267076488
47.0 -0.0551176550938
47.5 -0.0561738736224
48.0 -0.0571976260726
48.5 -0.0581525395046
49.0 -0.0590597143505
49.5 -0.0599076362896
50.0 -0.0607295861745
50.5 -0.061510986261
51.0 -0.0622472002952
51.5 -0.0629460565568
52.0 -0.0635997031921
52.5 -0.0641728880664
53.0 -0.0647102130028
53.5 -0.0651896541465
54.0 -0.0656386901934
54.5 -0.0660233077364
55.0 -0.0662969076475
55.5 -0.0665596199814
56.0 -0.0667607207042
56.5 -0.0668627722314
57.0 -0.0669284743262
57.5 -0.0669229518231
58.0 -0.0668635871726
58.5 -0.0667192345803
59.0 -0.0664647255416
59.5 -0.0661779618806
60.0 -0.0657846186672
60.5 -0.065308640385
61.0 -0.0647781626253
61.5 -0.0641174524024
62.0 -0.0633815177407
62.5 -0.0625863888287
63.0 -0.0617513674185
63.5 -0.0608135851421
64.0 -0.0597827787113
64.5 -0.0587051628159
65.0 -0.0575338017669
65.5 -0.0562759459663
66.0 -0.0549620161957
66.5 -0.0535891099743
67.0 -0.0521849725023
67.5 -0.0507355640278
68.0 -0.0492318010519
68.5 -0.0476955126788
69.0 -0.0461311790982
69.5 -0.0445661908581
70.0 -0.0429679869814
70.5 -0.0413447301443
71.0 -0.0397254180209
71.5 -0.03812622056
72.0 -0.0364854246443
72.5 -0.0348839207025
73.0 -0.0333466279929
73.5 -0.0317806343392
74.0 -0.0302808008017
74.5 -0.0287906294072
75.0 -0.0273182899998
75.5 -0.0259127776424
76.0 -0.0245251912015
76.5 -0.0231546530786
77.0 -0.0218167250484
77.5 -0.0205466610858
78.0 -0.0193251740467
78.5 -0.0181715235997
79.0 -0.0170501291433
79.5 -0.0159509272399
80.0 -0.014919641173
80.5 -0.013963884467
81.0 -0.0129285445571
81.5 -0.0120102205407
82.0 -0.0111017809898
82.5 -0.0102681285186
83.0 -0.00948212120439
83.5 -0.0087479536869
84.0 -0.00803599695633
84.5 -0.00739198302293
85.0 -0.00666767148037
85.5 -0.00613685054767
86.0 -0.00549270564558
86.5 -0.00494972563159
87.0 -0.00444499834026
87.5 -0.00394693442832
88.0 -0.00357184841448
88.5 -0.00314704304144
89.0 -0.00259846054491
89.5 -0.00230336764274
90.0 -0.00188163647402
90.5 -0.00152348192815
91.0 -0.00121915719239
91.5 -0.000924161996146
92.0 -0.000630578297418
92.5 -0.000443915697083
93.0 -0.000265424135481
93.5 -8.70441215994e-06
94.0 0.000294722730491
94.5 0.000516378668738
95.0 0.000782902051057
95.5 0.000765902795312
96.0 0.000903794807773
96.5 0.00102852308023
97.0 0.00114569731023
97.5 0.00120316240357
98.0 0.00121443257434
98.5 0.00123156193737
99.0 0.00135700293037
99.5 0.00163405071628
100.0 0.00159176116621
100.5 0.00171461200085
101.0 0.0016796633432
101.5 0.00169640191044
102.0 0.00158150942691
102.5 0.00148658357271
103.0 0.00148243435101
103.5 0.00144121158514
104.0 0.00150363656106
104.5 0.00141612994018
105.0 0.0015471694773
105.5 0.00139445539914
106.0 0.00128702819386
106.5 0.00119862817039
107.0 0.00108234202539
107.5 0.00108459597935
108.0 0.00100598777097
108.5 0.000675830648916
109.0 0.000483769663425
109.5 0.000447756806658
110.0 0.000151287578738
110.5 0.000234877405425
111.0 -5.86318808686e-05
111.5 -0.000228705239024
112.0 -0.000479804506142
112.5 -0.000592472306408
113.0 -0.000635683700267
113.5 -0.00119497742345
114.0 -0.00137469880346
114.5 -0.00147072635247
115.0 -0.000819486650414
115.5 -0.00116101816425
116.0 -0.00157308775896
116.5 -0.00137913803353
117.0 -0.00130894898686
117.5 -0.00245784563943
118.0 -0.000349027449985
118.5 0.000701762336419
119.0 0.00364512274493
119.5 0.0137337550664
120.0 0.0153318807444
120.5 0.00988936121902
121.0 0.00525589739286
121.5 0.00334477303493
122.0 0.00165321825199
122.5 -0.00138319646264
123.0 -0.00276950625985
123.5 -0.00209350496739
124.0 -0.00221907102026
124.5 -0.00161366794933
125.0 -0.00189926536554
125.5 -0.00173832398221
126.0 -0.00221257282833
126.5 -0.00213090449515
127.0 -0.00193987217217
127.5 -0.00159697688552
128.0 -0.00116929586132
128.5 -0.00134369906309
129.0 -0.00158279190801
129.5 -0.00119288547006
130.0 -0.00112319914091
130.5 -0.000613770456937
131.0 -0.000161117246613
131.5 -0.000469580342283
132.0 -0.000544156042714
132.5 -3.32650082058e-05
133.0 0.000125124029623
133.5 -0.000273026882098
134.0 -4.89307064129e-05
134.5 0.000279574372854
135.0 0.000259182931472
135.5 0.00053780491487
136.0 0.000697107278782
136.5 0.000200371924986
137.0 0.000292131131772
137.5 0.000499862088887
138.0 0.000878645691021
138.5 0.00109017468985
139.0 0.00117742113102
139.5 0.00102038654665
140.0 0.00122382812866
140.5 0.00151384930134
141.0 0.00133892901673
141.5 0.00132188541362
142.0 0.00145654836798
142.5 0.00147023604496
143.0 0.00167847936434
143.5 0.00173852502619
144.0 0.00152394869723
144.5 0.00169606179838
145.0 0.00180403174831
145.5 0.00189643150876
146.0 0.00204749888179
146.5 0.00184825432275
147.0 0.00184133799412
147.5 0.00195226744794
148.0 0.00213876521804
148.5 0.00219851532337
149.0 0.002015823554
149.5 0.00206977249773
150.0 0.00215893672986
150.5 0.00221448040255
151.0 0.00226776535345
151.5 0.00230962050486
152.0 0.0023506890038
152.5 0.00237060751853
153.0 0.00241801112426
153.5 0.00246624470671
154.0 0.00251168597229
154.5 0.00254585635593
155.0 0.00256821260439
155.5 0.00260798184947
156.0 0.00270526096102
156.5 0.00273301982798
157.0 0.0028003513995
157.5 0.00288285633529
158.0 0.00292635459815
158.5 0.00291261935112
159.0 0.0027999273052
159.5 0.00290561520147
160.0 0.00301610051679
160.5 0.0031104731851
161.0 0.00318983566795
161.5 0.00332047064148
162.0 0.0034305184686
162.5 0.00348799742346
163.0 0.00350459441076
163.5 0.00351327697281
164.0 0.00343458824673
164.5 0.00334118912145
165.0 0.0037438510873
165.5 0.00384283697858
166.0 0.00372710081542
166.5 0.00390947414461
167.0 0.00388379324335
167.5 0.0040054942318
168.0 0.00420404818959
168.5 0.00440345093856
169.0 0.00442638447739
169.5 0.00442819938365
170.0 0.00417340696275
170.5 0.00461504221666
171.0 0.00483515910723
171.5 0.00490068446591
172.0 0.00498771525923
172.5 0.00527319484189
173.0 0.00543998591135
173.5 0.00524892347357
174.0 0.00482361778295
174.5 0.00494650728052
175.0 0.00490051400708
175.5 0.00436386405698
176.0 0.00415752209599
176.5 0.00394171346271
177.0 0.0037507006365
177.5 0.00497273285012
178.0 0.00115909997817
178.5 0.00105575969295
179.0 -0.00140065668398
179.5 -0.00326706070146
180.0 -0.00178427018986
180.5 -0.00160204340879
181.0 0.0014169598836
181.5 0.00410767995
182.0 0.00442677994187
182.5 0.0045355529696
183.0 0.00373066269513
183.5 0.0038417336163
184.0 0.00366821490033
184.5 0.00365360838262
185.0 0.00366826811472
185.5 0.00328121790665
186.0 0.00400893322225
186.5 0.00375814903109
187.0 0.00350794121483
187.5 0.00306356722577
188.0 0.00286209237402
188.5 0.00289904787728
189.0 0.00245838732958
189.5 0.0021556671674
190.0 0.00197238594389
190.5 0.0015369685207
191.0 0.00127789046064
191.5 0.000922707599671
192.0 0.000605748756669
192.5 0.000379301600873
193.0 -0.000149102046137
193.5 -0.00056504951057
194.0 -0.00141873585999
194.5 -0.00212816506057
195.0 -0.00284691865463
195.5 -0.00428925935296
196.0 -0.00519900487964
196.5 -0.00639066194076
197.0 -0.00789057038367
197.5 -0.00893580995456
198.0 -0.0118761116091
198.5 -0.0170172248011
199.0 -0.0274998889896
199.5 -0.0447013549726
