0.0 0.00773082911002
0.5 0.0340132971608
1.0 0.0450056269257
1.5 0.038858094106
2.0 0.0354755623479
2.5 0.0323215485026
3.0 0.0310494421437
3.5 0.0296893163488
4.0 0.028202864863
4.5 0.0274761500623
5.0 0.0266731169717
5.5 0.0261557882484
6.0 0.0256029395335
6.5 0.0251385026476
7.0 0.0248345623236
7.5 0.0244361211809
8.0 0.0240768147635
8.5 0.0238880844362
9.0 0.0236933799897
9.5 0.0234915218052
10.0 0.0232868867908
10.5 0.0231215756876
11.0 0.0229388214676
11.5 0.0228011450046
12.0 0.0226611743528
12.5 0.022502090678
13.0 0.0223109640405
13.5 0.0221970539146
14.0 0.022066021316
14.5 0.0219344425164
15.0 0.0218090214322
15.5 0.0215757714911
16.0 0.0214054378699
16.5 0.0212563616149
17.0 0.0210636601059
17.5 0.0208357413767
18.0 0.0206132095268
18.5 0.0203563327407
19.0 0.0201012192025
19.5 0.0198147129492
20.0 0.0195028839755
20.5 0.0191628684854
21.0 0.0188216565932
21.5 0.018446985939
22.0 0.01802929099
22.5 0.0175916047244
23.0 0.0171142836435
23.5 0.0165975110285
24.0 0.016035652221
24.5 0.015441692987
25.0 0.0148129377416
25.5 0.0141377687482
26.0 0.0134206628635
26.5 0.0126453089378
27.0 0.0118055834299
27.5 0.0109431472454
28.0 0.0100066014565
28.5 0.00899531068568
29.0 0.00793151232272
29.5 0.00681844205945
30.0 0.00562319866428
30.5 0.00435895784268
31.0 0.00302772741674
31.5 0.00163669799986
32.0 0.000162412563375
32.5 -0.00138985859811
33.0 -0.00302438409145
33.5 -0.00475397633026
34.0 -0.00654337142536
34.5 -0.00846350504332
35.0 -0.0104965796123
35.5 -0.0125790097576
36.0 -0.0147571754708
36.5 -0.0170304746975
37.0 -0.0194211415813
37.5 -0.0219221793303
38.0 -0.0245171173048
38.5 -0.0272230679075
39.0 -0.0300039326732
39.5 -0.0329002717498
40.0 -0.0359029730259
40.5 -0.0390254118848
41.0 -0.0422113156166
41.5 -0.045500863861
42.0 -0.0488906325009
42.5 -0.0523221962568
43.0 -0.0557789903796
43.5 -0.0593201358097
44.0 -0.0629648258422
44.5 -0.066613078498
45.0 -0.070264407037
45.5 -0.0739549490901
46.0 -0.0776232230116
46.5 -0.0812236887895
47.0 -0.0846949856326
47.5 -0.0880773348301
48.0 -0.0914082994323
48.5 -0.0945437104284
49.0 -0.0974806637829
49.5 -0.100196694126
50.0 -0.102565972638
50.5 -0.104676882193
51.0 -0.106431517017
51.5 -0.107881870476
52.0 -0.10897950805
52.5 -0.109660809684
53.0 -0.109973713848
53.5 -0.1098987405
54.0 -0.109432888747
54.5 -0.10857432373
55.0 -0.107314766213
55.5 -0.105717171276
56.0 -0.103836658302
56.5 -0.101634990847
57.0 -0.0992240056361
57.5 -0.0966081395611
58.0 -0.0938465385806
58.5 -0.0908960368889
59.0 -0.0878153263915
59.5 -0.0846708569091
60.0 -0.081449391956
60.5 -0.0781885527259
61.0 -0.0749179341694
61.5 -0.071651103155
62.0 -0.068417647651
62.5 -0.0652493694624
63.0 -0.0621076661783
63.5 -0.0590264110861
64.0 -0.0560130661445
64.5 -0.0530983570726
65.0 -0.0502431682587
65.5 -0.0474622986147
66.0 -0.044781189379
66.5 -0.0422070116255
67.0 -0.0396910985536
67.5 -0.0373251867393
68.0 -0.0350103487627
68.5 -0.0327845783739
69.0 -0.0306553285855
69.5 -0.0286194159325
70.0 -0.026674373176
70.5 -0.02480302502
71.0 -0.0230260985884
71.5 -0.0213079390583
72.0 -0.0196839763801
72.5 -0.018111841107
73.0 -0.0166515336593
73.5 -0.0152721246864
74.0 -0.0139366467158
74.5 -0.0126742009833
75.0 -0.0114829407089
75.5 -0.0103582709693
76.0 -0.00928681897581
76.5 -0.00823212445217
77.0 -0.00722467065182
77.5 -0.00629184660188
78.0 -0.00543320300994
78.5 -0.00464574956756
79.0 -0.00389034060347
79.5 -0.00309351018713
80.0 -0.00242893064075
80.5 -0.00179796876472
81.0 -0.00119497912824
81.5 -0.000601671262693
82.0 -2.74346867997e-05
82.5 0.000505161308762
83.0 0.00100672132127
83.5 0.00146117507848
84.0 0.00187853931125
84.5 0.00222899356652
85.0 0.00260560942104
85.5 0.00291550228533
86.0 0.00324556043354
86.5 0.00351278584616
87.0 0.00372754393856
87.5 0.00401168195807
88.0 0.00428842886767
88.5 0.00452520175312
89.0 0.00473091149909
89.5 0.00485213471335
90.0 0.00500677230725
90.5 0.00510460552914
91.0 0.00523015290656
91.5 0.00536437911553
92.0 0.00545834016171
92.5 0.00553086123386
93.0 0.00556819273708
93.5 0.00566142548334
94.0 0.00585833433273
94.5 0.00585375166688
95.0 0.0057713415206
95.5 0.00590279994054
96.0 0.00591199426398
96.5 0.00590762606525
97.0 0.00581695341511
97.5 0.00578462365251
98.0 0.00578144324722
98.5 0.00572637533435
99.0 0.00574079037476
99.5 0.00569998041238
100.0 0.00565895257009
100.5 0.00561918993
101.0 0.00553762713101
101.5 0.00541107345722
102.0 0.00528843077236
102.5 0.00512059303865
103.0 0.0050084636528
103.5 0.00494308576108
104.0 0.00500409298235
104.5 0.00492756020586
105.0 0.00471965597522
105.5 0.00452564555287
106.0 0.0043656477713
106.5 0.00407350595598
107.0 0.00403118062851
107.5 0.00375396029089
108.0 0.00347537378298
108.5 0.00341852696535
109.0 0.00328098853599
109.5 0.00319724740764
110.0 0.00301516140402
110.5 0.00294059884835
111.0 0.00254234729584
111.5 0.00215317480474
112.0 0.00186071947285
112.5 0.00145432862807
113.0 0.00115530292729
113.5 0.000811153755876
114.0 0.000876854579232
114.5 0.00098248187517
115.0 0.000888528575118
115.5 0.00104675360765
116.0 0.00146446863825
116.5 0.00122871554274
117.0 0.00105563600269
117.5 2.61604482432e-06
118.0 0.0024004761144
118.5 0.00365590257393
119.0 0.00718980236694
119.5 0.0132711442936
120.0 0.00986698156122
120.5 0.00673603023569
121.0 0.00523929501497
121.5 0.00155932826317
122.0 0.0012425636189
122.5 -0.0014775841138
123.0 -0.000181495004071
123.5 0.000248556489225
124.0 -5.47736120637e-05
124.5 -0.00114070529355
125.0 -0.000578418034294
125.5 -0.000866201247192
126.0 -0.000399257300131
126.5 -0.00125517278664
127.0 -0.00116914748224
127.5 -0.00106609883025
128.0 -0.000650353688584
128.5 -0.000165545428324
129.0 5.92196216616e-05
129.5 0.000288871072172
130.0 0.000250575838145
130.5 0.000553105967029
131.0 0.000634691793032
131.5 0.000808274720185
132.0 0.00100248417903
132.5 0.000611553232332
133.0 0.000686843301565
133.5 0.00114820138076
134.0 0.00134088440531
134.5 0.0018243585625
135.0 0.00120757058325
135.5 0.0014999964834
136.0 0.00148905185971
136.5 0.0014678271783
137.0 0.00144221870561
137.5 0.00160363637361
138.0 0.00193570067632
138.5 0.00196059693096
139.0 0.00198956577544
139.5 0.00193250003985
140.0 0.00175810445727
140.5 0.0021677509215
141.0 0.00221161624208
141.5 0.00224543453562
142.0 0.00250615666051
142.5 0.00219848168225
143.0 0.00216866016563
143.5 0.00238286435261
144.0 0.00233295903801
144.5 0.00249767267577
145.0 0.00252401840926
145.5 0.00256245106061
146.0 0.00269941641778
146.5 0.00238048511828
147.0 0.00244356413202
147.5 0.00268690699119
148.0 0.00293683508074
148.5 0.00297709611477
149.0 0.00273285409366
149.5 0.00272530910845
150.0 0.00286092253485
150.5 0.0027290157217
151.0 0.00258120592697
151.5 0.00275432957508
152.0 0.00293442438171
152.5 0.0028797444032
153.0 0.00290589101002
153.5 0.00305035934237
154.0 0.00316168759588
154.5 0.00332536634205
155.0 0.0034920657538
155.5 0.0033628973532
156.0 0.00335260490206
156.5 0.00345100495415
157.0 0.00366949223507
157.5 0.00367790361717
158.0 0.00358846230559
158.5 0.00357192248387
159.0 0.00353472996404
159.5 0.00367665744805
160.0 0.00379608239368
160.5 0.00387621235555
161.0 0.00405411208187
161.5 0.00421553154263
162.0 0.00419615322779
162.5 0.00428930594379
163.0 0.00436570896685
163.5 0.00439012748606
164.0 0.00441736637365
164.5 0.00447382606196
165.0 0.00459247409072
165.5 0.00463125422844
166.0 0.00459534095084
166.5 0.00485224945756
167.0 0.00487607697124
167.5 0.00487303484523
168.0 0.00504202280932
168.5 0.00540426743471
169.0 0.00559350246161
169.5 0.00562719443941
170.0 0.00538225082952
170.5 0.00585313834031
171.0 0.00608701181844
171.5 0.00572951619714
172.0 0.00602139448215
172.5 0.00656971380549
173.0 0.00690092500321
173.5 0.00727832170827
174.0 0.00754827160263
174.5 0.00759510416273
175.0 0.00720185400493
175.5 0.00782007858807
176.0 0.00910474980047
176.5 0.0106772775365
177.0 0.0123442217527
177.5 0.0150970014685
178.0 0.0122157113492
178.5 0.0116685794506
179.0 0.00492433210064
179.5 0.00253613480307
180.0 0.0024687134953
180.5 -0.000370786016973
181.0 0.00038324793907
181.5 0.00119777391795
182.0 0.00112323583747
182.5 0.00188990793879
183.0 0.00169085494659
183.5 0.00228074434092
184.0 0.00252479318176
184.5 0.00202796014904
185.0 0.00188097976134
185.5 0.00239940865529
186.0 0.00225434113854
186.5 0.00215621918578
187.0 0.00195388147122
187.5 0.00182449858424
188.0 0.00159752653994
188.5 0.00150169984801
189.0 0.00118260191711
189.5 0.00101543868789
190.0 0.000676585108039
190.5 0.000286609620389
191.0 1.14204418509e-05
191.5 -0.000409656908715
192.0 -0.000789346691064
192.5 -0.00106072058392
193.0 -0.0017596876133
193.5 -0.00239246049284
194.0 -0.00315997392204
194.5 -0.0040235846951
195.0 -0.004788007888
195.5 -0.00614515111366
196.0 -0.00826571357177
196.5 -0.0100233922707
197.0 -0.0121455773874
197.5 -0.0144144625146
198.0 -0.0199433937977
198.5 -0.0276351901802
199.0 -0.0430274053132
199.5 -0.0694051442806
