0.0 0.0072749539043
0.5 0.033737318792
1.0 0.0425268593393
1.5 0.036466236705
2.0 0.0328959096021
2.5 0.0300147030233
3.0 0.0283846899084
3.5 0.0269820358794
4.0 0.0258249755514
4.5 0.0249097657309
5.0 0.0239802393082
5.5 0.0233057607994
6.0 0.0226371925386
6.5 0.0220666809774
7.0 0.0216918476292
7.5 0.0211798941188
8.0 0.0207207520516
8.5 0.0204368269972
9.0 0.0201290537309
9.5 0.0198271351216
10.0 0.0195153607397
10.5 0.0192372046224
11.0 0.0189651627129
11.5 0.0186070264331
12.0 0.0183197973925
12.5 0.0180585959031
13.0 0.0177633298413
13.5 0.0174806120864
14.0 0.0171691199212
14.5 0.0168638527855
15.0 0.0165767963986
15.5 0.0161659742167
16.0 0.0158047033026
16.5 0.0154682498656
17.0 0.0150534259959
17.5 0.0145912081264
18.0 0.0141567384245
18.5 0.0136687706358
19.0 0.0131701751382
19.5 0.0126271990699
20.0 0.0120466048774
20.5 0.0114294580009
21.0 0.010781655694
21.5 0.0100872884065
22.0 0.0093402007227
22.5 0.00857899494531
23.0 0.0077437491324
23.5 0.00684928335596
24.0 0.0058923989477
24.5 0.00488610264122
25.0 0.00382405058707
25.5 0.00269271502803
26.0 0.0014989974869
26.5 0.000236379878125
27.0 -0.00111971438252
27.5 -0.00253714081894
28.0 -0.00400264545424
28.5 -0.00559749815521
29.0 -0.00728432138493
29.5 -0.00904401477226
30.0 -0.0108879650126
30.5 -0.0128314341749
31.0 -0.0148853803967
31.5 -0.0170249532724
32.0 -0.019264308583
32.5 -0.0215795352175
33.0 -0.0239654111616
33.5 -0.0264676595803
34.0 -0.0290487719358
34.5 -0.0317336186833
35.0 -0.0345396388617
35.5 -0.0373464557233
36.0 -0.0402048309844
36.5 -0.0431016419507
37.0 -0.0460231715203
37.5 -0.048959615035
38.0 -0.0518987753989
38.5 -0.0548262556529
39.0 -0.0576645575319
39.5 -0.0604663186602
40.0 -0.0631628294279
40.5 -0.0656710820962
41.0 -0.0680206728938
41.5 -0.0702273667124
42.0 -0.0722462348101
42.5 -0.0740520167974
43.0 -0.0756191746644
43.5 -0.0769229463973
44.0 -0.0780029228824
44.5 -0.0788471180507
45.0 -0.0793673452556
45.5 -0.0797020339958
46.0 -0.0797929945013
46.5 -0.0796507376895
47.0 -0.0793050841058
47.5 -0.078764595607
48.0 -0.0780731517952
48.5 -0.0771935639559
49.0 -0.0761649717482
49.5 -0.0750304528852
50.0 -0.0737163260164
50.5 -0.0723398713958
51.0 -0.0708855542531
51.5 -0.0693614733544
52.0 -0.0677880805074
52.5 -0.0661459855469
53.0 -0.0644925216009
53.5 -0.0628023080853
54.0 -0.0610811667024
54.5 -0.0593568491264
55.0 -0.0575956238205
55.5 -0.0558492481781
56.0 -0.0540781224264
56.5 -0.0523474465481
57.0 -0.050616636124
57.5 -0.0488924398416
58.0 -0.0472228741257
58.5 -0.0455555854254
59.0 -0.0438927289162
59.5 -0.0422765309678
60.0 -0.0406795107301
60.5 -0.0391221835631
61.0 -0.0375642615736
61.5 -0.0360387795737
62.0 -0.0345758112256
62.5 -0.0331134134348
63.0 -0.031701384134
63.5 -0.0303367738938
64.0 -0.0290026402421
64.5 -0.0276973387944
65.0 -0.0264052306593
65.5 -0.0251676885253
66.0 -0.0239098563137
66.5 -0.0227173217875
67.0 -0.0215909976622
67.5 -0.020462506422
68.0 -0.0193786547754
68.5 -0.0183399886055
69.0 -0.0173513248253
69.5 -0.0163752177133
70.0 -0.0154178990104
70.5 -0.0144989772636
71.0 -0.0136102270563
71.5 -0.0127501795001
72.0 -0.0119037301004
72.5 -0.0111080120924
73.0 -0.0103615226273
73.5 -0.00964453904009
74.0 -0.00893731798008
74.5 -0.0082653515682
75.0 -0.00762245702006
75.5 -0.00700697906323
76.0 -0.00640037992715
76.5 -0.00584008689273
77.0 -0.00523112397864
77.5 -0.004665974307
78.0 -0.00418291567367
78.5 -0.00370872954811
79.0 -0.00329108534652
79.5 -0.00288299274513
80.0 -0.00246573138452
80.5 -0.00209549095008
81.0 -0.00164024957819
81.5 -0.00131035101874
82.0 -0.000964327348274
82.5 -0.000604929439319
83.0 -0.000312811186003
83.5 -4.3764757649e-06
84.0 0.000250977910387
84.5 0.000456634799921
85.0 0.000723926166923
85.5 0.000925437328757
86.0 0.0011552220152
86.5 0.00134172854036
87.0 0.00152276475399
87.5 0.00170143816296
88.0 0.00183041822817
88.5 0.00201741668026
89.0 0.00217789269445
89.5 0.00224027367831
90.0 0.0023859562345
90.5 0.00246772047505
91.0 0.00255854422051
91.5 0.00265818184491
92.0 0.00274380700277
92.5 0.00284960661826
93.0 0.00293614377864
93.5 0.00297933258163
94.0 0.00309104075145
94.5 0.00305231540546
95.0 0.00298250758843
95.5 0.00315093156124
96.0 0.00309036725712
96.5 0.00303610145432
97.0 0.00300040404348
97.5 0.00300842249268
98.0 0.00301654985451
98.5 0.00296884485681
99.0 0.00294372630481
99.5 0.00304352956064
100.0 0.00295974073329
100.5 0.00303075036141
101.0 0.00307913891191
101.5 0.00289635710456
102.0 0.00270827784937
102.5 0.00250868386439
103.0 0.00245598990382
103.5 0.00248047907758
104.0 0.00252259797674
104.5 0.00252552282996
105.0 0.00220990420311
105.5 0.00212416582731
106.0 0.00207477040866
106.5 0.00204079200564
107.0 0.00180796942465
107.5 0.00157189628425
108.0 0.00156321373131
108.5 0.00146036402984
109.0 0.000982140588732
109.5 0.000950553324316
110.0 0.00114463842666
110.5 0.000936525105367
111.0 0.000705914755578
111.5 0.000388765815877
112.0 0.000252878779946
112.5 -9.160466292e-05
113.0 -7.62733179158e-05
113.5 -0.00013406442956
114.0 -0.000545348150965
114.5 -0.000786715261427
115.0 -0.00107486976273
115.5 -8.89011495246e-05
116.0 -0.00108711975723
116.5 -0.001071082899
117.0 -0.000870207227962
117.5 -0.00220281608968
118.0 -0.00112346572007
118.5 0.000953122351419
119.0 0.00409293463416
119.5 0.0122660580666
120.0 0.0124214952329
120.5 0.00692142556552
121.0 0.00302706107054
121.5 -0.0025893740614
122.0 -0.00288040975666
122.5 -0.00535400763006
123.0 -0.0033075489029
123.5 -0.00187123631355
124.0 -0.00185980553448
124.5 -0.0018868136879
125.0 -0.00210325244589
125.5 -0.00211219542827
126.0 -0.00206952580176
126.5 -0.00228703381609
127.0 -0.00236795638266
127.5 -0.00217715501984
128.0 -0.00200240713957
128.5 -0.00200423387685
129.0 -0.00166444675727
129.5 -0.00147182988015
130.0 -0.00121656640101
130.5 -0.00106004393746
131.0 -0.00106603050054
131.5 -0.000751037723113
132.0 -0.000483613283748
132.5 -0.000580496033365
133.0 -0.000602322858427
133.5 -0.000458334301015
134.0 -0.00038033201794
134.5 -0.000188271612743
135.0 -7.08905275175e-05
135.5 8.29886731211e-05
136.0 6.64159272432e-05
136.5 0.000234762300895
137.0 0.000316670576975
137.5 0.000469469120553
138.0 0.000620632145402
138.5 0.000455290273791
139.0 0.000574513508429
139.5 0.000789236599861
140.0 0.000781811820904
140.5 0.000729358354782
141.0 0.000887593965334
141.5 0.00100570170692
142.0 0.00124143950926
142.5 0.000930181470936
143.0 0.000879493865675
143.5 0.00110265088938
144.0 0.00114101319465
144.5 0.00133902050742
145.0 0.00154032053045
145.5 0.00138519597994
146.0 0.00148131089148
146.5 0.00153189913359
147.0 0.00158395065897
147.5 0.00162664115617
148.0 0.00168573148234
148.5 0.0017706580969
149.0 0.00183431724605
149.5 0.00197480629802
150.0 0.00210790169406
150.5 0.00230572381833
151.0 0.00218314567089
151.5 0.0021955375201
152.0 0.00221743792733
152.5 0.00218531771171
153.0 0.00224207419633
153.5 0.00240961040561
154.0 0.00251361150872
154.5 0.00239031161503
155.0 0.00247262950649
155.5 0.00262260902424
156.0 0.0028685120773
156.5 0.00277183665947
157.0 0.00266114264048
157.5 0.00274151476961
158.0 0.0028835777489
158.5 0.00306995918848
159.0 0.00307974963022
159.5 0.00295836111766
160.0 0.00322306781408
160.5 0.00332503770714
161.0 0.00332279508207
161.5 0.00337631035163
162.0 0.00339104353679
162.5 0.00351668691212
163.0 0.00360079523436
163.5 0.00363920804891
164.0 0.00360662784647
164.5 0.00354513742558
165.0 0.00395011191841
165.5 0.00410969699257
166.0 0.00402884356676
166.5 0.0041999303224
167.0 0.00425145050446
167.5 0.00445614148623
168.0 0.0047547739828
168.5 0.00494830126642
169.0 0.0049846715219
169.5 0.00513019355034
170.0 0.00531828076037
170.5 0.00540414620433
171.0 0.00552639036177
171.5 0.0057762577878
172.0 0.00602860281869
172.5 0.00650802157264
173.0 0.00680426047089
173.5 0.00720287452418
174.0 0.00723313127938
174.5 0.00673286064814
175.0 0.00719565764057
175.5 0.0068345662017
176.0 0.00710438919047
176.5 0.00747086021595
177.0 0.00775277352629
177.5 0.00757041680004
178.0 0.00646669882444
178.5 0.0053919857213
179.0 0.00109818555033
179.5 -0.00240206073249
180.0 -0.00478655540982
180.5 -0.00672433847187
181.0 -0.0019998863837
181.5 0.00190770153861
182.0 0.00127476123861
182.5 0.00268986175759
183.0 0.00237316327173
183.5 0.00282688865005
184.0 0.00222883718689
184.5 0.00212773974387
185.0 0.00223098983308
185.5 0.00214317543603
186.0 0.00226659988608
186.5 0.00205102292499
187.0 0.00233309537786
187.5 0.00210658627749
188.0 0.00171460360627
188.5 0.00152376473667
189.0 0.00127290204789
189.5 0.000862247267449
190.0 0.000516547830131
190.5 9.98714771896e-05
191.0 -0.000128596674401
191.5 -0.000550407239118
192.0 -0.000920666357231
192.5 -0.00127680101789
193.0 -0.00202060268784
193.5 -0.00251151505783
194.0 -0.0033861896288
194.5 -0.0043404833423
195.0 -0.00529281426971
195.5 -0.00692043406592
196.0 -0.00832246477498
196.5 -0.01010913157
197.0 -0.0124635253446
197.5 -0.0149570285241
198.0 -0.0205144828982
198.5 -0.0264954134888
199.0 -0.0425466767923
199.5 -0.0649129003902
