0.0 0.00915318842492
0.5 0.0278862272835
1.0 0.0408915677167
1.5 0.0363861273854
2.0 0.0330133762276
2.5 0.0304947023745
3.0 0.029636037802
3.5 0.0287021660561
4.0 0.0278079604986
4.5 0.0270987707849
5.0 0.0260304248619
5.5 0.0256545318405
6.0 0.0252324171753
6.5 0.0248492922324
7.0 0.0246206866926
7.5 0.0243354741244
8.0 0.024181906871
8.5 0.0240042842498
9.0 0.0237022320905
9.5 0.0236007808666
10.0 0.0234420702322
10.5 0.0233481179405
11.0 0.0232436947127
11.5 0.0231397806613
12.0 0.0230422174586
12.5 0.0229276475247
13.0 0.0227770441347
13.5 0.0227065031033
14.0 0.0226017460795
14.5 0.0225071117462
15.0 0.0224188257987
15.5 0.0223163600625
16.0 0.0221620145373
16.5 0.0220270836183
17.0 0.0218934799232
17.5 0.0217163800336
18.0 0.0215460474584
18.5 0.0213575596275
19.0 0.0211536565959
19.5 0.0209298686239
20.0 0.0206623138036
20.5 0.0203955692614
21.0 0.0201091757616
21.5 0.0197850123335
22.0 0.0194302066969
22.5 0.0190729815705
23.0 0.0186395102059
23.5 0.0182075769801
24.0 0.0177315755839
24.5 0.0172037416402
25.0 0.0166403413646
25.5 0.016035635941
26.0 0.015394631322
26.5 0.0147010597705
27.0 0.0139452977523
27.5 0.0131689950671
28.0 0.0123213654966
28.5 0.011395726977
29.0 0.0104554108756
29.5 0.00942550880472
30.0 0.00834065220659
30.5 0.0071810146803
31.0 0.00595561770015
31.5 0.00465704815447
32.0 0.00328732163795
32.5 0.00186733237881
33.0 0.000341089864206
33.5 -0.00128354458189
34.0 -0.00293175451298
34.5 -0.00471864399232
35.0 -0.00661814171975
35.5 -0.00853178141328
36.0 -0.0105715961984
36.5 -0.0127273176995
37.0 -0.0149838933098
37.5 -0.0173370750054
38.0 -0.0197591899656
38.5 -0.0222592958011
39.0 -0.0248857226696
39.5 -0.0276213129068
40.0 -0.0304551672306
40.5 -0.03337861412
41.0 -0.0363961520209
41.5 -0.0395539183752
42.0 -0.0428068755069
42.5 -0.0461244540184
43.0 -0.0495027003024
43.5 -0.0529305294455
44.0 -0.0564305872683
44.5 -0.0601011926915
45.0 -0.0637338223892
45.5 -0.0673622677964
46.0 -0.0710733452975
46.5 -0.0747990757048
47.0 -0.0784896083726
47.5 -0.082083831184
48.0 -0.0856342180496
48.5 -0.0891479108856
49.0 -0.0925317958431
49.5 -0.0957711026536
50.0 -0.0987568873853
50.5 -0.101517178527
51.0 -0.104004075267
51.5 -0.10624914145
52.0 -0.108223048868
52.5 -0.109821175343
53.0 -0.111065666013
53.5 -0.111908487767
54.0 -0.112341470835
54.5 -0.112428290707
55.0 -0.112042145494
55.5 -0.11124376922
56.0 -0.110084558822
56.5 -0.108562754082
57.0 -0.106726805253
57.5 -0.104597325477
58.0 -0.102195143036
58.5 -0.0995520003119
59.0 -0.0967042263301
59.5 -0.0936945801012
60.0 -0.0905316771646
60.5 -0.0872776361355
61.0 -0.0839589856294
61.5 -0.0805775725703
62.0 -0.0772128095439
62.5 -0.0738737130828
63.0 -0.0705050270461
63.5 -0.0671816634617
64.0 -0.0639115627844
64.5 -0.0607270610806
65.0 -0.0575944904658
65.5 -0.0545300567418
66.0 -0.0515590356532
66.5 -0.0486871028506
67.0 -0.0459048255754
67.5 -0.0432308642174
68.0 -0.0406593323604
68.5 -0.0381819052509
69.0 -0.0358039788597
69.5 -0.0335217510978
70.0 -0.0313294843642
70.5 -0.0292188555162
71.0 -0.0271949164733
71.5 -0.0252759045167
72.0 -0.0234332542903
72.5 -0.0216853035116
73.0 -0.0200488634453
73.5 -0.0184926051408
74.0 -0.0169654118688
74.5 -0.0155526657082
75.0 -0.0142087759572
75.5 -0.012932174038
76.0 -0.0116889492096
76.5 -0.0105182505776
77.0 -0.00942265036685
77.5 -0.00838762914866
78.0 -0.00742963149072
78.5 -0.00649170710745
79.0 -0.00559791888658
79.5 -0.00479000942666
80.0 -0.00400763196859
80.5 -0.00328432546177
81.0 -0.00256724201184
81.5 -0.00193060644132
82.0 -0.00130562445936
82.5 -0.00075441937452
83.0 -0.000182661781352
83.5 0.000363974906968
84.0 0.000819139574787
84.5 0.0012351142267
85.0 0.0016588181877
85.5 0.00201197595144
86.0 0.00239101276996
86.5 0.0026961289691
87.0 0.00299105502983
87.5 0.00332682003374
88.0 0.00356138517558
88.5 0.00382152443423
89.0 0.00407122780452
89.5 0.00424469312662
90.0 0.00436858678852
90.5 0.00457861258536
91.0 0.00472930247477
91.5 0.00487870577339
92.0 0.00501183198214
92.5 0.00516309374743
93.0 0.00526135425799
93.5 0.00528958229512
94.0 0.00541784454281
94.5 0.00543305309973
95.0 0.0054477192172
95.5 0.00547070262498
96.0 0.00546533169318
96.5 0.00547727181921
97.0 0.00536175466581
97.5 0.00536785232399
98.0 0.00543297590828
98.5 0.00538984033721
99.0 0.0054146904677
99.5 0.00538834258513
100.0 0.00536994702206
100.5 0.00535720637918
101.0 0.00529964980461
101.5 0.00530205634784
102.0 0.00515539694699
102.5 0.00498819517071
103.0 0.00491785928081
103.5 0.00479758079562
104.0 0.0046358463231
104.5 0.0042722607047
105.0 0.00446939121147
105.5 0.00431534302588
106.0 0.00435822058289
106.5 0.00403255486691
107.0 0.00371333649627
107.5 0.00361531759711
108.0 0.00347892340046
108.5 0.00309002393021
109.0 0.00271464382194
109.5 0.00254530252241
110.0 0.00306937141259
110.5 0.00262661317517
111.0 0.00231441587935
111.5 0.00182218915543
112.0 0.00152813490268
112.5 0.00100552303104
113.0 0.000650087218517
113.5 0.000526852219735
114.0 0.000715771651457
114.5 0.000578737949041
115.0 8.8334377196e-05
115.5 0.000622662533971
116.0 3.63374999921e-05
116.5 -0.000414228793375
117.0 -0.000532872239759
117.5 -0.00204135444794
118.0 -0.000528143296265
118.5 0.000286851635309
119.0 0.00339643163024
119.5 0.0135048390517
120.0 0.014872129837
120.5 0.0101189478185
121.0 0.0073316584469
121.5 0.00212202886102
122.0 0.00236820912596
122.5 0.000119133544203
123.0 0.000417420999696
123.5 -3.74261544493e-05
124.0 0.000180872379346
124.5 0.00054101364853
125.0 0.000538620453966
125.5 0.00106071168506
126.0 0.000972155620715
126.5 0.000985639359314
127.0 0.000330112959787
127.5 0.000177725909197
128.0 0.000617624862727
128.5 0.00102468284594
129.0 0.00140150822845
129.5 0.000917661684333
130.0 0.00106209071149
130.5 0.00126017073156
131.0 0.00102700259594
131.5 0.0016038126833
132.0 0.0017141116039
132.5 0.00171106293709
133.0 0.00183143834572
133.5 0.0018730319552
134.0 0.00186487668756
134.5 0.00190293405031
135.0 0.0019518312079
135.5 0.00225706929769
136.0 0.00191778160378
136.5 0.00198585719849
137.0 0.00211990838738
137.5 0.00199060347542
138.0 0.00232102689702
138.5 0.00245320774425
139.0 0.00211950236938
139.5 0.00223284980273
140.0 0.00264344604733
140.5 0.0020814261366
141.0 0.00241441601895
141.5 0.00223362513471
142.0 0.00251801860113
142.5 0.00261173136109
143.0 0.00261906639008
143.5 0.00258512129519
144.0 0.00249148509617
144.5 0.00254943294284
145.0 0.00270784406269
145.5 0.00259841404117
146.0 0.00239088427214
146.5 0.00245327640589
147.0 0.00265736161316
147.5 0.00287187899811
148.0 0.00295642320101
148.5 0.00294514919148
149.0 0.00287797346911
149.5 0.00281932592995
150.0 0.00277646890826
150.5 0.00267627499492
151.0 0.00285576823426
151.5 0.00295726805699
152.0 0.00288312923273
152.5 0.00281149403867
153.0 0.0028775693754
153.5 0.00297336364752
154.0 0.00302495013031
154.5 0.00305551515696
155.0 0.00303557854004
155.5 0.00314221304981
156.0 0.00340357253013
156.5 0.0033652155865
157.0 0.00335089031618
157.5 0.0032564235999
158.0 0.00330328956937
158.5 0.00355607248671
159.0 0.00366338325249
159.5 0.00368769446014
160.0 0.00366143842691
160.5 0.00361627154528
161.0 0.00346593661678
161.5 0.00363093925629
162.0 0.00378194723621
162.5 0.00402786074451
163.0 0.00418865859277
163.5 0.00419377450474
164.0 0.00411947137197
164.5 0.0040594977786
165.0 0.00394084949873
165.5 0.00415005185532
166.0 0.00416277825664
166.5 0.00437013361143
167.0 0.00443517927954
167.5 0.00464065533243
168.0 0.00487797101515
168.5 0.00514601912995
169.0 0.00524687181446
169.5 0.00529179240169
170.0 0.0053562319493
170.5 0.00535081329215
171.0 0.00541941161791
171.5 0.00570052347209
172.0 0.00540794667387
172.5 0.00581870065545
173.0 0.00623028076264
173.5 0.00647749749005
174.0 0.00647880021117
174.5 0.00602377497447
175.0 0.00659339349747
175.5 0.00645800987374
176.0 0.00686340206192
176.5 0.007379571171
177.0 0.00769943722835
177.5 0.00950739780946
178.0 0.00538861926751
178.5 0.00360647378605
179.0 -0.00105026856558
179.5 -0.00252023580998
180.0 -0.00314070587933
180.5 -0.00442039091202
181.0 -0.000442466349
181.5 0.00164936470242
182.0 0.00236315688342
182.5 0.0047729392758
183.0 0.00444226966607
183.5 0.00461451176217
184.0 0.00431147488877
184.5 0.00404838596653
185.0 0.00386648033377
185.5 0.00333192355892
186.0 0.00396579721537
186.5 0.00371402995762
187.0 0.0035060760938
187.5 0.00321692184889
188.0 0.00286955083874
188.5 0.00272211838892
189.0 0.00252739709488
189.5 0.00236759328655
190.0 0.00199850489685
190.5 0.00159285372641
191.0 0.00140764192183
191.5 0.001046540136
192.0 0.000792000767888
192.5 0.000462199586323
193.0 -0.000173201927296
193.5 -0.000667206070048
194.0 -0.00128929008794
194.5 -0.0019564768449
195.0 -0.00244539494444
195.5 -0.00375060236706
196.0 -0.00430068509164
196.5 -0.00610371860978
197.0 -0.00753129972249
197.5 -0.00859820407331
198.0 -0.0123789232332
198.5 -0.0174340416006
199.0 -0.0266610301063
199.5 -0.0430263079979
