0.0 0.00715690228159
0.5 0.034413271497
1.0 0.0438296248869
1.5 0.0378621005817
2.0 0.0344045105133
2.5 0.0316858412124
3.0 0.0303875618346
3.5 0.0294169246096
4.0 0.0282084738808
4.5 0.0275549975508
5.0 0.0269032248658
5.5 0.0265488185645
6.0 0.0259758217215
6.5 0.0255539292607
7.0 0.0253688122362
7.5 0.0252157091639
8.0 0.0251281380962
8.5 0.0250426082205
9.0 0.0249843968656
9.5 0.0249798648301
10.0 0.0247173266956
10.5 0.0247975947386
11.0 0.0247819330036
11.5 0.0248001426657
12.0 0.0248440548188
12.5 0.0248694838357
13.0 0.0249211455433
13.5 0.0249759734624
14.0 0.0250338407961
14.5 0.0250040050128
15.0 0.0251086910677
15.5 0.025173085454
16.0 0.0252506300248
16.5 0.0252942972511
17.0 0.0253298529835
17.5 0.0253704705366
18.0 0.0254156618974
18.5 0.0254397062806
19.0 0.0254512038289
19.5 0.0254398527711
20.0 0.0254331980856
20.5 0.0254068578574
21.0 0.0253741203105
21.5 0.025322867538
22.0 0.0252286894276
22.5 0.0251221460899
23.0 0.0249947696824
23.5 0.0248326258391
24.0 0.0246268960573
24.5 0.0243927559987
25.0 0.0241395168058
25.5 0.0238481358353
26.0 0.0235222514125
26.5 0.0231550159292
27.0 0.0227272716004
27.5 0.0222840154804
28.0 0.0217841620765
28.5 0.0212190371624
29.0 0.02059369813
29.5 0.0199271600389
30.0 0.0191995385858
30.5 0.0184014971063
31.0 0.0175502353924
31.5 0.0166436899962
32.0 0.0156538592154
32.5 0.0146067755441
33.0 0.0134897836956
33.5 0.0123125692231
34.0 0.0110432440537
34.5 0.00968455550679
35.0 0.00823708394207
35.5 0.00674429231044
36.0 0.00516473352808
36.5 0.00349135029663
37.0 0.00172905360749
37.5 -0.000115754509135
38.0 -0.00203549614133
38.5 -0.0040150876666
39.0 -0.00610064968083
39.5 -0.00829370817243
40.0 -0.0105536316295
40.5 -0.0129242484542
41.0 -0.0153292018413
41.5 -0.0178201276721
42.0 -0.0203961108473
42.5 -0.0230555834646
43.0 -0.0257800178301
43.5 -0.0285666425829
44.0 -0.0315004209112
44.5 -0.0344952599187
45.0 -0.0375479761987
45.5 -0.0406785596297
46.0 -0.0438692527657
46.5 -0.0470648682562
47.0 -0.0503651031994
47.5 -0.0537186167513
48.0 -0.0571134587802
48.5 -0.060541927681
49.0 -0.06399149579
49.5 -0.0674694395034
50.0 -0.0708812188059
50.5 -0.0744091637704
51.0 -0.0779098987495
51.5 -0.0813552225833
52.0 -0.0847212671394
52.5 -0.0880394432972
53.0 -0.0913675805599
53.5 -0.0945694729325
54.0 -0.0976348874005
54.5 -0.10057760389
55.0 -0.103201393506
55.5 -0.105745431921
56.0 -0.108080936727
56.5 -0.110121650516
57.0 -0.11191808327
57.5 -0.113383283939
58.0 -0.114543075252
58.5 -0.115347710195
59.0 -0.115775302372
59.5 -0.11586424693
60.0 -0.115515272224
60.5 -0.114719079927
61.0 -0.113602335697
61.5 -0.112073100723
62.0 -0.110217938832
62.5 -0.1080539157
63.0 -0.105554358226
63.5 -0.102789847442
64.0 -0.0998160977642
64.5 -0.0966067657787
65.0 -0.093220938677
65.5 -0.0897270724571
66.0 -0.0861056697277
66.5 -0.0824379022225
67.0 -0.0787829613688
67.5 -0.0750918644557
68.0 -0.0714321804514
68.5 -0.0678273311084
69.0 -0.0642973644824
69.5 -0.0608192490814
70.0 -0.0574331432232
70.5 -0.0541359784439
71.0 -0.0509723225793
71.5 -0.047899447087
72.0 -0.0449589100695
72.5 -0.0421113624659
73.0 -0.039418296514
73.5 -0.0368464694862
74.0 -0.034368683579
74.5 -0.0320117051368
75.0 -0.0297651202205
75.5 -0.0276466061024
76.0 -0.0256243737839
76.5 -0.023705029598
77.0 -0.0218521092237
77.5 -0.0201073194828
78.0 -0.0185022174143
78.5 -0.0169842170458
79.0 -0.0155056973285
79.5 -0.0141356595829
80.0 -0.0128290164602
80.5 -0.0116201754094
81.0 -0.0104389073639
81.5 -0.00935743888838
82.0 -0.00832502713137
82.5 -0.00735313208771
83.0 -0.00641545800199
83.5 -0.00558735152908
84.0 -0.00477892087602
84.5 -0.00404044357586
85.0 -0.00338091124483
85.5 -0.00271493356536
86.0 -0.00202366740569
86.5 -0.00149272836193
87.0 -0.000977971625318
87.5 -0.000427310185628
88.0 -2.19857284023e-06
88.5 0.000434581987054
89.0 0.000870573501629
89.5 0.00124933574742
90.0 0.00169578877072
90.5 0.00189043279596
91.0 0.00213600545042
91.5 0.00245535736888
92.0 0.00273803587591
92.5 0.00297184223268
93.0 0.00314164772245
93.5 0.00335172148453
94.0 0.00365479914986
94.5 0.00379473075953
95.0 0.00390025712402
95.5 0.0039141242538
96.0 0.00404880546339
96.5 0.0041264545842
97.0 0.00417238495076
97.5 0.00429811436015
98.0 0.00439240001381
98.5 0.00435778758558
99.0 0.00433701552673
99.5 0.00439412840364
100.0 0.00440964698166
100.5 0.0045710682367
101.0 0.00450244089566
101.5 0.00431773161788
102.0 0.00436756465946
102.5 0.00440719620102
103.0 0.00428316975604
103.5 0.00408970069996
104.0 0.00412406115652
104.5 0.00401035528412
105.0 0.00409346293332
105.5 0.00430734724265
106.0 0.00406867117296
106.5 0.00367441395465
107.0 0.00365803998831
107.5 0.00357078737517
108.0 0.00327568078038
108.5 0.00307369638465
109.0 0.00303378375667
109.5 0.0027491587209
110.0 0.00235402233701
110.5 0.00234407370809
111.0 0.00227781614782
111.5 0.00205939406873
112.0 0.0018628075908
112.5 0.00156767677444
113.0 0.0014272951303
113.5 0.00105016953187
114.0 0.00110280453042
114.5 0.00137908551596
115.0 0.00087242168253
115.5 0.00126139837614
116.0 0.000649416107166
116.5 0.001388761031
117.0 0.000776888241731
117.5 0.000219798392834
118.0 0.000370813319293
118.5 0.00179573524936
119.0 0.00471533521547
119.5 0.0115393917437
120.0 0.0122224002254
120.5 0.0111402704615
121.0 0.00690167620238
121.5 0.00099524699516
122.0 -0.000393112375633
122.5 5.62970515432e-05
123.0 -0.000558169477515
123.5 -0.00092996223448
124.0 -0.00044933435845
124.5 -0.000739604278337
125.0 -0.000673335537414
125.5 -0.000506883532736
126.0 -0.000601746188394
126.5 -0.000894344916262
127.0 -0.0013404449511
127.5 -0.000852665284768
128.0 -0.000350413766256
128.5 -0.000638980848272
129.0 -0.00031952653157
129.5 0.000388070711629
130.0 0.000392705984062
130.5 0.000379179514667
131.0 0.000157652811829
131.5 0.000745339961483
132.0 0.000815663987495
132.5 0.000902384436046
133.0 0.00100278586957
133.5 0.00102431688115
134.0 0.00107808921938
134.5 0.00120582101561
135.0 0.00112696561507
135.5 0.00122976845786
136.0 0.00110913668664
136.5 0.00147729987091
137.0 0.00173296626967
137.5 0.00182606446223
138.0 0.00184327428025
138.5 0.00161946784823
139.0 0.00166071812867
139.5 0.00171846184073
140.0 0.00197225157478
140.5 0.00188246850233
141.0 0.001850328472
141.5 0.00202155802464
142.0 0.00216147549604
142.5 0.00215207235949
143.0 0.00229774105659
143.5 0.00224906919343
144.0 0.00204787871513
144.5 0.00235485158758
145.0 0.00243166294853
145.5 0.00234174213351
146.0 0.00224568169039
146.5 0.00206643531874
147.0 0.00210800525384
147.5 0.00229497356992
148.0 0.00249204772796
148.5 0.00264432163298
149.0 0.00271872542556
149.5 0.00283980330968
150.0 0.00299197780346
150.5 0.00284509731685
151.0 0.00288385213713
151.5 0.00291030946979
152.0 0.00292453961543
152.5 0.00288894982057
153.0 0.00294332484655
153.5 0.00310944947663
154.0 0.00321544346598
154.5 0.00310648992721
155.0 0.0032322355228
155.5 0.00347597011937
156.0 0.00342196082852
156.5 0.00339024331991
157.0 0.0034017439502
157.5 0.00339407730069
158.0 0.00337091330557
158.5 0.00339018913735
159.0 0.00340205069192
159.5 0.00361922095131
160.0 0.00377405522575
160.5 0.00373879410392
161.0 0.00358934113162
161.5 0.00384396809609
162.0 0.0040552052657
162.5 0.00411800437754
163.0 0.00414196315315
163.5 0.00416661892758
164.0 0.00417987583876
164.5 0.00420479255192
165.0 0.00429549838869
165.5 0.00432116940745
166.0 0.00426146150132
166.5 0.00411075396107
167.0 0.00422000065853
167.5 0.00466359264897
168.0 0.00498899550531
168.5 0.0051100373182
169.0 0.00521432386392
169.5 0.00538203088459
170.0 0.00555169600315
170.5 0.00576880120641
171.0 0.00595731291943
171.5 0.0062026143177
172.0 0.00635828704166
172.5 0.00623897206239
173.0 0.00635935685507
173.5 0.00677047346093
174.0 0.00699539316115
174.5 0.00711389584141
175.0 0.00724165464749
175.5 0.00683269639919
176.0 0.00668490433452
176.5 0.00645108302322
177.0 0.00608943652722
177.5 0.00576200558795
178.0 0.00407034987307
178.5 0.00264389501164
179.0 -0.00217714351737
179.5 -0.00452325230798
180.0 -0.00329603724596
180.5 -0.00262470931931
181.0 0.000196398475751
181.5 0.00122428656948
182.0 0.00249798956477
182.5 0.00310128473045
183.0 0.0033812360515
183.5 0.00336581389375
184.0 0.00319515087565
184.5 0.00371458577256
185.0 0.00344656805476
185.5 0.0032026214899
186.0 0.00326997321672
186.5 0.00315155047213
187.0 0.0029291092321
187.5 0.00263847811431
188.0 0.00231053704528
188.5 0.00217550602331
189.0 0.00176005796904
189.5 0.00143586981618
190.0 0.00117195234023
190.5 0.00077332283206
191.0 0.000462357206402
191.5 -3.84739068551e-05
192.0 -0.000511324437241
192.5 -0.000891720044521
193.0 -0.00147121037688
193.5 -0.00210788369982
194.0 -0.00306117112854
194.5 -0.00390094398576
195.0 -0.00464947214728
195.5 -0.00633354694581
196.0 -0.00754692950795
196.5 -0.00880175113551
197.0 -0.0118511761111
197.5 -0.014398080386
198.0 -0.0198485987817
198.5 -0.0260929517518
199.0 -0.0421867783661
199.5 -0.0653640457148
