0.0 0.00879135118045
0.5 0.0270894346822
1.0 0.0395695285372
1.5 0.0352250687127
2.0 0.0319765824056
2.5 0.0293268263834
3.0 0.0283028571755
3.5 0.0271717770038
4.0 0.0262328713648
4.5 0.0253745381397
5.0 0.0245618013781
5.5 0.0237918857442
6.0 0.023260561071
6.5 0.0228341900036
7.0 0.0224619789815
7.5 0.0220460824628
8.0 0.0217305967982
8.5 0.0214197852677
9.0 0.0211453601525
9.5 0.0208952963082
10.0 0.0204774278852
10.5 0.0202708137808
11.0 0.0200546404782
11.5 0.0198388625566
12.0 0.0195638080928
12.5 0.0192762996983
13.0 0.0190759876944
13.5 0.01883112668
14.0 0.0185002325878
14.5 0.0182707886147
15.0 0.0179955972296
15.5 0.017684707339
16.0 0.0174043919961
16.5 0.0170488962766
17.0 0.0167069880734
17.5 0.0163602893832
18.0 0.0159616660592
18.5 0.0155655553171
19.0 0.0151360144957
19.5 0.0146542875965
20.0 0.0141647376769
20.5 0.0136421932287
21.0 0.0130744186531
21.5 0.0124923370128
22.0 0.0118595956364
22.5 0.0111807932118
23.0 0.0104721127288
23.5 0.00970577022945
24.0 0.00889133631107
24.5 0.00800748347015
25.0 0.00710009797572
25.5 0.00612532080175
26.0 0.00509273380483
26.5 0.0040062817677
27.0 0.00285382661913
27.5 0.00163487383214
28.0 0.000339197087884
28.5 -0.00104919097132
29.0 -0.0024839209158
29.5 -0.00402874863385
30.0 -0.00563314350748
30.5 -0.0073318892461
31.0 -0.00914820199443
31.5 -0.011007629187
32.0 -0.0129577899686
32.5 -0.0150323154636
33.0 -0.017210880405
33.5 -0.01946252961
34.0 -0.0218292511007
34.5 -0.024313645575
35.0 -0.0269128523885
35.5 -0.0295924468309
36.0 -0.032394516932
36.5 -0.0352333247748
37.0 -0.038167488848
37.5 -0.041229324128
38.0 -0.0443782892773
38.5 -0.047613530595
39.0 -0.0508830679893
39.5 -0.0541454467191
40.0 -0.0574824462557
40.5 -0.0608366297696
41.0 -0.0641886501226
41.5 -0.0675375116088
42.0 -0.0708043517398
42.5 -0.0739641210592
43.0 -0.0770115131932
43.5 -0.0799329887601
44.0 -0.0827553513075
44.5 -0.0853617007246
45.0 -0.0876402911408
45.5 -0.0897098824725
46.0 -0.0914895370076
46.5 -0.092956069234
47.0 -0.0941330998787
47.5 -0.0949600622873
48.0 -0.0954706243441
48.5 -0.0956754536578
49.0 -0.0955584731927
49.5 -0.095100605725
50.0 -0.0943031491185
50.5 -0.0932630840156
51.0 -0.0919905108125
51.5 -0.090458872925
52.0 -0.088745750995
52.5 -0.086838854967
53.0 -0.0847974991329
53.5 -0.0826094513439
54.0 -0.0803147632159
54.5 -0.0779650396685
55.0 -0.0754895029505
55.5 -0.0729804801025
56.0 -0.0704776316782
56.5 -0.067921655953
57.0 -0.0653828078156
57.5 -0.0628507793781
58.0 -0.0603303168673
58.5 -0.0578301189876
59.0 -0.0553617447707
59.5 -0.0529527351959
60.0 -0.0505714580498
60.5 -0.0482142983691
61.0 -0.0459586820585
61.5 -0.0437082847282
62.0 -0.0415331979018
62.5 -0.0394333602257
63.0 -0.0373977099943
63.5 -0.0354147700192
64.0 -0.0334826183038
64.5 -0.031635540223
65.0 -0.0298369620704
65.5 -0.0280860677956
66.0 -0.0264000251105
66.5 -0.0247808064502
67.0 -0.0232326099994
67.5 -0.0217386533089
68.0 -0.0202904489283
68.5 -0.0189150144058
69.0 -0.0175926641018
69.5 -0.0163336487298
70.0 -0.0151137301832
70.5 -0.0139245386292
71.0 -0.0127980751277
71.5 -0.0117420973967
72.0 -0.0106971813736
72.5 -0.00967919970219
73.0 -0.00876943001641
73.5 -0.00790367961231
74.0 -0.00705428510813
74.5 -0.00624698653076
75.0 -0.00549217251942
75.5 -0.00478416190064
76.0 -0.00409771074732
76.5 -0.00339550210894
77.0 -0.00273257458524
77.5 -0.00213808034281
78.0 -0.00160182401121
78.5 -0.00107841597299
79.0 -0.00061602392543
79.5 -0.000175132803518
80.0 0.000333505222967
80.5 0.000719445123517
81.0 0.0011268853439
81.5 0.00148515639353
82.0 0.00183076591371
82.5 0.00218283677145
83.0 0.00251850620419
83.5 0.00279172054786
84.0 0.0030530396989
84.5 0.00328374630656
85.0 0.00350430814508
85.5 0.00369804298202
86.0 0.00393088182418
86.5 0.00410526563611
87.0 0.00425797445747
87.5 0.00442878365861
88.0 0.00456788689803
88.5 0.00470760814394
89.0 0.0047824666238
89.5 0.0048302827437
90.0 0.00500298137444
90.5 0.00501173564516
91.0 0.00509481672818
91.5 0.00518259757284
92.0 0.00523692512231
92.5 0.00531375019063
93.0 0.00535827434354
93.5 0.00535224335668
94.0 0.00536255461509
94.5 0.00538035696323
95.0 0.00534537987084
95.5 0.00527344046478
96.0 0.00523051351367
96.5 0.00517848241008
97.0 0.00514723547432
97.5 0.0051567262442
98.0 0.00513326393123
98.5 0.00502962708409
99.0 0.00491524989731
99.5 0.00493323735818
100.0 0.00496446559398
100.5 0.00489062949928
101.0 0.00478505432385
101.5 0.0046921014042
102.0 0.00476891450406
102.5 0.00457081201333
103.0 0.00432452490635
103.5 0.00426598899772
104.0 0.00432810793711
104.5 0.00431445200022
105.0 0.00404887905951
105.5 0.00388347619441
106.0 0.00367134250963
106.5 0.00347326701234
107.0 0.00343373811441
107.5 0.00334219034274
108.0 0.00305565162255
108.5 0.00279785487726
109.0 0.00277409497753
109.5 0.00246827409146
110.0 0.00220510879074
110.5 0.0024418820573
111.0 0.00216934375592
111.5 0.00164970691073
112.0 0.00127258567078
112.5 0.0010487657402
113.0 0.000993024708478
113.5 0.000633458005723
114.0 0.000645025630504
114.5 0.000424539506326
115.0 0.000141304479541
115.5 0.000923030721808
116.0 0.000691881681604
116.5 0.000356542901272
117.0 -0.000455580282136
117.5 -0.00155459440238
118.0 -6.23253400818e-05
118.5 0.000563799063983
119.0 0.00236507781187
119.5 0.0101688182369
120.0 0.0110134563765
120.5 0.0114176804418
121.0 0.0104068656717
121.5 0.00245594289254
122.0 -0.00176217786407
122.5 -0.00163285335765
123.0 -0.00143041195034
123.5 -0.00108586952342
124.0 -0.000558671421217
124.5 -0.000631663230962
125.0 -0.00130038644215
125.5 7.56257521743e-05
126.0 -0.000176154946672
126.5 -0.000972242350301
127.0 -0.000315490264455
127.5 -0.000547967590848
128.0 -0.00074553498505
128.5 -0.000235561273357
129.0 -8.2157649409e-05
129.5 -8.03453340907e-05
130.0 -0.000308768627264
130.5 0.000430032041656
131.0 0.000336726762598
131.5 0.000257702551664
132.0 0.000764959065975
132.5 0.000651459097128
133.0 0.000578113766529
133.5 0.000930987368633
134.0 0.000865435142934
134.5 0.000806097560691
135.0 0.00109113646658
135.5 0.000922012070866
136.0 0.00115285706853
136.5 0.00134052967216
137.0 0.00138156395132
137.5 0.00126876162106
138.0 0.00137132640745
138.5 0.00141080198366
139.0 0.00145962351926
139.5 0.00149226614315
140.0 0.00143352036329
140.5 0.00165044121343
141.0 0.0017434897926
141.5 0.00181177687134
142.0 0.00183434507416
142.5 0.00175708977946
143.0 0.00182339668422
143.5 0.00183943703946
144.0 0.00180093748255
144.5 0.00199881579996
145.0 0.00187765786754
145.5 0.00202991631548
146.0 0.00190122405866
146.5 0.00199807412192
147.0 0.00208522173515
147.5 0.00218824767839
148.0 0.00222206590696
148.5 0.00224329221096
149.0 0.00224374195973
149.5 0.00216528504259
150.0 0.00225868545986
150.5 0.00212901049432
151.0 0.00213469671423
151.5 0.00225814880947
152.0 0.00234778784392
152.5 0.00238359818158
153.0 0.00243811266583
153.5 0.00247991090394
154.0 0.00250863698009
154.5 0.00255587010504
155.0 0.00257790220592
155.5 0.00258221581504
156.0 0.00265304683429
156.5 0.00262936364684
157.0 0.00256486491553
157.5 0.00265574969583
158.0 0.00277815873233
158.5 0.00293822219651
159.0 0.00303940048121
159.5 0.00314346376773
160.0 0.00329370719797
160.5 0.00320181929921
161.0 0.00319872272398
161.5 0.00307985578933
162.0 0.00329250023793
162.5 0.00350949386011
163.0 0.00358789733173
163.5 0.00358849565298
164.0 0.00349136560752
164.5 0.0033384941088
165.0 0.00366230723697
165.5 0.00385825701179
166.0 0.00388739950584
166.5 0.00364899801298
167.0 0.00377768761961
167.5 0.00397463828932
168.0 0.00420114771408
168.5 0.00443173016898
169.0 0.00449599213783
169.5 0.00465209498972
170.0 0.00475783069183
170.5 0.00470415689834
171.0 0.00475306476646
171.5 0.00504266432335
172.0 0.00460214433521
172.5 0.00490920758646
173.0 0.0054559695684
173.5 0.00577887580603
174.0 0.0056333007672
174.5 0.00493163211704
175.0 0.00526028899249
175.5 0.00501830291401
176.0 0.00540486941523
176.5 0.00494099574667
177.0 0.00591707863849
177.5 0.007236440939
178.0 0.00757460454099
178.5 0.00606004684768
179.0 0.0020682667229
179.5 -0.00220439193333
180.0 -0.00391345550574
180.5 -0.00417067989166
181.0 0.000462597777883
181.5 0.00347939684772
182.0 0.00416596876319
182.5 0.00458319473398
183.0 0.0045472122938
183.5 0.00419014335142
184.0 0.00370532478838
184.5 0.00351197991544
185.0 0.00348916501007
185.5 0.0032805689039
186.0 0.00331110544779
186.5 0.00315698680724
187.0 0.00302646498787
187.5 0.00268660431975
188.0 0.00233110557298
188.5 0.00220057831997
189.0 0.00187256401978
189.5 0.00174852266602
190.0 0.00151483134941
190.5 0.00106810146526
191.0 0.000869672008562
191.5 0.000555869214764
192.0 0.000186338348414
192.5 -4.88323385923e-05
193.0 -0.000517490530228
193.5 -0.00091292583275
194.0 -0.0015281810725
194.5 -0.00212996219153
195.0 -0.00264035835059
195.5 -0.00450317434284
196.0 -0.00533226163934
196.5 -0.00646162164007
197.0 -0.00793917080556
197.5 -0.00912913247137
198.0 -0.0130478231006
198.5 -0.0183403186027
199.0 -0.0279370204088
199.5 -0.0452881628661
