0.0 0.00702506229651
0.5 0.0350812935349
1.0 0.0443585937811
1.5 0.0380093566906
2.0 0.0347355885854
2.5 0.0322067616472
3.0 0.0310828315771
3.5 0.0299534407238
4.0 0.0284121395289
4.5 0.0279626714328
5.0 0.0272858090283
5.5 0.0267498180717
6.0 0.0262524492081
6.5 0.0258651833286
7.0 0.0256297062704
7.5 0.0253115443618
8.0 0.0251099216359
8.5 0.0249346714666
9.0 0.0247917843323
9.5 0.024663891481
10.0 0.0245477216929
10.5 0.0244760389289
11.0 0.0243943476743
11.5 0.0243356172733
12.0 0.0243155428416
12.5 0.0242454388398
13.0 0.0241491214265
13.5 0.0241344936054
14.0 0.0241029090756
14.5 0.0240764927857
15.0 0.0240409080814
15.5 0.0239811650309
16.0 0.0239517982923
16.5 0.0239069226238
17.0 0.0238561085576
17.5 0.0237568655742
18.0 0.0236528414039
18.5 0.0235727702267
19.0 0.0234673849521
19.5 0.0233196110045
20.0 0.0231773392545
20.5 0.0230105444879
21.0 0.0228292086308
21.5 0.022643991311
22.0 0.0224075303134
22.5 0.022148122906
23.0 0.0218442447589
23.5 0.0215347395315
24.0 0.0211730042719
24.5 0.020774604082
25.0 0.0203443919177
25.5 0.0198751749268
26.0 0.0193715607688
26.5 0.0188266385742
27.0 0.0182235253748
27.5 0.0175843855933
28.0 0.0168970362844
28.5 0.0161497429294
29.0 0.015337942422
29.5 0.0144758780694
30.0 0.013574899532
30.5 0.0125967076152
31.0 0.0115574433449
31.5 0.0104643519781
32.0 0.00929122083519
32.5 0.00804240624529
33.0 0.00672449352699
33.5 0.00535342573276
34.0 0.00387363820668
34.5 0.00232587952353
35.0 0.000681331018495
35.5 -0.00105487330247
36.0 -0.00284243669098
36.5 -0.00471913846872
37.0 -0.00668808618192
37.5 -0.00875104896961
38.0 -0.0109098857344
38.5 -0.0131804000277
39.0 -0.0155189897365
39.5 -0.0179177245666
40.0 -0.0204907127187
40.5 -0.0231555155139
41.0 -0.0258644717907
41.5 -0.0286862170635
42.0 -0.0315820745782
42.5 -0.034562593724
43.0 -0.037662944713
43.5 -0.0408661491059
44.0 -0.0441570482466
44.5 -0.0475231082807
45.0 -0.0508679224631
45.5 -0.0543830665599
46.0 -0.0579630664444
46.5 -0.0615714821969
47.0 -0.065248011441
47.5 -0.0689293593202
48.0 -0.0725853848417
48.5 -0.0762174779823
49.0 -0.0799515627014
49.5 -0.0836136685956
50.0 -0.0871548920455
50.5 -0.0906523498807
51.0 -0.0940444590276
51.5 -0.0972713386442
52.0 -0.100344681929
52.5 -0.103192707878
53.0 -0.105815635898
53.5 -0.10814705513
54.0 -0.110251782911
54.5 -0.112058925665
55.0 -0.113426603644
55.5 -0.114383007928
56.0 -0.115034752134
56.5 -0.115240537729
57.0 -0.115061276111
57.5 -0.114464640177
58.0 -0.113494767916
58.5 -0.112139381876
59.0 -0.110402785493
59.5 -0.108346741468
60.0 -0.105932186007
60.5 -0.103243509803
61.0 -0.100355607991
61.5 -0.0972264071633
62.0 -0.0939645691532
62.5 -0.0905959813244
63.0 -0.0871649373487
63.5 -0.0836490410328
64.0 -0.080074606369
64.5 -0.0765146178875
65.0 -0.0729542943532
65.5 -0.0694822299971
66.0 -0.0660054475772
66.5 -0.0625991390405
67.0 -0.0592798322854
67.5 -0.0561008795833
68.0 -0.0529835528054
68.5 -0.0499572186541
69.0 -0.0470593677243
69.5 -0.044243798431
70.0 -0.0415199927587
70.5 -0.038910197705
71.0 -0.03641235645
71.5 -0.034022347338
72.0 -0.0317267867055
72.5 -0.029551764243
73.0 -0.0275027255468
73.5 -0.0255592885185
74.0 -0.0236772999772
74.5 -0.0218675703293
75.0 -0.020179907526
75.5 -0.018606909062
76.0 -0.0170444508954
76.5 -0.0155578238335
77.0 -0.014184827897
77.5 -0.0128928579312
78.0 -0.0116524751915
78.5 -0.0105145607021
79.0 -0.0094257222177
79.5 -0.00837918192992
80.0 -0.00742494944595
80.5 -0.00644047712605
81.0 -0.0055408202791
81.5 -0.00475394712095
82.0 -0.00397515726321
82.5 -0.00325359588247
83.0 -0.00255799608657
83.5 -0.00188426038135
84.0 -0.00132167295637
84.5 -0.000750872170197
85.0 -0.000221763334036
85.5 0.000200655102716
86.0 0.0007342397721
86.5 0.00116078997296
87.0 0.00156253172254
87.5 0.00197675450135
88.0 0.00228774038507
88.5 0.0025825327569
89.0 0.00289961362854
89.5 0.00323349074911
90.0 0.00346685380459
90.5 0.00358097626245
91.0 0.00385285550967
91.5 0.00408035707659
92.0 0.00425444344222
92.5 0.0044160449598
93.0 0.00456543261863
93.5 0.00472729370482
94.0 0.00487807700594
94.5 0.00492203801537
95.0 0.00493448825104
95.5 0.00501050693382
96.0 0.00503986884325
96.5 0.00505065392674
97.0 0.00506699794857
97.5 0.00515934742848
98.0 0.00528781716774
98.5 0.0053422225647
99.0 0.00532379784334
99.5 0.00525563840542
100.0 0.0053126277346
100.5 0.00521542800948
101.0 0.00511333416014
101.5 0.0051557257747
102.0 0.00506196117244
102.5 0.00488008738092
103.0 0.00488043687757
103.5 0.00482894766991
104.0 0.00457680320595
104.5 0.00446240955277
105.0 0.00444143592332
105.5 0.00438275941047
106.0 0.00455032165926
106.5 0.00405590256207
107.0 0.00385588102819
107.5 0.00378322253838
108.0 0.00369395554386
108.5 0.00359163957266
109.0 0.00343055457562
109.5 0.00324231587066
110.0 0.0033048026017
110.5 0.00278037934552
111.0 0.00228773442544
111.5 0.00227208239531
112.0 0.00211970554832
112.5 0.00167342152784
113.0 0.00142507598349
113.5 0.00127240539784
114.0 0.00128289688628
114.5 0.00108345797901
115.0 0.00187449381991
115.5 0.00181587745247
116.0 0.00118127135714
116.5 0.00102543951238
117.0 0.00061457312799
117.5 0.000782128089753
118.0 0.00165859660289
118.5 0.00329678546849
119.0 0.00540175963596
119.5 0.0137177052662
120.0 0.0143902637585
120.5 0.00883447133488
121.0 0.00436761803864
121.5 0.000412184030026
122.0 -0.00228132951443
122.5 -0.00280482736223
123.0 -0.000780803079181
123.5 -0.000214066973484
124.0 -0.000753843641164
124.5 -0.000536483848421
125.0 -0.000490572805532
125.5 0.000101525730486
126.0 -0.000985196977226
126.5 -0.000999764462577
127.0 -0.000637625629963
127.5 -0.000583362760096
128.0 -0.000515518928125
128.5 -0.00021941125415
129.0 9.31524801402e-05
129.5 0.00038504563782
130.0 0.000634975601635
130.5 0.000281251102365
131.0 0.000823547536122
131.5 0.00123957185113
132.0 0.00077466223955
132.5 0.000755282887667
133.0 0.000963736577368
133.5 0.00117255555823
134.0 0.00150234548327
134.5 0.00144634903282
135.0 0.00176566587817
135.5 0.00139405485122
136.0 0.00157664240976
136.5 0.00169258072094
137.0 0.0019456195121
137.5 0.00207854895252
138.0 0.0020817668678
138.5 0.00180765757367
139.0 0.00180025958095
139.5 0.00175834963643
140.0 0.00210592278517
140.5 0.0019236281435
141.0 0.00232505508442
141.5 0.0022406873764
142.0 0.00218433428707
142.5 0.00218465909275
143.0 0.00234749565762
143.5 0.00243014928194
144.0 0.00245015380654
144.5 0.00263950118897
145.0 0.00271992633245
145.5 0.00261860409119
146.0 0.00250197845323
146.5 0.00263399749482
147.0 0.00282355650637
147.5 0.00295764854043
148.0 0.00282442531425
148.5 0.00273247942928
149.0 0.00290341982222
149.5 0.0030107677393
150.0 0.00318024809526
150.5 0.00298012196979
151.0 0.00290941862735
151.5 0.0029616800116
152.0 0.00307943318574
152.5 0.00315399492899
153.0 0.00322598683896
153.5 0.00328214365725
154.0 0.00333105739563
154.5 0.00339219981909
155.0 0.00343927650751
155.5 0.00346857361694
156.0 0.00356249866886
156.5 0.00358755982068
157.0 0.00364066692998
157.5 0.00367240116684
158.0 0.00369305107267
158.5 0.00379661640876
159.0 0.00378291657234
159.5 0.00373981006568
160.0 0.00402377787693
160.5 0.00412770323952
161.0 0.00394913404304
161.5 0.00415437876052
162.0 0.00430275489262
162.5 0.00455581227059
163.0 0.0047308655449
163.5 0.00474815315143
164.0 0.00468908650952
164.5 0.00467594892631
165.0 0.00462614308816
165.5 0.00484753904534
166.0 0.00497489490164
166.5 0.00528757493334
167.0 0.0052947897837
167.5 0.00522839340768
168.0 0.00546862530837
168.5 0.00586760188383
169.0 0.00581803614521
169.5 0.00566726657843
170.0 0.00620755677713
170.5 0.00641091030069
171.0 0.00598689726318
171.5 0.00638646041375
172.0 0.00674726548951
172.5 0.00716478936751
173.0 0.00737246490269
173.5 0.00754062183117
174.0 0.00776389066954
174.5 0.0078215380868
175.0 0.00766469137761
175.5 0.00689277635647
176.0 0.00684662321822
176.5 0.00749320824642
177.0 0.00850019803167
177.5 0.0103117811226
178.0 0.0086782401174
178.5 0.0063383614238
179.0 0.00189166094802
179.5 -0.00241843818898
180.0 -0.00410299860711
180.5 -0.00483744217726
181.0 -0.000706157216086
181.5 0.00204002200603
182.0 0.00306851406889
182.5 0.00422958878282
183.0 0.00327501008948
183.5 0.00357198854803
184.0 0.00338502410581
184.5 0.00331472362666
185.0 0.00323480769823
185.5 0.00285768842012
186.0 0.00281401071167
186.5 0.00265921574896
187.0 0.00233677219796
187.5 0.00240684019444
188.0 0.00224338030877
188.5 0.00198628665412
189.0 0.00168097898195
189.5 0.00135525972895
190.0 0.00103712062699
190.5 0.000611911974076
191.0 0.000307820263302
191.5 -0.00014487743654
192.0 -0.000524489753872
192.5 -0.000850079257873
193.0 -0.00155108370782
193.5 -0.00196783464207
194.0 -0.00288832617505
194.5 -0.0040773212384
195.0 -0.00491972877956
195.5 -0.00644166472973
196.0 -0.00782954117102
196.5 -0.00957895976859
197.0 -0.0118462955337
197.5 -0.0140925456545
198.0 -0.0194779053623
198.5 -0.0271103764431
199.0 -0.0423517433341
199.5 -0.0688437998718
