0.0 0.00706313681202
0.5 0.0338638520349
1.0 0.0442432554286
1.5 0.0378950637167
2.0 0.0345902910596
2.5 0.0317430319247
3.0 0.0306016002183
3.5 0.0295469382692
4.0 0.0286979265009
4.5 0.0277935965735
5.0 0.0271509558329
5.5 0.0265288623221
6.0 0.0261377082737
6.5 0.0258624229922
7.0 0.0256300756482
7.5 0.0253990648524
8.0 0.0252603153347
8.5 0.0250743523384
9.0 0.024932773176
9.5 0.0249454438
10.0 0.0248516281693
10.5 0.0248252989323
11.0 0.0248149626317
11.5 0.0248200661781
12.0 0.0248080601084
12.5 0.0247653831219
13.0 0.0247965895833
13.5 0.024837343511
14.0 0.0248597610213
14.5 0.0249095421811
15.0 0.0249942622306
15.5 0.0249490101502
16.0 0.0249699753709
16.5 0.0250209148683
17.0 0.0250464327515
17.5 0.0250535918566
18.0 0.0250500186046
18.5 0.0250409810966
19.0 0.0250248935932
19.5 0.0249922753019
20.0 0.0249185844588
20.5 0.0248667104455
21.0 0.0247935688489
21.5 0.0246879659642
22.0 0.0245504576314
22.5 0.0244256877246
23.0 0.0242294324752
23.5 0.0240167633502
24.0 0.023785242644
24.5 0.0235060273163
25.0 0.0231995508127
25.5 0.0228559526229
26.0 0.0224836430904
26.5 0.0220705817768
27.0 0.0216018304757
27.5 0.0210995069135
28.0 0.0205413321797
28.5 0.0199072604977
29.0 0.01924865768
29.5 0.0185122915929
30.0 0.0177447061694
30.5 0.0169083272868
31.0 0.0160168643604
31.5 0.0150634939539
32.0 0.0140300185655
32.5 0.0129305421063
33.0 0.011757663084
33.5 0.010525313787
34.0 0.0091915773372
34.5 0.00779981195731
35.0 0.00632938549248
35.5 0.00475713072907
36.0 0.00313306320944
36.5 0.00142419738841
37.0 -0.000371297118403
37.5 -0.00225449252817
38.0 -0.00422995310958
38.5 -0.00629045211576
39.0 -0.00840670053372
39.5 -0.0106347709617
40.0 -0.0129630037736
40.5 -0.0153835624676
41.0 -0.0178982583119
41.5 -0.0205255253821
42.0 -0.0231937777366
42.5 -0.0259284821174
43.0 -0.0287613017366
43.5 -0.0316620179057
44.0 -0.0346792429818
44.5 -0.0377690215404
45.0 -0.0409039035804
45.5 -0.0441556401177
46.0 -0.0474740203569
46.5 -0.0508305939495
47.0 -0.0542132772272
47.5 -0.0576799329686
48.0 -0.0612664599162
48.5 -0.0648368796302
49.0 -0.0684057752233
49.5 -0.072036621032
50.0 -0.0756317016757
50.5 -0.0791933706828
51.0 -0.0827264423448
51.5 -0.0861755899394
52.0 -0.0896398498355
52.5 -0.0930274880635
53.0 -0.0962720396729
53.5 -0.0993773522122
54.0 -0.10232386408
54.5 -0.105003961819
55.0 -0.107562051563
55.5 -0.109807370188
56.0 -0.111762167469
56.5 -0.113400647378
57.0 -0.114729147503
57.5 -0.115679955635
58.0 -0.116290430927
58.5 -0.116515852574
59.0 -0.116309166503
59.5 -0.115726364097
60.0 -0.114709643907
60.5 -0.113303611461
61.0 -0.111525356115
61.5 -0.109378754367
62.0 -0.106946232779
62.5 -0.104260008957
63.0 -0.10129157731
63.5 -0.0981219033873
64.0 -0.0947947132928
64.5 -0.0913347827687
65.0 -0.0877504908265
65.5 -0.084114757609
66.0 -0.0804087249009
66.5 -0.0767587630913
67.0 -0.0731339383703
67.5 -0.0694872714217
68.0 -0.0659376989339
68.5 -0.0625087406446
69.0 -0.0590997314824
69.5 -0.0557774329212
70.0 -0.052574441341
70.5 -0.0494928597593
71.0 -0.046506805602
71.5 -0.0436287590315
72.0 -0.0408840420695
72.5 -0.0382280404922
73.0 -0.035727936773
73.5 -0.0333513728049
74.0 -0.0310606870855
74.5 -0.0288799862982
75.0 -0.0267872735758
75.5 -0.0248319152393
76.0 -0.0229591430459
76.5 -0.021198560583
77.0 -0.0194740516806
77.5 -0.0178574949203
78.0 -0.0164027295587
78.5 -0.0149521104913
79.0 -0.0136016473228
79.5 -0.0123566950961
80.0 -0.0111122778488
80.5 -0.0100256396946
81.0 -0.00897788765534
81.5 -0.00797295152699
82.0 -0.00700245773599
82.5 -0.00611845693262
83.0 -0.00525842390923
83.5 -0.00447068925135
84.0 -0.00378742024004
84.5 -0.00310975456116
85.0 -0.00233638013651
85.5 -0.00181864751914
86.0 -0.00128867711152
86.5 -0.000754464448434
87.0 -0.000247333903552
87.5 0.000246665369822
88.0 0.000639950770331
88.5 0.00106919673088
89.0 0.00152231052081
89.5 0.0017557364005
90.0 0.0021700894016
90.5 0.00248956776954
91.0 0.00266371687519
91.5 0.00296332834841
92.0 0.00322650252831
92.5 0.00344236111397
93.0 0.00358953842312
93.5 0.00367238268762
94.0 0.00387528376132
94.5 0.00410017511358
95.0 0.0041952528242
95.5 0.0042593628881
96.0 0.00434511877226
96.5 0.00447982047164
97.0 0.00453675792749
97.5 0.0046215999085
98.0 0.00474542407481
98.5 0.00479818728596
99.0 0.00480614799849
99.5 0.00480309385237
100.0 0.00477036943648
100.5 0.00480924467134
101.0 0.00459967274612
101.5 0.00463691674017
102.0 0.00452285686683
102.5 0.00441658759165
103.0 0.0045120433313
103.5 0.00451179014424
104.0 0.00436137334142
104.5 0.00423790059313
105.0 0.00399417192482
105.5 0.00419845313968
106.0 0.00413257275021
106.5 0.0038925038945
107.0 0.00393743131381
107.5 0.00368278495064
108.0 0.00337346572087
108.5 0.00341149818454
109.0 0.00340193957273
109.5 0.00314303338528
110.0 0.00301926639987
110.5 0.00276014312318
111.0 0.00240683353036
111.5 0.00194753818837
112.0 0.00174310506883
112.5 0.0017071262773
113.0 0.00157421432202
113.5 0.00125107122632
114.0 0.00151997721305
114.5 0.00113865146425
115.0 0.000748114918494
115.5 0.00212642347182
116.0 0.00133267252762
116.5 0.00122196242449
117.0 0.00103725232603
117.5 0.000908507913536
118.0 0.0014161141554
118.5 0.00356522943653
119.0 0.00540867656419
119.5 0.0118192008933
120.0 0.0130260593068
120.5 0.00916197316799
121.0 0.00512071669921
121.5 0.000167303881383
122.0 -0.00315155209744
122.5 -0.00366717841518
123.0 -0.00156859832131
123.5 -0.000952683442122
124.0 -0.00126241195068
124.5 -0.000949128117767
125.0 -0.000784204880787
125.5 -0.00088413229804
126.0 -0.00118019752348
126.5 -0.000967975045768
127.0 -0.00131309673455
127.5 -0.00122701943336
128.0 -0.000871484134322
128.5 -0.00105412227395
129.0 -0.000896572972003
129.5 -6.09372264009e-05
130.0 -9.6159524432e-05
130.5 0.000709560323635
131.0 -0.000158007051397
131.5 0.000165114101868
132.0 0.000395145285822
132.5 0.000329419479179
133.0 0.000636302241354
133.5 0.000883272087684
134.0 0.000762261781503
134.5 0.000808483353779
135.0 0.00120357191035
135.5 0.00130333974517
136.0 0.00152410643008
136.5 0.00118688192164
137.0 0.00127330018379
137.5 0.00136775147121
138.0 0.00154701242289
138.5 0.00164526227702
139.0 0.00180546483385
139.5 0.00195589155336
140.0 0.00160704984205
140.5 0.00161402967319
141.0 0.00194836549896
141.5 0.001970198401
142.0 0.00213011922016
142.5 0.00218366183309
143.0 0.00234205407128
143.5 0.00229255905896
144.0 0.00202793091926
144.5 0.00227496716071
145.0 0.00232765527094
145.5 0.00223102558028
146.0 0.00238614375851
146.5 0.002545969301
147.0 0.00239445207909
147.5 0.00243864717338
148.0 0.00241741951052
148.5 0.0023443839723
149.0 0.00247111394761
149.5 0.00261249267561
150.0 0.00271868604894
150.5 0.00280609282806
151.0 0.00289395824535
151.5 0.00301375663016
152.0 0.00318091675247
152.5 0.00314359596685
153.0 0.0031136423787
153.5 0.00316604840223
154.0 0.00321606399044
154.5 0.0032557988015
155.0 0.00328524405515
155.5 0.00333580103346
156.0 0.00338561771115
156.5 0.00342145571787
157.0 0.00348745309099
157.5 0.0034965123896
158.0 0.00348380310167
158.5 0.00352305343186
159.0 0.00354190428661
159.5 0.00374411510399
160.0 0.00385960943904
160.5 0.00360940012443
161.0 0.00380154152103
161.5 0.0039324703035
162.0 0.0040434322291
162.5 0.00420138001449
163.0 0.00434374815951
163.5 0.00447161369195
164.0 0.00458384230942
164.5 0.00465200830689
165.0 0.00471473058642
165.5 0.00468341867274
166.0 0.00460066213301
166.5 0.0045109976519
167.0 0.00457530171138
167.5 0.0049452991128
168.0 0.00525002735309
168.5 0.00553178642367
169.0 0.00571830964204
169.5 0.00575987961556
170.0 0.00549767388608
170.5 0.00592812334389
171.0 0.00610813693598
171.5 0.00626333241296
172.0 0.00644041950292
172.5 0.00677175761578
173.0 0.00690485150265
173.5 0.00711482590496
174.0 0.00733450458576
174.5 0.0073497551181
175.0 0.00667739414453
175.5 0.00655802784523
176.0 0.00679610586222
176.5 0.00736133655023
177.0 0.00835458286004
177.5 0.0106483865846
178.0 0.00773773376677
178.5 0.0074524959976
179.0 0.00168303881614
179.5 0.00078179341034
180.0 0.00172599440737
180.5 -0.000958943535153
181.0 -0.000596149808445
181.5 4.94602477943e-05
182.0 0.00193394472095
182.5 0.00233377342362
183.0 0.00224749075167
183.5 0.00237799674632
184.0 0.00227193846351
184.5 0.00235920246524
185.0 0.00250637959772
185.5 0.0030903137897
186.0 0.00299708392292
186.5 0.00292963001317
187.0 0.00265999573898
187.5 0.00241756832862
188.0 0.00208634044384
188.5 0.00182106403864
189.0 0.00165395233412
189.5 0.00130119011753
190.0 0.00105907538956
190.5 0.000542646140985
191.0 0.000341675219403
191.5 -4.08187425336e-05
192.0 -0.000509460077154
192.5 -0.000857219597194
193.0 -0.001380963998
193.5 -0.00196536872011
194.0 -0.00286155347014
194.5 -0.00362711367696
195.0 -0.00435851056187
195.5 -0.00648074489357
196.0 -0.00771742265044
196.5 -0.0091289816487
197.0 -0.0107395579443
197.5 -0.013635930695
198.0 -0.0192735716954
198.5 -0.0251227678009
199.0 -0.040561645966
199.5 -0.062464038282
