0.0 0.00673561863696
0.5 0.034261789248
1.0 0.0433342993123
1.5 0.0372693006406
2.0 0.0340289169137
2.5 0.031355966867
3.0 0.0299431201106
3.5 0.0289635464548
4.0 0.0280494592643
4.5 0.0276313085306
5.0 0.0267468299096
5.5 0.0261067463628
6.0 0.0256516323948
6.5 0.0253669027418
7.0 0.0250719271748
7.5 0.0247417505476
8.0 0.0246498570882
8.5 0.0245177694857
9.0 0.0243670035816
9.5 0.0242995536026
10.0 0.0241705066733
10.5 0.024147813122
11.0 0.0240864107727
11.5 0.0240328953339
12.0 0.0240169160937
12.5 0.0239583348947
13.0 0.0238717334411
13.5 0.0238572925824
14.0 0.0238598356306
14.5 0.023862236913
15.0 0.0238319581937
15.5 0.0237597765391
16.0 0.0237193072128
16.5 0.0236792045146
17.0 0.0236170763696
17.5 0.0235521982311
18.0 0.023478739615
18.5 0.0233341481557
19.0 0.0232310676361
19.5 0.0230915108467
20.0 0.0229323903663
20.5 0.0227413163145
21.0 0.0225319581068
21.5 0.0222927640591
22.0 0.0220087490377
22.5 0.0216952622767
23.0 0.0213400074436
23.5 0.0209379434396
24.0 0.020482994871
24.5 0.019987756609
25.0 0.0194482318708
25.5 0.0188551164891
26.0 0.0182098797675
26.5 0.0175055057588
27.0 0.0167204675217
27.5 0.0158718517613
28.0 0.0149775651421
28.5 0.0139889699539
29.0 0.0129295003746
29.5 0.0117776727975
30.0 0.0105741127632
30.5 0.0092897891433
31.0 0.00791440171455
31.5 0.00648794636366
32.0 0.00497824794573
32.5 0.00339363920595
33.0 0.00173703182868
33.5 4.63240017314e-05
34.0 -0.00172967768322
34.5 -0.0035739490185
35.0 -0.00546310562558
35.5 -0.00740464801836
36.0 -0.00937951884958
36.5 -0.0113455903634
37.0 -0.0133585989407
37.5 -0.0154129334643
38.0 -0.0174633304345
38.5 -0.01950972827
39.0 -0.021597726895
39.5 -0.0236994750729
40.0 -0.0257275392494
40.5 -0.0277907797647
41.0 -0.0298332212728
41.5 -0.0318810161126
42.0 -0.0339311555942
42.5 -0.0359427603101
43.0 -0.0379199326253
43.5 -0.0399054840353
44.0 -0.0418626664998
44.5 -0.0437793945769
45.0 -0.0457048489441
45.5 -0.0476211874676
46.0 -0.0495231719574
46.5 -0.0513950115172
47.0 -0.0532242956673
47.5 -0.0550094175898
48.0 -0.0567915685485
48.5 -0.0585225818706
49.0 -0.060225476689
49.5 -0.0618826728273
50.0 -0.063518766739
50.5 -0.0651417978566
51.0 -0.066724329263
51.5 -0.0682007395714
52.0 -0.0696772930817
52.5 -0.0711166803317
53.0 -0.0724943037518
53.5 -0.0737853973223
54.0 -0.0750221862773
54.5 -0.0761977069532
55.0 -0.0772554303999
55.5 -0.0782590519946
56.0 -0.0791955464727
56.5 -0.0800035042531
57.0 -0.0807415261632
57.5 -0.0813629037652
58.0 -0.0819004576822
58.5 -0.0823009628968
59.0 -0.0825626142533
59.5 -0.0827069433825
60.0 -0.082725937578
60.5 -0.0825708022322
61.0 -0.082311271632
61.5 -0.0818557090725
62.0 -0.0812672685863
62.5 -0.0805379617225
63.0 -0.0796602882173
63.5 -0.0786338213709
64.0 -0.0774640417795
64.5 -0.0761510295424
65.0 -0.0746601335846
65.5 -0.0730375840752
66.0 -0.0712650235924
66.5 -0.0694014409453
67.0 -0.0674464993516
67.5 -0.0654170464888
68.0 -0.0633095885798
68.5 -0.061139789671
69.0 -0.0589139822668
69.5 -0.0566433633392
70.0 -0.0543439750888
70.5 -0.0520326730955
71.0 -0.0497295275847
71.5 -0.0474429887654
72.0 -0.045129654031
72.5 -0.0428870511597
73.0 -0.040711190721
73.5 -0.0385596750985
74.0 -0.0364542784397
74.5 -0.0344102257418
75.0 -0.0324077154325
75.5 -0.0304913362061
76.0 -0.0286345065073
76.5 -0.0268357729336
77.0 -0.0251053024422
77.5 -0.0234512874193
78.0 -0.0219057583449
78.5 -0.0204157088892
79.0 -0.0189424035064
79.5 -0.0175652678129
80.0 -0.0162831915951
80.5 -0.0150318382337
81.0 -0.013837010097
81.5 -0.0127623941386
82.0 -0.0117015142095
82.5 -0.0106994605438
83.0 -0.00972610462829
83.5 -0.00878545032495
84.0 -0.00798279161513
84.5 -0.00721602166516
85.0 -0.00645962955868
85.5 -0.0057241254647
86.0 -0.00501864863611
86.5 -0.00441780586968
87.0 -0.00383908842545
87.5 -0.00330788415657
88.0 -0.00284455888652
88.5 -0.00231726043928
89.0 -0.00179522679926
89.5 -0.0014194563206
90.0 -0.0010471932487
90.5 -0.000642873593105
91.0 -0.000373827219668
91.5 -7.65880186719e-05
92.0 0.000173275503254
92.5 0.000489987201686
93.0 0.000782442144757
93.5 0.00102081217398
94.0 0.00130820181351
94.5 0.00134747389334
95.0 0.00143684894154
95.5 0.00168978921199
96.0 0.00187226059034
96.5 0.0020039894186
97.0 0.00198116370266
97.5 0.00206113942419
98.0 0.00221740012558
98.5 0.00230685100973
99.0 0.00239540986616
99.5 0.00237565842697
100.0 0.00262805792863
100.5 0.00250577752119
101.0 0.00260152326135
101.5 0.00268346784237
102.0 0.00252440959692
102.5 0.00240252815641
103.0 0.00232839425591
103.5 0.00216122580206
104.0 0.00224434754358
104.5 0.00224182307834
105.0 0.00219250520103
105.5 0.00219010458434
106.0 0.00229939146426
106.5 0.00200756042883
107.0 0.00177889561824
107.5 0.00178925603348
108.0 0.00165985006535
108.5 0.00138059560361
109.0 0.00137509708767
109.5 0.00125633496875
110.0 0.00123753890473
110.5 0.000648418748476
111.0 0.00030351530004
111.5 0.000370889494043
112.0 -2.29250813533e-05
112.5 -0.000136164134346
113.0 -0.000336840148506
113.5 -0.000911107299046
114.0 -0.000600842100198
114.5 -0.00100349700854
115.0 -0.00135446895959
115.5 -0.00143892830867
116.0 -0.00195156070291
116.5 -0.00137667516293
117.0 -0.00175064309599
117.5 -0.00397297548804
118.0 -0.00322869479582
118.5 -0.0009353460336
119.0 0.00131125651301
119.5 0.00972322999937
120.0 0.0131674682193
120.5 0.0125190263911
121.0 0.0102355556768
121.5 0.00198200750565
122.0 0.00122368140681
122.5 -0.00187115486037
123.0 -0.00138004255138
123.5 -0.001001954177
124.0 -0.000660860906095
124.5 -0.00119643182705
125.0 -0.00201537149074
125.5 -0.0012710386211
126.0 -0.00155218963097
126.5 -0.00215814731645
127.0 -0.00184991945895
127.5 -0.00108250030203
128.0 -0.00117800038717
128.5 -0.00185027903296
129.0 -0.00136423256818
129.5 -0.00118953477332
130.0 -0.000620729790057
130.5 -0.000694418017908
131.0 -0.000504685052974
131.5 0.000113474774317
132.0 -0.000187149003175
132.5 -0.000188578325897
133.0 0.000318558399101
133.5 0.000297997424425
134.0 1.63825297932e-05
134.5 0.000283346317801
135.0 0.000401685587008
135.5 0.000500846539381
136.0 0.000645849529228
136.5 0.00063534253535
137.0 0.000920733365284
137.5 0.000812238369374
138.0 0.000943383403314
138.5 0.00112639635365
139.0 0.00121575496276
139.5 0.00133440746199
140.0 0.00138402670598
140.5 0.00145736497932
141.0 0.00171219331143
141.5 0.00186570378033
142.0 0.00180965000285
142.5 0.00175051251211
143.0 0.00198498210812
143.5 0.00206336653377
144.0 0.00191529848426
144.5 0.00206739085902
145.0 0.00210313631858
145.5 0.00216062025768
146.0 0.00218871830194
146.5 0.00220357042282
147.0 0.00223715370212
147.5 0.00226021299038
148.0 0.00223843951501
148.5 0.00229316322394
149.0 0.00242389557528
149.5 0.00252285478703
150.0 0.00258473849521
150.5 0.00265225762872
151.0 0.002731607696
151.5 0.00281725778513
152.0 0.00295545992339
152.5 0.00286487363643
153.0 0.00281915181585
153.5 0.00292604791865
154.0 0.00307718610497
154.5 0.00320149092757
155.0 0.00303913123872
155.5 0.00291667892231
156.0 0.00300407747234
156.5 0.00310471983239
157.0 0.00321972592422
157.5 0.00327252256417
158.0 0.0033216456104
158.5 0.00345108035977
159.0 0.00347521206106
159.5 0.00348846176659
160.0 0.00358070653677
160.5 0.00360555306306
161.0 0.00368442661527
161.5 0.00378882812981
162.0 0.00383636564639
162.5 0.00399537647598
163.0 0.00414702072167
163.5 0.00425057183203
164.0 0.00428855330924
164.5 0.004226490333
165.0 0.004110643465
165.5 0.004391997174
166.0 0.00450721259842
166.5 0.00472149878891
167.0 0.00470578428518
167.5 0.00470866612211
168.0 0.00488429177747
168.5 0.00510305812845
169.0 0.00523408792115
169.5 0.00540905574986
170.0 0.00553165314206
170.5 0.00557016368778
171.0 0.00576670935844
171.5 0.0060725927613
172.0 0.00621539544228
172.5 0.0066970268533
173.0 0.00710117287642
173.5 0.00729177196041
174.0 0.00753572547438
174.5 0.00765992185448
175.0 0.00720801758651
175.5 0.0074601895008
176.0 0.00822904828034
176.5 0.00922251044628
177.0 0.00906779842531
177.5 0.00907257322193
178.0 0.00884687618468
178.5 0.0066781167931
179.0 0.00179096398315
179.5 -0.00300614138203
180.0 -0.00353072454453
180.5 -0.00326561327613
181.0 0.000440199991132
181.5 0.00116507313813
182.0 0.00140857183975
182.5 0.00251280444171
183.0 0.00181771006729
183.5 0.00256084419523
184.0 0.00287365797273
184.5 0.00244445871039
185.0 0.00228508913038
185.5 0.00281765201528
186.0 0.00265966700468
186.5 0.00249452223707
187.0 0.0022862403714
187.5 0.00203251995157
188.0 0.00175646505987
188.5 0.001649888546
189.0 0.00125676195445
189.5 0.00092422157347
190.0 0.00069850180958
190.5 0.000201134327668
191.0 -0.000138577868469
191.5 -0.000544611450678
192.0 -0.000908411352654
192.5 -0.0011965321883
193.0 -0.00180493628338
193.5 -0.00233752506746
194.0 -0.00335815955629
194.5 -0.00429185547665
195.0 -0.00522556330721
195.5 -0.00675567953853
196.0 -0.00813545956295
196.5 -0.00988243712479
197.0 -0.0121194682979
197.5 -0.0143728468213
198.0 -0.0198008071668
198.5 -0.0272703676116
199.0 -0.0423569510717
199.5 -0.0687187239991
