0.0 0.00585274021757
0.5 0.033405729312
1.0 0.0429523434808
1.5 0.0370169924851
2.0 0.0336161689067
2.5 0.0306546975305
3.0 0.0289910818558
3.5 0.027609301611
4.0 0.0261127444357
4.5 0.025409480171
5.0 0.0245118829104
5.5 0.0238506976436
6.0 0.0232726025991
6.5 0.0226343154026
7.0 0.0221584976121
7.5 0.0217972668599
8.0 0.0214537677665
8.5 0.0210899882734
9.0 0.0207840976341
9.5 0.0204758323395
10.0 0.020151407502
10.5 0.0198946704822
11.0 0.0196157519986
11.5 0.0193394574741
12.0 0.0190730375693
12.5 0.0187939718164
13.0 0.0185124146679
13.5 0.0182224031302
14.0 0.0179357056906
14.5 0.0176505351138
15.0 0.0173504809783
15.5 0.0170074407423
16.0 0.016664990046
16.5 0.0163306066227
17.0 0.0159594358036
17.5 0.0155532691254
18.0 0.0151410742361
18.5 0.0146736355752
19.0 0.0142144190944
19.5 0.0137064520237
20.0 0.0131756210977
20.5 0.0126100052644
21.0 0.0120021256724
21.5 0.011358527729
22.0 0.0106756689717
22.5 0.00996267065224
23.0 0.00918974606082
23.5 0.00836327354699
24.0 0.00748875143524
24.5 0.00654269914215
25.0 0.00557081357451
25.5 0.00453384497139
26.0 0.0034275678392
26.5 0.00226577274201
27.0 0.00102749152622
27.5 -0.000271033235959
28.0 -0.00164849178117
28.5 -0.00312683471185
29.0 -0.00468962401336
29.5 -0.00628472139924
30.0 -0.00800045063337
30.5 -0.00980832734352
31.0 -0.0117065578978
31.5 -0.0136820848515
32.0 -0.015762089211
32.5 -0.0179508524428
33.0 -0.0202483914565
33.5 -0.0226535181714
34.0 -0.0251332387865
34.5 -0.0277346639062
35.0 -0.0304276300636
35.5 -0.0332276210439
36.0 -0.0361061505002
36.5 -0.0390769002985
37.0 -0.0421004126969
37.5 -0.0451742814022
38.0 -0.0483069439752
38.5 -0.0514963551456
39.0 -0.0547221188792
39.5 -0.0579877046171
40.0 -0.061217075636
40.5 -0.0644416398057
41.0 -0.0675805685683
41.5 -0.0706424594111
42.0 -0.0736023362596
42.5 -0.0763881936713
43.0 -0.0789678130617
43.5 -0.0813815806691
44.0 -0.0836331352751
44.5 -0.0855851032036
45.0 -0.0872221415468
45.5 -0.0886059003195
46.0 -0.0896796039665
46.5 -0.0904232834402
47.0 -0.0908650383183
47.5 -0.0910047608433
48.0 -0.0908808688407
48.5 -0.0904567968336
49.0 -0.0897623812005
49.5 -0.0888604554272
50.0 -0.0876456558549
50.5 -0.0862679502756
51.0 -0.0847123503486
51.5 -0.0829988599596
52.0 -0.0811627969364
52.5 -0.0791897776342
53.0 -0.0771484339755
53.5 -0.075023132924
54.0 -0.072807481579
54.5 -0.0705538751378
55.0 -0.0682741888543
55.5 -0.0659693191723
56.0 -0.0636333755246
56.5 -0.0613418371363
57.0 -0.0590493012998
57.5 -0.0567666839356
58.0 -0.0545325113357
58.5 -0.0523216531413
59.0 -0.0501279190262
59.5 -0.0479812410012
60.0 -0.0458596785643
60.5 -0.0437938921557
61.0 -0.0417783457682
61.5 -0.0397992621511
62.0 -0.037882941043
62.5 -0.0360429188986
63.0 -0.0342295401905
63.5 -0.0324648862762
64.0 -0.030749640759
64.5 -0.0291110582571
65.0 -0.0275113850377
65.5 -0.0259533819334
66.0 -0.02445385396
66.5 -0.0230048288525
67.0 -0.02160609678
67.5 -0.0202654165323
68.0 -0.018971772463
68.5 -0.0177381484403
69.0 -0.0165629366959
69.5 -0.0154171422513
70.0 -0.0143147668956
70.5 -0.0132192059586
71.0 -0.0122138126436
71.5 -0.0112605912242
72.0 -0.0102974468275
72.5 -0.00941046065068
73.0 -0.00859317367841
73.5 -0.00777991485128
74.0 -0.00697051405518
74.5 -0.0062560457163
75.0 -0.00555387948101
75.5 -0.00489427016684
76.0 -0.00425358563785
76.5 -0.0036341131228
77.0 -0.00304830503602
77.5 -0.00250294799603
78.0 -0.00198323136221
78.5 -0.0014567161759
79.0 -0.00105129393078
79.5 -0.000642452199125
80.0 -0.000246465569559
80.5 0.000211207882726
81.0 0.000593005959187
81.5 0.000876049899283
82.0 0.00124839219407
82.5 0.00161008788681
83.0 0.00185441490406
83.5 0.00214001905477
84.0 0.00240574046563
84.5 0.0026232264503
85.0 0.00285955902208
85.5 0.0030370376937
86.0 0.00322323439353
86.5 0.00336241404727
87.0 0.00351866072295
87.5 0.00372266754067
88.0 0.00381984554931
88.5 0.00393298025348
89.0 0.00408857782112
89.5 0.00415738709818
90.0 0.00424348562142
90.5 0.00425534422577
91.0 0.00431862268932
91.5 0.00433664093293
92.0 0.00442122775748
92.5 0.00454935716297
93.0 0.0045837921683
93.5 0.00456114151623
94.0 0.00464048877806
94.5 0.00461550950059
95.0 0.00456467777374
95.5 0.00449173588275
96.0 0.00456726172142
96.5 0.0045751627993
97.0 0.00445974656257
97.5 0.00440398892725
98.0 0.0043728412109
98.5 0.00426820817588
99.0 0.00426140315681
99.5 0.00435015781008
100.0 0.00438526122855
100.5 0.00426054221909
101.0 0.00396274455812
101.5 0.00399892859663
102.0 0.00400086660925
102.5 0.00383138934573
103.0 0.0036654707478
103.5 0.00346518246048
104.0 0.00330258444468
104.5 0.00321875648167
105.0 0.0033347604484
105.5 0.00321801436889
106.0 0.00319797744063
106.5 0.00300879218412
107.0 0.00284681053918
107.5 0.00258742228066
108.0 0.00231433874858
108.5 0.00207502954204
109.0 0.00187126533157
109.5 0.00174466451209
110.0 0.00162245765324
110.5 0.00131905772709
111.0 0.001380594511
111.5 0.000926008661345
112.0 0.000546604086246
112.5 0.00061344314755
113.0 0.000473487193958
113.5 -0.000238719589305
114.0 -1.62521486544e-05
114.5 4.90408484239e-05
115.0 -0.000726385136062
115.5 -0.000424272117172
116.0 -0.000847289646273
116.5 -0.000687510010465
117.0 -0.00124861251975
117.5 -0.00369850069804
118.0 -0.0020922054611
118.5 -0.00105252546005
119.0 0.00134798313032
119.5 0.00866089267507
120.0 0.0100016528587
120.5 0.0107012601472
121.0 0.0101605652039
121.5 0.00424444307954
122.0 0.000335218907892
122.5 -0.00185854724056
123.0 -0.00101425658659
123.5 0.000220189611753
124.0 -0.000168583041045
124.5 -0.00141064980257
125.0 -0.00122390502806
125.5 -0.00158311204251
126.0 -0.000829804686603
126.5 -0.00102299519638
127.0 -0.00112097555711
127.5 -0.000985639859934
128.0 -0.000933832848375
128.5 -0.000718031644809
129.0 -0.000131621548576
129.5 -0.000748605658913
130.0 -0.000311393777501
130.5 -0.000177438070892
131.0 -0.000159451247299
131.5 -0.000102107411202
132.0 0.000174757772072
132.5 0.000343537406522
133.0 0.000340631654304
133.5 0.000578379987019
134.0 0.000797631616841
134.5 0.000289415864856
135.0 0.000673638200261
135.5 0.000733368824747
136.0 0.000685980586354
136.5 0.00086285445127
137.0 0.000957465646096
137.5 0.000888423909391
138.0 0.000964865982354
138.5 0.00115050344914
139.0 0.00136698375032
139.5 0.00106701746975
140.0 0.00117509531324
140.5 0.00118412634389
141.0 0.00129829810778
141.5 0.00130880478992
142.0 0.00136433212563
142.5 0.00143750308572
143.0 0.00164217156275
143.5 0.00169048715374
144.0 0.00169355565654
144.5 0.00193810453381
145.0 0.00160311724984
145.5 0.00160982767448
146.0 0.00156019142272
146.5 0.00166479705097
147.0 0.00176845965892
147.5 0.00188294816751
148.0 0.00180930357111
148.5 0.00163875975796
149.0 0.0016275585408
149.5 0.0018308706948
150.0 0.00193118235264
150.5 0.00202219823483
151.0 0.00210817254417
151.5 0.00219946248367
152.0 0.00227067544184
152.5 0.0023219071056
153.0 0.00245794482622
153.5 0.00250620617811
154.0 0.00238652325498
154.5 0.00234472379753
155.0 0.00244199947988
155.5 0.00263549134988
156.0 0.00248494059527
156.5 0.00250390824159
157.0 0.00260808672916
157.5 0.00267842413813
158.0 0.0027403784073
158.5 0.00287138465502
159.0 0.00289872277683
159.5 0.00292646189387
160.0 0.00306063663377
160.5 0.00319410828331
161.0 0.00326601569736
161.5 0.00322419266259
162.0 0.00321365610314
162.5 0.00331345676515
163.0 0.00335943155395
163.5 0.00334981926425
164.0 0.00326362638612
164.5 0.00313020200529
165.0 0.00341309581845
165.5 0.00351593930795
166.0 0.00349526314204
166.5 0.00367574131901
167.0 0.00369233205492
167.5 0.00397442365114
168.0 0.0042002458685
168.5 0.00424118221721
169.0 0.00423832676545
169.5 0.00433607590229
170.0 0.00447840178448
170.5 0.00452316570338
171.0 0.00462574904427
171.5 0.00488915261629
172.0 0.00497320474327
172.5 0.00533839981541
173.0 0.00565129488504
173.5 0.00533709910133
174.0 0.00488520255625
174.5 0.00500423737303
175.0 0.00483507399872
175.5 0.00398741930711
176.0 0.00370122259254
176.5 0.00366961656732
177.0 0.00376776775225
177.5 0.00629174331972
178.0 0.00456914465444
178.5 0.0027407063106
179.0 0.000868415772075
179.5 -0.000996641545385
180.0 -0.000666321665705
180.5 -0.00188106976881
181.0 0.000251293068629
181.5 0.00295003928079
182.0 0.00307284348901
182.5 0.00592934887332
183.0 0.00520468451499
183.5 0.00445085151543
184.0 0.00392877801566
184.5 0.00422889114179
185.0 0.00378109418308
185.5 0.00336294439094
186.0 0.00336682168816
186.5 0.00326779158036
187.0 0.00306486221938
187.5 0.00282294341997
188.0 0.00243087989681
188.5 0.00231423148247
189.0 0.00214380967016
189.5 0.0016733757471
190.0 0.00127553807876
190.5 0.000827222592662
191.0 0.000515778859423
191.5 5.3631386848e-05
192.0 -0.000330906622011
192.5 -0.000639499068086
193.0 -0.00124991976715
193.5 -0.00179307241706
194.0 -0.0027927674886
194.5 -0.00363346147778
195.0 -0.00456220734867
195.5 -0.00630422841311
196.0 -0.00775534105755
196.5 -0.00956478919043
197.0 -0.0118016078797
197.5 -0.0133304573052
198.0 -0.0192625981574
198.5 -0.0260779129775
199.0 -0.0418404517633
199.5 -0.064783314376
