0.0 0.00817467571897
0.5 0.0353099684647
1.0 0.0440210799883
1.5 0.0377563357228
2.0 0.0347339820235
2.5 0.0321982993805
3.0 0.0305645910992
3.5 0.029527708968
4.0 0.0284659466731
4.5 0.0278197825844
5.0 0.0270634680167
5.5 0.0266955103774
6.0 0.0260817040781
6.5 0.025627615779
7.0 0.0254819647243
7.5 0.0253412096269
8.0 0.025158067757
8.5 0.0248602991337
9.0 0.0248406066768
9.5 0.0247608867871
10.0 0.024643372825
10.5 0.0246085703457
11.0 0.024566872421
11.5 0.0245351909452
12.0 0.0245026387193
12.5 0.0245083427053
13.0 0.0244939344262
13.5 0.0244182868909
14.0 0.0244611760559
14.5 0.024512541505
15.0 0.0244416564779
15.5 0.0244295142915
16.0 0.0244432547549
16.5 0.0244281496398
17.0 0.0244256685023
17.5 0.0243985799231
18.0 0.0243408123234
18.5 0.0243025591979
19.0 0.0242525694982
19.5 0.0241206914165
20.0 0.0240393592797
20.5 0.023927088729
21.0 0.0237990296884
21.5 0.0236624458134
22.0 0.0234850583388
22.5 0.0232774610026
23.0 0.0230534317707
23.5 0.0227858460979
24.0 0.0224839502387
24.5 0.0221437836521
25.0 0.0217936955844
25.5 0.0213925738204
26.0 0.0209524604968
26.5 0.0204783583481
27.0 0.0199544423753
27.5 0.0193962722469
28.0 0.0187761406958
28.5 0.0180831249575
29.0 0.0173676719015
29.5 0.0165773714613
30.0 0.0157348938106
30.5 0.0148196432446
31.0 0.0138484171578
31.5 0.0128259624882
32.0 0.0117285010835
32.5 0.0105787095215
33.0 0.00934496590711
33.5 0.00802604721967
34.0 0.00665340887542
34.5 0.00517238914085
35.0 0.00364971856065
35.5 0.00202916865392
36.0 0.000325872915791
36.5 -0.00146502194452
37.0 -0.00334164367966
37.5 -0.00529486392447
38.0 -0.00733545354014
38.5 -0.00948455859805
39.0 -0.0117312111191
39.5 -0.0140853866027
40.0 -0.0164905943024
40.5 -0.0189847720977
41.0 -0.0215708789083
41.5 -0.0242572409052
42.0 -0.0270340645469
42.5 -0.0298946379624
43.0 -0.0328288172252
43.5 -0.0358541281537
44.0 -0.0390193547738
44.5 -0.0422158069019
45.0 -0.0455134138702
45.5 -0.0488724388927
46.0 -0.0523039713302
46.5 -0.0558122108096
47.0 -0.0593715086028
47.5 -0.0629149422055
48.0 -0.0665109977707
48.5 -0.0701858495949
49.0 -0.0738392124811
49.5 -0.0774967888522
50.0 -0.0811264950634
50.5 -0.0847304030008
51.0 -0.0882109119172
51.5 -0.0915809652291
52.0 -0.0949150505906
52.5 -0.0981452475841
53.0 -0.10120327501
53.5 -0.104017097035
54.0 -0.106548250194
54.5 -0.108939966378
55.0 -0.110984785735
55.5 -0.112694763249
56.0 -0.114079718114
56.5 -0.115100398751
57.0 -0.11572012732
57.5 -0.115942307334
58.0 -0.115825299357
58.5 -0.11527305045
59.0 -0.114304891648
59.5 -0.112973711497
60.0 -0.111226235271
60.5 -0.10912577965
61.0 -0.106706797471
61.5 -0.104016246816
62.0 -0.101104182732
62.5 -0.0980123308705
63.0 -0.0947581310639
63.5 -0.0913432100887
64.0 -0.0878326570267
64.5 -0.0842718283385
65.0 -0.0806460344829
65.5 -0.0770143189347
66.0 -0.073400576652
66.5 -0.0698234659642
67.0 -0.0663036211955
67.5 -0.0628685985317
68.0 -0.0594953685684
68.5 -0.0562087986451
69.0 -0.0530724007994
69.5 -0.0500086081849
70.0 -0.0470378447682
70.5 -0.0441742293739
71.0 -0.0414275926048
71.5 -0.0388079652964
72.0 -0.0362872263301
72.5 -0.0338802892922
73.0 -0.0315952139651
73.5 -0.0294271508882
74.0 -0.0273372934805
74.5 -0.0253490768721
75.0 -0.0234555093298
75.5 -0.0216739263709
76.0 -0.0199617781387
76.5 -0.0183361564564
77.0 -0.0168177902522
77.5 -0.0153945358655
78.0 -0.0140046663701
78.5 -0.0126950983929
79.0 -0.0114918275283
79.5 -0.0103354411175
80.0 -0.00925649262286
80.5 -0.0082575020349
81.0 -0.00721773074521
81.5 -0.00633001835254
82.0 -0.00545534477057
82.5 -0.00460527341654
83.0 -0.00386013334531
83.5 -0.0031244910571
84.0 -0.0024664453724
84.5 -0.00186169284078
85.0 -0.00128894843448
85.5 -0.000766947266435
86.0 -0.000229146145962
86.5 0.000208406573986
87.0 0.000680954180133
87.5 0.0011596138627
88.0 0.00152229466305
88.5 0.00188933106028
89.0 0.00221998351444
89.5 0.00246616899024
90.0 0.00284490938612
90.5 0.00304429690868
91.0 0.00330279573874
91.5 0.00353410454461
92.0 0.00373294920496
92.5 0.00394948923626
93.0 0.00411773145695
93.5 0.00426044019049
94.0 0.00446229003251
94.5 0.00459386661453
95.0 0.0047111388647
95.5 0.00480817383819
96.0 0.00487333786468
96.5 0.0049571916215
97.0 0.00491563475075
97.5 0.00493685034424
98.0 0.00503099495763
98.5 0.00508625827682
99.0 0.00513633733234
99.5 0.00518679365387
100.0 0.00534397954751
100.5 0.00516663851132
101.0 0.0050943923185
101.5 0.00505796378654
102.0 0.00506591191909
102.5 0.00488229459867
103.0 0.00472014394493
103.5 0.00465783299233
104.0 0.00461611346521
104.5 0.00441357851517
105.0 0.00473428012947
105.5 0.00435674766558
106.0 0.00433496609624
106.5 0.00419915455084
107.0 0.00413445941511
107.5 0.00406757617445
108.0 0.00397489603526
108.5 0.00370303549779
109.0 0.00324902603128
109.5 0.0032689770271
110.0 0.00309083446392
110.5 0.00296107835815
111.0 0.00323113441672
111.5 0.00286931840049
112.0 0.00261165938605
112.5 0.00207584892371
113.0 0.00176445999648
113.5 0.00181067285433
114.0 0.00209239623311
114.5 0.00150104393099
115.0 0.00112614896757
115.5 0.00167266024549
116.0 0.00166540884034
116.5 0.00153217385193
117.0 0.00154704891904
117.5 0.00112673447498
118.0 0.00240857661916
118.5 0.00481833223314
119.0 0.00810795992746
119.5 0.0129248229935
120.0 0.0107182836438
120.5 0.00838596030725
121.0 0.00456856258582
121.5 -0.000383002952915
122.0 -0.00296203235928
122.5 -0.00305153786186
123.0 -0.00190253025085
123.5 -0.00139939504832
124.0 -0.000449804599469
124.5 -0.000595403859904
125.0 -0.000840463693649
125.5 -0.000845416075236
126.0 -0.000892123379913
126.5 -0.00111131687004
127.0 -0.00098678894463
127.5 -0.000686395830641
128.0 -0.000499474396236
128.5 -0.000258600736316
129.0 9.80758652389e-05
129.5 -0.000613495329823
130.0 -3.50356653982e-05
130.5 0.000113233789875
131.0 -0.00031414370774
131.5 0.000357233483477
132.0 0.000460728147992
132.5 0.000776678015981
133.0 0.00112809974445
133.5 0.000944678801034
134.0 0.000642478111921
134.5 0.00120983765065
135.0 0.00121203211621
135.5 0.00119063597872
136.0 0.00119377999273
136.5 0.00114935313551
137.0 0.00163326277797
137.5 0.00142979227395
138.0 0.00134604843489
138.5 0.00149435018677
139.0 0.00157025360396
139.5 0.0014842182578
140.0 0.00191166062282
140.5 0.00203658479917
141.0 0.00177192358058
141.5 0.00170920931934
142.0 0.00184440310617
142.5 0.00185295912457
143.0 0.00203881512703
143.5 0.0020651079175
144.0 0.00181051143032
144.5 0.00201458106403
145.0 0.00213574394729
145.5 0.00216429581617
146.0 0.00210823276606
146.5 0.00233758998002
147.0 0.00229280973014
147.5 0.00228149060566
148.0 0.0023033150194
148.5 0.0023270868099
149.0 0.00236694389555
149.5 0.00241835529069
150.0 0.00241986679733
150.5 0.00225970722268
151.0 0.00232356300367
151.5 0.00242373923376
152.0 0.00254998235107
152.5 0.00263264233423
153.0 0.00271740575165
153.5 0.00278610471726
154.0 0.00284919123955
154.5 0.00293768786173
155.0 0.003036308959
155.5 0.00318597030763
156.0 0.00312229098645
156.5 0.0030508317239
157.0 0.00301142328282
157.5 0.00290299654573
158.0 0.00291531375696
158.5 0.00311449093178
159.0 0.00318692427793
159.5 0.0032361740789
160.0 0.00336771274642
160.5 0.00342500575494
161.0 0.00352656104423
161.5 0.00335075381466
162.0 0.00347504412262
162.5 0.00367987172148
163.0 0.00383369261657
163.5 0.00376865102449
164.0 0.00366156350653
164.5 0.00390920643233
165.0 0.00406269005655
165.5 0.00401678255641
166.0 0.00394376150439
166.5 0.00403489445128
167.0 0.00406176989085
167.5 0.00425489138088
168.0 0.00428327176846
168.5 0.00434262358655
169.0 0.00463434215094
169.5 0.0047813470763
170.0 0.00480839171331
170.5 0.00480531879866
171.0 0.00497930188529
171.5 0.00508348695071
172.0 0.00517734566716
172.5 0.00544583877642
173.0 0.00564816170503
173.5 0.00572095864574
174.0 0.0058367039603
174.5 0.00568205359033
175.0 0.00482208476544
175.5 0.00458028459319
176.0 0.00463630283095
176.5 0.0049130895091
177.0 0.00503820657394
177.5 0.00625670673904
178.0 0.00535167079168
178.5 0.00502458409636
179.0 0.00149558441497
179.5 -0.000327574519261
180.0 -0.000242179444726
180.5 -0.00192456653613
181.0 -0.00019795274244
181.5 0.00118417357474
182.0 0.00179848951392
182.5 0.00435245219671
183.0 0.00342877257434
183.5 0.00363080773272
184.0 0.00368879813081
184.5 0.00427272178759
185.0 0.00399398881213
185.5 0.00364375769047
186.0 0.00368608806679
186.5 0.00356081892426
187.0 0.00313328320634
187.5 0.00315818351811
188.0 0.00300410856302
188.5 0.00258860696708
189.0 0.00231208617605
189.5 0.00190138353673
190.0 0.00152692864756
190.5 0.00101168576175
191.0 0.000718223554543
191.5 0.000303904782285
192.0 -7.72853211117e-05
192.5 -0.000374843968771
193.0 -0.00104024020342
193.5 -0.00172536336849
194.0 -0.00267418748803
194.5 -0.0034835855034
195.0 -0.00430522007728
195.5 -0.00588977964563
196.0 -0.00687501445506
196.5 -0.00933918228465
197.0 -0.0117323306531
197.5 -0.0141021416328
198.0 -0.0193856065976
198.5 -0.0267608710984
199.0 -0.0419254708145
199.5 -0.0681426149279
