0.0 0.00860704278277
0.5 0.0275865287782
1.0 0.0407056806253
1.5 0.0362126852444
2.0 0.0328419208825
2.5 0.0302645853739
3.0 0.0292970302468
3.5 0.0282729768832
4.0 0.0273205978714
4.5 0.0265650249581
5.0 0.0254740968992
5.5 0.025022856649
6.0 0.0245676108425
6.5 0.0241657562448
7.0 0.0238416890708
7.5 0.0235097972932
8.0 0.0232696469375
8.5 0.023028029587
9.0 0.0228127694735
9.5 0.0226299709007
10.0 0.0222876167691
10.5 0.0221303266204
11.0 0.0219543663566
11.5 0.0218110623367
12.0 0.0216615667095
12.5 0.0214953151136
13.0 0.0213229362432
13.5 0.0211682570237
14.0 0.0209827776468
14.5 0.020804101139
15.0 0.0206371735885
15.5 0.0204330522295
16.0 0.0202310881443
16.5 0.0200478519385
17.0 0.0198017809158
17.5 0.0195265531574
18.0 0.0192473534591
18.5 0.0189710535194
19.0 0.0186730341518
19.5 0.0183350905299
20.0 0.0179932818834
20.5 0.0175940904332
21.0 0.0171931961714
21.5 0.0167617627625
22.0 0.0162977610554
22.5 0.015802686699
23.0 0.0152549523075
23.5 0.0146737853727
24.0 0.0140610659125
24.5 0.0133919441092
25.0 0.0126914560798
25.5 0.011934805923
26.0 0.0111342490009
26.5 0.0102831988238
27.0 0.00936574463688
27.5 0.00842268005802
28.0 0.00740258317691
28.5 0.00630526557926
29.0 0.00514506517331
29.5 0.00392776727448
30.0 0.00265033700406
30.5 0.00128863074142
31.0 -0.000158099607413
31.5 -0.00166968160773
32.0 -0.00326600879275
32.5 -0.00495800770608
33.0 -0.00673385443804
33.5 -0.00857417752084
34.0 -0.0105259497379
34.5 -0.0125842872129
35.0 -0.0147476522947
35.5 -0.0169966903261
36.0 -0.0193687649669
36.5 -0.0217856807204
37.0 -0.0243062774497
37.5 -0.0269769323064
38.0 -0.029745672042
38.5 -0.0325850166642
39.0 -0.0355248024047
39.5 -0.0385827480216
40.0 -0.0417543727811
40.5 -0.0449756565498
41.0 -0.0483135765007
41.5 -0.0517644163399
42.0 -0.0552490036216
42.5 -0.0587608824393
43.0 -0.0623211671302
43.5 -0.0659190394056
44.0 -0.0695466949219
44.5 -0.0731708417624
45.0 -0.0767200600691
45.5 -0.0802395030805
46.0 -0.0836530294869
46.5 -0.0869511448625
47.0 -0.0901297268462
47.5 -0.0931399816383
48.0 -0.0959561556311
48.5 -0.0985350544184
49.0 -0.100857767067
49.5 -0.102844083447
50.0 -0.104443071556
50.5 -0.105714036648
51.0 -0.106611381646
51.5 -0.107131859902
52.0 -0.107284563591
52.5 -0.107048763112
53.0 -0.106449568587
53.5 -0.105475217101
54.0 -0.104176194059
54.5 -0.102563935823
55.0 -0.100633462981
55.5 -0.0984607153308
56.0 -0.0960425664742
56.5 -0.0934735408603
57.0 -0.0907498488682
57.5 -0.0878830953725
58.0 -0.0849293558077
58.5 -0.0819061989754
59.0 -0.0788265415975
59.5 -0.0757236275726
60.0 -0.0725939695974
60.5 -0.0694766665773
61.0 -0.0663913342409
61.5 -0.0633325729084
62.0 -0.0603260010541
62.5 -0.0573922263833
63.0 -0.0545294746759
63.5 -0.0517372233301
64.0 -0.0490280351423
64.5 -0.0463859314466
65.0 -0.0438148867637
65.5 -0.0413180695756
66.0 -0.0389136133149
66.5 -0.0366119008304
67.0 -0.0344106074169
67.5 -0.0322509285369
68.0 -0.0301816945713
68.5 -0.02821175328
69.0 -0.026344972517
69.5 -0.0245400111817
70.0 -0.0227987226628
70.5 -0.0211491237076
71.0 -0.0195522978065
71.5 -0.0180294088842
72.0 -0.0166056502043
72.5 -0.0152295701256
73.0 -0.0139392053503
73.5 -0.0126725937529
74.0 -0.0115264732161
74.5 -0.0104004043556
75.0 -0.00930938982218
75.5 -0.00829644026687
76.0 -0.00733322563627
76.5 -0.00641538444372
77.0 -0.00551657111031
77.5 -0.00468025780585
78.0 -0.0039287795235
78.5 -0.00324261362719
79.0 -0.00257692139034
79.5 -0.00187127700059
80.0 -0.00128498835187
80.5 -0.00071327194919
81.0 -0.000134451394539
81.5 0.000353567883742
82.0 0.000847859942503
82.5 0.00132416320963
83.0 0.00172172287543
83.5 0.0020770458192
84.0 0.00239110327666
84.5 0.00280030940898
85.0 0.00311348976601
85.5 0.0033932239563
86.0 0.0036827253215
86.5 0.00391818414041
87.0 0.00414896913535
87.5 0.00439626475418
88.0 0.00456604879539
88.5 0.00474830732388
89.0 0.00490291439019
89.5 0.00500916758327
90.0 0.00512091427529
90.5 0.00530056069276
91.0 0.00542444995526
91.5 0.00549302072294
92.0 0.00550773114765
92.5 0.00563220259669
93.0 0.00572980945697
93.5 0.00570583633576
94.0 0.00579615286301
94.5 0.00580151304192
95.0 0.00578768699592
95.5 0.00573858980898
96.0 0.00572085091956
96.5 0.00571314175766
97.0 0.00556624827001
97.5 0.00554166469035
98.0 0.00558324228038
98.5 0.00552567230345
99.0 0.00554102295796
99.5 0.00552087015307
100.0 0.0055148587943
100.5 0.00538925616484
101.0 0.00533466191178
101.5 0.00526597486423
102.0 0.00519773696576
102.5 0.00502745308363
103.0 0.00488158112629
103.5 0.00474592166066
104.0 0.00472755663393
104.5 0.0047552236398
105.0 0.00460036733715
105.5 0.00422953580372
106.0 0.00428454875161
106.5 0.00378199214477
107.0 0.00368847796593
107.5 0.00363073090697
108.0 0.00352153435972
108.5 0.00339881461737
109.0 0.00313223710122
109.5 0.00296530838035
110.0 0.00270535588432
110.5 0.00243087763095
111.0 0.00219396995891
111.5 0.00162821058277
112.0 0.00127803203997
112.5 0.00108265130335
113.0 0.000803879805005
113.5 0.000301065492209
114.0 0.000491885680319
114.5 0.000284464141387
115.0 -0.000140027534954
115.5 -0.000338819416243
116.0 -0.000558001351564
116.5 -0.00105210868644
117.0 -0.00151754018111
117.5 -0.0020223530322
118.0 -0.000410282009568
118.5 0.00131671996705
119.0 0.00335140921344
119.5 0.0114089803914
120.0 0.0129124574637
120.5 0.0107279128829
121.0 0.00835187397028
121.5 0.00319925050466
122.0 0.00236921881249
122.5 -0.000414129424215
123.0 0.00124144669358
123.5 0.000862427505652
124.0 -0.0004039304727
124.5 0.000266081154635
125.0 0.000624024654357
125.5 0.000751044534354
126.0 -0.000237688416107
126.5 -8.44629131649e-05
127.0 -9.33327094543e-05
127.5 7.63039278695e-06
128.0 0.000257336512334
128.5 0.000552106311382
129.0 0.001023937795
129.5 0.00137337251078
130.0 0.000507507316797
130.5 0.000852547232647
131.0 0.000955181074261
131.5 0.00124295890049
132.0 0.00139940038677
132.5 0.00143281022419
133.0 0.0015489216759
133.5 0.00166407793674
134.0 0.00174390222865
134.5 0.001633843558
135.0 0.00166658061904
135.5 0.00166067808302
136.0 0.00200730084268
136.5 0.00198406821165
137.0 0.00209997190358
137.5 0.00213513991981
138.0 0.00200835389494
138.5 0.00181061923256
139.0 0.00213932158968
139.5 0.00217287875071
140.0 0.00231997570755
140.5 0.00226644293214
141.0 0.00234593147315
141.5 0.00233732769976
142.0 0.00233205411937
142.5 0.00236453992348
143.0 0.00255643209936
143.5 0.00255766272315
144.0 0.00242518060436
144.5 0.00267495799264
145.0 0.00263167782976
145.5 0.00262938003615
146.0 0.00261009750594
146.5 0.00251655776768
147.0 0.0025912488478
147.5 0.00258661224741
148.0 0.00269976761087
148.5 0.0029072066059
149.0 0.00295429308456
149.5 0.00302475317051
150.0 0.00280575767413
150.5 0.00296567917506
151.0 0.00279332966713
151.5 0.00293511828093
152.0 0.00300180550013
152.5 0.00285395328216
153.0 0.00282484618342
153.5 0.00303900597628
154.0 0.00325560597314
154.5 0.00324698396067
155.0 0.00328183716464
155.5 0.00331533130759
156.0 0.00337778744406
156.5 0.00340200184712
157.0 0.00339981591346
157.5 0.00353391866679
158.0 0.00371530577379
158.5 0.00386397519764
159.0 0.00384482719916
159.5 0.00384532250681
160.0 0.00390273764317
160.5 0.00393708875694
161.0 0.00380973037889
161.5 0.00407684255326
162.0 0.00429545789516
162.5 0.00436597338437
163.0 0.00440955595568
163.5 0.00447655514709
164.0 0.00442116642369
164.5 0.00431856540192
165.0 0.0047512291077
165.5 0.00489226695868
166.0 0.00481853389962
166.5 0.00492031372318
167.0 0.00497603489021
167.5 0.00523787400812
168.0 0.00522558821341
168.5 0.00522855853358
169.0 0.00550565093747
169.5 0.00572548724581
170.0 0.00596748154163
170.5 0.00623718921607
171.0 0.00644204144059
171.5 0.00652721794866
172.0 0.0066427504736
172.5 0.00692653188217
173.0 0.00711644150788
173.5 0.00722098009288
174.0 0.00725037061835
174.5 0.00718926151049
175.0 0.00724234598984
175.5 0.00697345574964
176.0 0.00608577297949
176.5 0.00690255722483
177.0 0.0077645806836
177.5 0.00907271783457
178.0 0.00772457131362
178.5 0.0066338226321
179.0 0.00412672888454
179.5 0.000818190405894
180.0 -0.000952303409036
180.5 -0.00565154397988
181.0 -0.00625927950044
181.5 -0.00240733398057
182.0 0.000632338725651
182.5 0.0014779786373
183.0 0.00170025103233
183.5 0.00204634971001
184.0 0.00202007354017
184.5 0.00213477680339
185.0 0.00219125116941
185.5 0.00278243781597
186.0 0.00267011524943
186.5 0.00247143587376
187.0 0.0022434669587
187.5 0.00219802672234
188.0 0.00194389807925
188.5 0.00161611973884
189.0 0.00144350094664
189.5 0.00123615319208
190.0 0.000799916362084
190.5 0.000294993407024
191.0 7.3007850574e-05
191.5 -0.000363428972179
192.0 -0.000819685926814
192.5 -0.00110015022888
193.0 -0.00176186169737
193.5 -0.00247047320677
194.0 -0.00316367386635
194.5 -0.00400267897025
195.0 -0.00486246965581
195.5 -0.00659676368684
196.0 -0.00801741628825
196.5 -0.00980540968465
197.0 -0.0122062119383
197.5 -0.0145915605078
198.0 -0.0197930041547
198.5 -0.0271506407929
199.0 -0.0422673985194
199.5 -0.0685400789745
