0.0 0.0081940804272
0.5 0.0265878640231
1.0 0.0386888992919
1.5 0.0342607967853
2.0 0.0312689252147
2.5 0.0288094723437
3.0 0.027481160503
3.5 0.026323335712
4.0 0.0253489654607
4.5 0.0245826946832
5.0 0.0234623048326
5.5 0.0229708348856
6.0 0.0224474665368
6.5 0.0219685017076
7.0 0.0215727646754
7.5 0.0211677601306
8.0 0.020841759776
8.5 0.0205047029845
9.0 0.0202117104108
9.5 0.0199158118897
10.0 0.0196173250816
10.5 0.0193742494957
11.0 0.0190012827595
11.5 0.0187432794787
12.0 0.0185152753676
12.5 0.018252624875
13.0 0.0179502188408
13.5 0.0176122889551
14.0 0.0173351025053
14.5 0.0170378420688
15.0 0.0167391715924
15.5 0.0163918991914
16.0 0.0160428193314
16.5 0.0157005766215
17.0 0.0153241284418
17.5 0.0148884854587
18.0 0.0144341935855
18.5 0.0139672459109
19.0 0.0134840447088
19.5 0.0129595890018
20.0 0.0124062915633
20.5 0.0118124092805
21.0 0.0111765338767
21.5 0.0105107816552
22.0 0.00980138348554
22.5 0.00903740298694
23.0 0.00823816710338
23.5 0.007380132962
24.0 0.00646910600916
24.5 0.00548247215636
25.0 0.00446865544654
25.5 0.00338467218092
26.0 0.00222232111441
26.5 0.00100218447526
27.0 -0.000293058194912
27.5 -0.00167029806805
28.0 -0.00310348853558
28.5 -0.00464190216108
29.0 -0.00627553517972
29.5 -0.00798226230509
30.0 -0.00979213262323
30.5 -0.0116527389777
31.0 -0.0136266482266
31.5 -0.0156988518363
32.0 -0.0178771709902
32.5 -0.0201513440531
33.0 -0.0225295446143
33.5 -0.0250064950049
34.0 -0.0275242612305
34.5 -0.0301947988269
35.0 -0.0329602942786
35.5 -0.0358216162176
36.0 -0.0386985992344
36.5 -0.0416645552845
37.0 -0.0446954510833
37.5 -0.0477526098909
38.0 -0.0508268353492
38.5 -0.0539264534755
39.0 -0.0569994265218
39.5 -0.0600640855517
40.0 -0.0630774588458
40.5 -0.0659571012619
41.0 -0.068758519134
41.5 -0.0714523836351
42.0 -0.0739494708847
42.5 -0.0762196474051
43.0 -0.0782907129993
43.5 -0.0801679531413
44.0 -0.0817807483852
44.5 -0.0831140793212
45.0 -0.0841028239481
45.5 -0.0848444456078
46.0 -0.0852998566025
46.5 -0.0855029032779
47.0 -0.0854380780398
47.5 -0.0851139870735
48.0 -0.0845752643211
48.5 -0.0838100402952
49.0 -0.0828560962069
49.5 -0.0817014018608
50.0 -0.0803582027073
50.5 -0.0789063682024
51.0 -0.0772953368962
51.5 -0.0755997316536
52.0 -0.0738329093136
52.5 -0.0719720350639
53.0 -0.0700724350864
53.5 -0.0681161972365
54.0 -0.06610929799
54.5 -0.0640955286707
55.0 -0.062047269871
55.5 -0.0600081630763
56.0 -0.0579682643707
56.5 -0.0559246977451
57.0 -0.05391842093
57.5 -0.0519328895602
58.0 -0.0499698061815
58.5 -0.0480342198171
59.0 -0.0461145430001
59.5 -0.0442390944603
60.0 -0.042386532009
60.5 -0.0405806998252
61.0 -0.0387878654488
61.5 -0.0370538175078
62.0 -0.0353778665864
62.5 -0.0337599241061
63.0 -0.032159202652
63.5 -0.0306054595951
64.0 -0.0291007271549
64.5 -0.0276385361069
65.0 -0.0262012147466
65.5 -0.0248254362273
66.0 -0.0234581564582
66.5 -0.0221470059566
67.0 -0.0209037797276
67.5 -0.0196709603538
68.0 -0.0184962216921
68.5 -0.0173857352668
69.0 -0.0162931803563
69.5 -0.0152518954342
70.0 -0.0142444746863
70.5 -0.0132539857066
71.0 -0.0123094074302
71.5 -0.0114036853537
72.0 -0.0105190223194
72.5 -0.00968720299932
73.0 -0.00893085094878
73.5 -0.00815440318224
74.0 -0.00743444324611
74.5 -0.00674956136442
75.0 -0.00608338471783
75.5 -0.00545277001537
76.0 -0.00483604477971
76.5 -0.00424195680691
77.0 -0.00369163140085
77.5 -0.00318164167709
78.0 -0.00270126252836
78.5 -0.00214889290859
79.0 -0.00173445113639
79.5 -0.00133174298727
80.0 -0.000920528168136
80.5 -0.000570323741227
81.0 -0.000221116737391
81.5 0.00016970221623
82.0 0.000531346215539
82.5 0.000819715646383
83.0 0.00110237510805
83.5 0.00136588311931
84.0 0.00167550869554
84.5 0.00186263316691
85.0 0.0021019918759
85.5 0.00227037804048
86.0 0.00245659244772
86.5 0.00262273790613
87.0 0.00279513829351
87.5 0.00296944748512
88.0 0.00308588240654
88.5 0.00322424025005
89.0 0.00340469739207
89.5 0.00346413895928
90.0 0.0035742232433
90.5 0.00363533397493
91.0 0.00371974078885
91.5 0.00382371211144
92.0 0.00388401497039
92.5 0.00390423967021
93.0 0.00393662356687
93.5 0.0040080328348
94.0 0.00407151241999
94.5 0.00410411024819
95.0 0.00407659435448
95.5 0.00402289828914
96.0 0.0040839044656
96.5 0.00410317998753
97.0 0.00404308673287
97.5 0.00402577423721
98.0 0.00396506363533
98.5 0.00389980254332
99.0 0.00404050724369
99.5 0.00385737139174
100.0 0.00367837251361
100.5 0.00381282712996
101.0 0.00384644405426
101.5 0.00369544175797
102.0 0.00356862552032
102.5 0.00347954893836
103.0 0.00347575110725
103.5 0.00332548765936
104.0 0.00306448520443
104.5 0.00310155629086
105.0 0.00335596349136
105.5 0.00296489284624
106.0 0.00277159386515
106.5 0.00262421811464
107.0 0.00269061581038
107.5 0.00250943704913
108.0 0.00235227798429
108.5 0.00246670965942
109.0 0.00229058524562
109.5 0.00185912434816
110.0 0.00185115986381
110.5 0.00171846058819
111.0 0.00146391006943
111.5 0.00116094427868
112.0 0.000876468734774
112.5 0.000599859510679
113.0 0.000454617299013
113.5 0.000390190258713
114.0 0.000843087121396
114.5 0.000453063926784
115.0 0.00033349717819
115.5 0.000542797194143
116.0 8.7324563097e-05
116.5 -3.14725494377e-06
117.0 -0.000293785860023
117.5 -0.00109388981512
118.0 0.0012008717156
118.5 0.00165031803054
119.0 0.00321640244759
119.5 0.00966784679069
120.0 0.0101512366769
120.5 0.00990769750732
121.0 0.00404174509379
121.5 -0.000102515243029
122.0 -0.00183479451901
122.5 -0.00429296916568
123.0 -0.00180601506101
123.5 -0.00156181122945
124.0 -0.00227476682389
124.5 -0.00143977649526
125.0 -0.0013142325141
125.5 -0.00126182997329
126.0 -0.00176149643589
126.5 -0.00192945058294
127.0 -0.00202919029597
127.5 -0.00126173820881
128.0 -0.00145053317007
128.5 -0.00219955552043
129.0 -0.00131185757856
129.5 -0.000818330430668
130.0 -0.000307250157057
130.5 -0.000126551475162
131.0 -0.00105635152988
131.5 -0.000542912567724
132.0 -0.000404320686506
132.5 -8.7472458759e-05
133.0 3.91017569328e-05
133.5 -0.000151273157677
134.0 0.000263350379036
134.5 0.000583161365803
135.0 3.03689257066e-05
135.5 0.000349834812397
136.0 0.000452111642183
136.5 0.000552593921544
137.0 0.000857613501587
137.5 0.000543489411466
138.0 0.000573647024179
138.5 0.000790388699887
139.0 0.0008094000124
139.5 0.000802975575429
140.0 0.000997997165012
140.5 0.000879052939453
141.0 0.0010490978872
141.5 0.000941610398513
142.0 0.00112396730911
142.5 0.00129517202544
143.0 0.00130798493803
143.5 0.00117508812084
144.0 0.00116402658413
144.5 0.00124031872378
145.0 0.00135091276561
145.5 0.00110543678014
146.0 0.00140066767155
146.5 0.00152540127179
147.0 0.00161316777453
147.5 0.00147390994924
148.0 0.0014516096409
148.5 0.00166551544173
149.0 0.00180318948334
149.5 0.00193857744044
150.0 0.00210207746827
150.5 0.00195467496965
151.0 0.00198460661802
151.5 0.00199808480007
152.0 0.00199737548079
152.5 0.00194035691572
153.0 0.00196362320374
153.5 0.0020605339421
154.0 0.00216248110079
154.5 0.00226525549563
155.0 0.00233560458248
155.5 0.00240016703756
156.0 0.00259416101744
156.5 0.0025150134842
157.0 0.00247890640182
157.5 0.00243056855866
158.0 0.00232512755816
158.5 0.00240251059437
159.0 0.00256874197746
159.5 0.00268005933134
160.0 0.00279921483046
160.5 0.00252097007402
161.0 0.00273807905281
161.5 0.00292715876211
162.0 0.00303564004904
162.5 0.00307519412153
163.0 0.00309307720626
163.5 0.00312567771249
164.0 0.00312995320912
164.5 0.00312281362006
165.0 0.0031031113301
165.5 0.00339017763498
166.0 0.00340073343308
166.5 0.00358383962102
167.0 0.00333277685877
167.5 0.00353635502974
168.0 0.00389061036331
168.5 0.00404972258707
169.0 0.00405875284694
169.5 0.00416145808962
170.0 0.00421789216298
170.5 0.00371112469375
171.0 0.00427484889161
171.5 0.00443077696059
172.0 0.00452083655104
172.5 0.00483433933042
173.0 0.00462712555782
173.5 0.00438408641095
174.0 0.00461685516989
174.5 0.00462892684277
175.0 0.00463402331816
175.5 0.00378490057557
176.0 0.0034028177277
176.5 0.00334516144183
177.0 0.00397534741145
177.5 0.00508191198477
178.0 0.00333929652058
178.5 0.0015001297964
179.0 -0.0013601196395
179.5 -0.00231891572773
180.0 -0.000566700248015
180.5 -0.00122039927754
181.0 0.000783296301123
181.5 0.00325583779446
182.0 0.00387889341989
182.5 0.00435950632766
183.0 0.0036146253799
183.5 0.00392724854849
184.0 0.00362749885174
184.5 0.00342503938734
185.0 0.00330134056674
185.5 0.00292554692217
186.0 0.00271277821881
186.5 0.00305845906756
187.0 0.00286164034341
187.5 0.00249879332206
188.0 0.00212194173524
188.5 0.00196015725078
189.0 0.0015174755723
189.5 0.00117042901023
190.0 0.000864979515427
190.5 0.00044622089699
191.0 0.000137609490878
191.5 -0.000303579883294
192.0 -0.000672312053069
192.5 -0.00112080693887
193.0 -0.00185101933808
193.5 -0.00242990559826
194.0 -0.00312760997767
194.5 -0.00381258934536
195.0 -0.00470087499833
195.5 -0.00694585191616
196.0 -0.00833163525253
196.5 -0.00998475488866
197.0 -0.012245474454
197.5 -0.0146000738724
198.0 -0.0200623524544
198.5 -0.0274118895465
199.0 -0.0428455083533
199.5 -0.0689811799347
