0.0 0.00814118323398
0.5 0.0350373893328
1.0 0.0451163384895
1.5 0.0389667260849
2.0 0.0352817651899
2.5 0.0324973292574
3.0 0.0310331755616
3.5 0.029733350514
4.0 0.0287246069525
4.5 0.0279791266047
5.0 0.0271731552127
5.5 0.026628199592
6.0 0.0261677835805
6.5 0.0256437980691
7.0 0.0252817165725
7.5 0.0250514478794
8.0 0.024873930008
8.5 0.0246845551242
9.0 0.0245379661774
9.5 0.024236837565
10.0 0.0241656122168
10.5 0.0241276289009
11.0 0.0239484302652
11.5 0.0238365730846
12.0 0.0237864679301
12.5 0.0237329737142
13.0 0.0236638445504
13.5 0.0235366336738
14.0 0.0234982223102
14.5 0.0234382188242
15.0 0.0233849937102
15.5 0.0232285431342
16.0 0.0231538495501
16.5 0.023069787986
17.0 0.0229888227082
17.5 0.0228722354747
18.0 0.0227233473759
18.5 0.0225895833972
19.0 0.0224347894496
19.5 0.0222400826462
20.0 0.0220557847815
20.5 0.0218108399066
21.0 0.0215660353973
21.5 0.0213166176426
22.0 0.0210269759242
22.5 0.0207100410162
23.0 0.0203490099296
23.5 0.0199614516632
24.0 0.0195464525378
24.5 0.0190746104052
25.0 0.0185925330564
25.5 0.0180612200242
26.0 0.0174759235964
26.5 0.0168587079584
27.0 0.016194272736
27.5 0.0154746131516
28.0 0.014724294047
28.5 0.0139007038662
29.0 0.0130215693193
29.5 0.0120876721474
30.0 0.0110899273548
30.5 0.0100213155328
31.0 0.00888079632588
31.5 0.0077046160897
32.0 0.00645375559419
32.5 0.00512432755766
33.0 0.00371920863051
33.5 0.0022265560493
34.0 0.000643472380385
34.5 -0.00103449780271
35.0 -0.00274700239716
35.5 -0.00458158498545
36.0 -0.0064878403337
36.5 -0.00848744885414
37.0 -0.0105932287376
37.5 -0.0127916526453
38.0 -0.0150783899829
38.5 -0.0174852271071
39.0 -0.0199688468248
39.5 -0.0225053914457
40.0 -0.0251635797593
40.5 -0.0279527828612
41.0 -0.030839272726
41.5 -0.0338275599328
42.0 -0.0368965460066
42.5 -0.0400773684547
43.0 -0.0433430424024
43.5 -0.0466278093828
44.0 -0.0500214590671
44.5 -0.0534838184281
45.0 -0.0569731194217
45.5 -0.0606294811078
46.0 -0.0643134648142
46.5 -0.0680215700762
47.0 -0.0717058673943
47.5 -0.0753495364147
48.0 -0.079034843255
48.5 -0.0827434056084
49.0 -0.0863565154142
49.5 -0.0897677187936
50.0 -0.0931555980328
50.5 -0.0964068764203
51.0 -0.0994804932995
51.5 -0.102337682342
52.0 -0.104954595031
52.5 -0.107285719548
53.0 -0.109331098514
53.5 -0.111023908772
54.0 -0.112365409959
54.5 -0.113346885037
55.0 -0.113894721803
55.5 -0.114016705699
56.0 -0.113739574413
56.5 -0.11308363489
57.0 -0.11200851835
57.5 -0.110556188954
58.0 -0.108783288391
58.5 -0.106694272994
59.0 -0.104291068902
59.5 -0.1016292978
60.0 -0.0987386973156
60.5 -0.0956721433177
61.0 -0.0924356414573
61.5 -0.0891038542547
62.0 -0.0857127387389
62.5 -0.0822737953208
63.0 -0.0788261846322
63.5 -0.0753797558082
64.0 -0.0718837499243
64.5 -0.0684705593152
65.0 -0.0650972469884
65.5 -0.0617734282372
66.0 -0.0585306707823
66.5 -0.0553804732195
67.0 -0.0523477902675
67.5 -0.0493778786797
68.0 -0.0465197067118
68.5 -0.0437731648454
69.0 -0.041141395144
69.5 -0.0385926449118
70.0 -0.0361466104304
70.5 -0.0337964125285
71.0 -0.0315433438644
71.5 -0.0294010090875
72.0 -0.0273450544342
72.5 -0.0253879127558
73.0 -0.023539869407
73.5 -0.0217699490915
74.0 -0.0200917854532
74.5 -0.0184967716682
75.0 -0.0169791286119
75.5 -0.0155437718191
76.0 -0.0141739426756
76.5 -0.0128463700896
77.0 -0.0115852391689
77.5 -0.0104178049029
78.0 -0.00933065154122
78.5 -0.00828009444487
79.0 -0.00731834087741
79.5 -0.00640287917312
80.0 -0.00555553784357
80.5 -0.00467490395826
81.0 -0.00387681506836
81.5 -0.0031599999993
82.0 -0.00244877979176
82.5 -0.00179937453469
83.0 -0.00118660149016
83.5 -0.00063215626686
84.0 -5.65671973867e-05
84.5 0.000408549627267
85.0 0.000898854619543
85.5 0.00130318028271
86.0 0.00166647475629
86.5 0.00208863988462
87.0 0.00248486742438
87.5 0.00281798975931
88.0 0.00310045915052
88.5 0.00343737315281
89.0 0.00372364134665
89.5 0.00388062095067
90.0 0.00412414666002
90.5 0.0042975786842
91.0 0.00447462770934
91.5 0.00464603929259
92.0 0.00479075900493
92.5 0.00493236806878
93.0 0.00502478411018
93.5 0.00507009490409
94.0 0.00522930858385
94.5 0.00537508324021
95.0 0.00542140416886
95.5 0.00547048156779
96.0 0.00550396228035
96.5 0.00556647940649
97.0 0.00556771780947
97.5 0.00561181561571
98.0 0.00567073435034
98.5 0.00566525827529
99.0 0.00562564426481
99.5 0.00556082780802
100.0 0.0056079852815
100.5 0.00551694705921
101.0 0.00542915664879
101.5 0.00532005095617
102.0 0.00527459483602
102.5 0.00516940445286
103.0 0.00512599467584
103.5 0.00504749479114
104.0 0.00494215656428
104.5 0.00490226878867
105.0 0.00469159971486
105.5 0.00440347184068
106.0 0.00455261264494
106.5 0.0042831534257
107.0 0.0040872501277
107.5 0.00396819180321
108.0 0.00397540976313
108.5 0.00383085700928
109.0 0.00319663271412
109.5 0.00316859034115
110.0 0.00342823543647
110.5 0.00298772524827
111.0 0.00273942963424
111.5 0.00244805655927
112.0 0.00238339870118
112.5 0.0022029803042
113.0 0.00183868243212
113.5 0.00131084321549
114.0 0.00146634974162
114.5 0.00134494233143
115.0 0.000933103627446
115.5 0.000683849405661
116.0 0.00161219305362
116.5 0.00129164205009
117.0 0.000463425915015
117.5 0.000178835608239
118.0 0.000929243215595
118.5 0.00314953166392
119.0 0.00568761143934
119.5 0.0130576392606
120.0 0.0133754176953
120.5 0.0117356151719
121.0 0.00933011906729
121.5 0.00105568782003
122.0 0.0014026306478
122.5 -0.00166598951704
123.0 -0.000819861146482
123.5 -0.000227962038423
124.0 -0.00050808669377
124.5 -9.24853235205e-05
125.0 -0.000321968022703
125.5 0.000244381413964
126.0 -0.000997396436205
126.5 -0.00090342101619
127.0 -0.000728550816518
127.5 -0.00055928649266
128.0 -0.000277061964141
128.5 -0.000115046062618
129.0 -5.52766470463e-06
129.5 0.000362841871322
130.0 0.000599072015646
130.5 0.000802938479644
131.0 0.000877892319934
131.5 0.00131214090214
132.0 0.000888066985546
132.5 0.000571734762033
133.0 0.00102611380443
133.5 0.00144835209631
134.0 0.00140992955165
134.5 0.00145433552214
135.0 0.00155783398483
135.5 0.00165348410573
136.0 0.00163918421277
136.5 0.0015142070531
137.0 0.00181290274294
137.5 0.00179627315682
138.0 0.00208529513045
138.5 0.00216998033793
139.0 0.0018095230326
139.5 0.00200150529718
140.0 0.00200773279304
140.5 0.00208996568038
141.0 0.00194538942127
141.5 0.00211948593353
142.0 0.00221389046282
142.5 0.00215140346569
143.0 0.00225696721135
143.5 0.002405446477
144.0 0.00238945424997
144.5 0.00218834627744
145.0 0.00239910010126
145.5 0.00243803312316
146.0 0.00238062368402
146.5 0.002544032023
147.0 0.00258802072529
147.5 0.0026193468526
148.0 0.00270846143695
148.5 0.00279634513136
149.0 0.0027519488954
149.5 0.00270432786872
150.0 0.00275698224324
150.5 0.00276223298414
151.0 0.00270597763335
151.5 0.0025456848581
152.0 0.00260371923615
152.5 0.00283245259271
153.0 0.00292395644976
153.5 0.00289550260316
154.0 0.00300475980481
154.5 0.00318466642167
155.0 0.00334126621672
155.5 0.0031937891179
156.0 0.00311180364324
156.5 0.00316638332233
157.0 0.00330278501587
157.5 0.00343253882556
158.0 0.00353861968022
158.5 0.00363501721505
159.0 0.00356486353215
159.5 0.00352716829052
160.0 0.00358941285208
160.5 0.00353921684113
161.0 0.00340881871214
161.5 0.00360291748854
162.0 0.00378036310335
162.5 0.00391271798398
163.0 0.00401900864023
163.5 0.00409369300687
164.0 0.00415073465832
164.5 0.00424501537253
165.0 0.0044363957267
165.5 0.00455586660348
166.0 0.00452979258112
166.5 0.00472125444765
167.0 0.00440778285792
167.5 0.00474129772464
168.0 0.00515239554952
168.5 0.00524341829386
169.0 0.00522634460893
169.5 0.00531592966992
170.0 0.00544368840669
170.5 0.00548415590917
171.0 0.00556558347598
171.5 0.00580735472826
172.0 0.00546440141881
172.5 0.00580224165658
173.0 0.00608244132411
173.5 0.00623020355988
174.0 0.0063695449641
174.5 0.00626850730177
175.0 0.0060893243966
175.5 0.00535011829425
176.0 0.00526122897497
176.5 0.00525042711722
177.0 0.00400880552858
177.5 0.00494442114635
178.0 0.00246639542216
178.5 0.00332990636078
179.0 0.000654052033454
179.5 -0.00225938418636
180.0 -0.00295322095427
180.5 -0.00315075901807
181.0 0.000737441891928
181.5 0.00284765488209
182.0 0.00422543659204
182.5 0.00673454824641
183.0 0.0057615543971
183.5 0.00567710205975
184.0 0.00516789218703
184.5 0.00475248992538
185.0 0.00449868777368
185.5 0.00415181324587
186.0 0.00412129753533
186.5 0.00395771942128
187.0 0.00378235403436
187.5 0.00349387042066
188.0 0.00310796204951
188.5 0.00306006834694
189.0 0.0028335387135
189.5 0.00250355573689
190.0 0.00228870142459
190.5 0.001805548813
191.0 0.00158517591544
191.5 0.00126958293878
192.0 0.000920535187603
192.5 0.00054803149726
193.0 -3.85029451735e-05
193.5 -0.000384601555368
194.0 -0.000830646026159
194.5 -0.00141399154521
195.0 -0.0025322648342
195.5 -0.00380959322108
196.0 -0.00483366312154
196.5 -0.00613412127791
197.0 -0.00774131581052
197.5 -0.00867948444987
198.0 -0.0115255251515
198.5 -0.0166333238968
199.0 -0.0271248440055
199.5 -0.0446864573333
