0.0 0.00859644732453
0.5 0.0265769683747
1.0 0.0382172917918
1.5 0.0336119382856
2.0 0.0304173907424
2.5 0.0279970963309
3.0 0.0267394596625
3.5 0.0256444321387
4.0 0.0246335806081
4.5 0.0237948896621
5.0 0.0231789955375
5.5 0.0226703720088
6.0 0.0221446624778
6.5 0.0216917325154
7.0 0.0213347345509
7.5 0.0208996073457
8.0 0.0205000464416
8.5 0.0202559037844
9.0 0.0199497301248
9.5 0.0197662759769
10.0 0.0194844725396
10.5 0.019218928
11.0 0.019005434672
11.5 0.0187580436578
12.0 0.0184919611886
12.5 0.0182272747094
13.0 0.0179623469773
13.5 0.0176714584269
14.0 0.0174103091453
14.5 0.0171319770069
15.0 0.0168211399036
15.5 0.0165157365545
16.0 0.0161957977959
16.5 0.0158261997096
17.0 0.0154748515788
17.5 0.0150861986486
18.0 0.0146450215728
18.5 0.0141845184586
19.0 0.0137108443321
19.5 0.0132095602481
20.0 0.0126674726676
20.5 0.0120625763801
21.0 0.0114503563373
21.5 0.0107814535791
22.0 0.0100585068633
22.5 0.00929439885352
23.0 0.00846704535193
23.5 0.00758883210848
24.0 0.0066509165504
24.5 0.00564216482385
25.0 0.00458960020809
25.5 0.00346769782319
26.0 0.00226557621038
26.5 0.00100481050145
27.0 -0.000341663139655
27.5 -0.00176706182044
28.0 -0.00323950806855
28.5 -0.00482827942539
29.0 -0.00652330998712
29.5 -0.00830461450896
30.0 -0.0101221897956
30.5 -0.0120583207553
31.0 -0.0141067578156
31.5 -0.0162227955522
32.0 -0.0184076357143
32.5 -0.0206653293605
33.0 -0.023025769002
33.5 -0.0254704617693
34.0 -0.0278905867738
34.5 -0.0304181973554
35.0 -0.0330104238557
35.5 -0.0356274193679
36.0 -0.0381946490851
36.5 -0.0407566047597
37.0 -0.0433060921651
37.5 -0.0458112481798
38.0 -0.0482425033118
38.5 -0.050585468719
39.0 -0.052821492888
39.5 -0.0549403289919
40.0 -0.0569240509138
40.5 -0.0587617930181
41.0 -0.0603988648811
41.5 -0.0618643963685
42.0 -0.0631573256658
42.5 -0.0642737406441
43.0 -0.0652122925382
43.5 -0.0659801611422
44.0 -0.0665929127112
44.5 -0.0670329590052
45.0 -0.0672931385717
45.5 -0.067428909146
46.0 -0.0674186494507
46.5 -0.0672791494282
47.0 -0.0670337218355
47.5 -0.0666785925471
48.0 -0.066242729704
48.5 -0.0657091530759
49.0 -0.065110329901
49.5 -0.0644246002427
50.0 -0.0636609951456
50.5 -0.0628758831021
51.0 -0.0619994230238
51.5 -0.0611121705831
52.0 -0.0601791051618
52.5 -0.0591966653617
53.0 -0.0582127060284
53.5 -0.0571931410167
54.0 -0.056154176326
54.5 -0.0550991309625
55.0 -0.0540016934178
55.5 -0.0529121380448
56.0 -0.0517794714632
56.5 -0.0506557318168
57.0 -0.0495449746719
57.5 -0.048416870799
58.0 -0.0472780547613
58.5 -0.0461419673
59.0 -0.0449926272091
59.5 -0.0438452325452
60.0 -0.0426930896204
60.5 -0.0415577287184
61.0 -0.0404011852772
61.5 -0.0392531727362
62.0 -0.038137380576
62.5 -0.037003726711
63.0 -0.0359042241059
63.5 -0.0347984520008
64.0 -0.0336906592105
64.5 -0.0326020617009
65.0 -0.0315233028348
65.5 -0.0304292677422
66.0 -0.0293570830878
66.5 -0.0283004099973
67.0 -0.0272698551107
67.5 -0.0262616269115
68.0 -0.0252579520432
68.5 -0.0242769424055
69.0 -0.0233145852992
69.5 -0.0223733901075
70.0 -0.021403852218
70.5 -0.0205020049369
71.0 -0.0196099071186
71.5 -0.0186694851584
72.0 -0.0177841077155
72.5 -0.016956041309
73.0 -0.0161573233836
73.5 -0.0153543280433
74.0 -0.0145767502943
74.5 -0.0138260528992
75.0 -0.0130854677128
75.5 -0.0123789227031
76.0 -0.0116846560042
76.5 -0.0110187321233
77.0 -0.01032660745
77.5 -0.00966511954395
78.0 -0.00908361002589
78.5 -0.00852620591034
79.0 -0.00797333659316
79.5 -0.00736297386879
80.0 -0.00685095501238
80.5 -0.00637061805792
81.0 -0.00586777078725
81.5 -0.00540661750416
82.0 -0.00494005780504
82.5 -0.00451000632187
83.0 -0.00407796312081
83.5 -0.00370171297139
84.0 -0.00335849107005
84.5 -0.00305569205744
85.0 -0.00262146934302
85.5 -0.00234503225322
86.0 -0.00203488597791
86.5 -0.00174992894851
87.0 -0.00148996175713
87.5 -0.00124367930804
88.0 -0.000982700884453
88.5 -0.000683448859963
89.0 -0.00051005330463
89.5 -0.000285739604113
90.0 -3.76081618185e-05
90.5 0.000156548586446
91.0 0.000218892362131
91.5 0.000375963441584
92.0 0.000515046863622
92.5 0.000641566250888
93.0 0.000728677841536
93.5 0.000832534399429
94.0 0.00108999095439
94.5 0.00117014011411
95.0 0.00124630132024
95.5 0.00126587645055
96.0 0.00121801228734
96.5 0.00135482507812
97.0 0.00136299452234
97.5 0.00131415666128
98.0 0.00138885321253
98.5 0.00152068178528
99.0 0.00154180761514
99.5 0.00151559865248
100.0 0.00148612798696
100.5 0.00146451671709
101.0 0.00150972850606
101.5 0.00145031699907
102.0 0.00138180404755
102.5 0.00134510075163
103.0 0.00132375249244
103.5 0.00125624610281
104.0 0.00133303353806
104.5 0.00125293866432
105.0 0.00101242603991
105.5 0.000988397271804
106.0 0.00114275483145
106.5 0.00102991483254
107.0 0.000604490924829
107.5 0.000366586165995
108.0 0.000433975774605
108.5 0.000468079784625
109.0 0.000156804993658
109.5 -0.000202644019453
110.0 -0.000122190786172
110.5 -0.000243092934809
111.0 -0.000163319886404
111.5 -0.000581715163129
112.0 -0.000993314557348
112.5 -0.00141630874919
113.0 -0.00134895691362
113.5 -0.0012938398569
114.0 -0.00161562977272
114.5 -0.00194844563205
115.0 -0.00187597472701
115.5 -0.000830229376106
116.0 -0.00143496262315
116.5 -0.00193883446195
117.0 -0.00251352465065
117.5 -0.003948759019
118.0 -0.00276971587969
118.5 0.000278015176178
119.0 0.00420788598339
119.5 0.00836701857465
120.0 0.0059133289562
120.5 0.00592505122975
121.0 0.00550272450791
121.5 0.00252932460917
122.0 -0.000824623579561
122.5 -0.00182844107533
123.0 -0.000689831235789
123.5 -0.00113212181202
124.0 -0.00238564680716
124.5 -0.00221744588204
125.0 -0.002412314179
125.5 -0.00221061289663
126.0 -0.00177271588711
126.5 -0.00299763079651
127.0 -0.00279881235328
127.5 -0.0023631936738
128.0 -0.00255442553721
128.5 -0.00248042503269
129.0 -0.00165910900552
129.5 -0.00151492992988
130.0 -0.00107373195024
130.5 -0.00148607925477
131.0 -0.00109712827538
131.5 -0.000742662092016
132.0 -0.000593260782246
132.5 -0.00072382800856
133.0 -0.000706774927934
133.5 -0.000421738706471
134.0 -0.000264378017221
134.5 3.696773895e-05
135.0 -4.21075824235e-05
135.5 -4.99186627465e-05
136.0 0.000417488320146
136.5 3.28110407075e-05
137.0 0.000132191321061
137.5 0.000261052800798
138.0 0.000529007476679
138.5 0.000540311888848
139.0 0.000411035291602
139.5 0.000659172962795
140.0 0.000825201965078
140.5 0.0011506316151
141.0 0.00103294671648
141.5 0.0010370402334
142.0 0.00118942206574
142.5 0.00122426536299
143.0 0.00131028087034
143.5 0.00136864618012
144.0 0.00145127868477
144.5 0.00169357573204
145.0 0.00149056586095
145.5 0.00156409464731
146.0 0.00155601727925
146.5 0.00157602507944
147.0 0.0016870566828
147.5 0.00178920374289
148.0 0.0019061626797
148.5 0.00208239673024
149.0 0.00211606824195
149.5 0.00195516285981
150.0 0.00204145979084
150.5 0.00217932528744
151.0 0.00229835392674
151.5 0.00245750090261
152.0 0.00235873547086
152.5 0.00233433903788
153.0 0.002498443562
153.5 0.00255291107858
154.0 0.00246568261892
154.5 0.00257802911642
155.0 0.00272055875665
155.5 0.00253045106649
156.0 0.00264712771267
156.5 0.00272778340243
157.0 0.00282201910924
157.5 0.00289629410338
158.0 0.00293758680031
158.5 0.00306262713705
159.0 0.00313857639195
159.5 0.00319375377248
160.0 0.00330193802502
160.5 0.00341029847599
161.0 0.00352463081418
161.5 0.00351445126405
162.0 0.00346503928573
162.5 0.00340788028678
163.0 0.00347080608978
163.5 0.00362989326093
164.0 0.00372012375655
164.5 0.00380326105473
165.0 0.00393559762993
165.5 0.00399068734599
166.0 0.00400390809228
166.5 0.0043740446752
167.0 0.0044490450851
167.5 0.00465021092871
168.0 0.00464825571839
168.5 0.00464078968068
169.0 0.00487722549214
169.5 0.0050970686811
170.0 0.00525271823274
170.5 0.00535023300755
171.0 0.00561280507439
171.5 0.00582866391733
172.0 0.00618089268882
172.5 0.00661842479836
173.0 0.00694742092253
173.5 0.00690019626819
174.0 0.00678379616666
174.5 0.0073056880664
175.0 0.00769386126937
175.5 0.00741721144958
176.0 0.00636476991785
176.5 0.00698878848642
177.0 0.0076324163292
177.5 0.00745255409402
178.0 0.00681565907928
178.5 0.00482383537459
179.0 0.00082196709873
179.5 -0.00259375797452
180.0 -0.00346655119232
180.5 -0.00467991674897
181.0 -0.0018185257744
181.5 0.000473887598758
182.0 0.00146864788553
182.5 0.00186604608665
183.0 0.0027365235069
183.5 0.00307809055234
184.0 0.0028107278
184.5 0.00264521262446
185.0 0.00254577651171
185.5 0.00213398416881
186.0 0.0027985772368
186.5 0.00242132399211
187.0 0.00217672358303
187.5 0.00193422067393
188.0 0.00163366488306
188.5 0.00125431606251
189.0 0.00106475844899
189.5 0.000859693754393
190.0 0.000489135042983
190.5 1.67122602761e-05
191.0 -0.000267527329385
191.5 -0.000681449047022
192.0 -0.00111767055044
192.5 -0.00144676264902
193.0 -0.00199705328554
193.5 -0.00259089519113
194.0 -0.00326799452593
194.5 -0.00415020474132
195.0 -0.0054827525453
195.5 -0.00717121198842
196.0 -0.00857457363618
196.5 -0.0101446413125
197.0 -0.012316978066
197.5 -0.0145032053797
198.0 -0.0198205208027
198.5 -0.0272036985832
199.0 -0.0421347390346
199.5 -0.0666675011927
