0.0 0.00795655647783
0.5 0.0355092714143
1.0 0.0452535292368
1.5 0.0391135096597
2.0 0.0356450184432
2.5 0.0330134317765
3.0 0.0316117549836
3.5 0.0305041904788
4.0 0.029668861555
4.5 0.0290235929728
5.0 0.0279661987424
5.5 0.0276220575283
6.0 0.0272526469141
6.5 0.0269896512707
7.0 0.0268195367585
7.5 0.0266032280622
8.0 0.026538863454
8.5 0.0264799152669
9.0 0.026440667744
9.5 0.0264706386008
10.0 0.0263181405297
10.5 0.0264166080923
11.0 0.0264554572356
11.5 0.0264972548389
12.0 0.0265313238911
12.5 0.0265993739574
13.0 0.0267065618745
13.5 0.0268038063215
14.0 0.0268820661462
14.5 0.0270127525144
15.0 0.027112318328
15.5 0.0272179783232
16.0 0.0273336536717
16.5 0.0274237648461
17.0 0.0275064718794
17.5 0.0276005698585
18.0 0.0276865725185
18.5 0.0277384435416
19.0 0.0278213212889
19.5 0.0278602361346
20.0 0.0279088642389
20.5 0.0279156411294
21.0 0.0279139825714
21.5 0.027893736058
22.0 0.0278554887859
22.5 0.0277844276019
23.0 0.0276647863631
23.5 0.0275264534514
24.0 0.0273434670068
24.5 0.0271022157943
25.0 0.0268458646282
25.5 0.0265366511377
26.0 0.0261681372797
26.5 0.0257586889408
27.0 0.0252947145587
27.5 0.0247685306625
28.0 0.0241702228034
28.5 0.0234790155015
29.0 0.0227432412981
29.5 0.0219103822664
30.0 0.0210179588439
30.5 0.0200215326428
31.0 0.0189459145015
31.5 0.0177901455496
32.0 0.0165307853208
32.5 0.0151947275202
33.0 0.0137661143909
33.5 0.0122516275305
34.0 0.0106483172501
34.5 0.00893284878116
35.0 0.00711943277866
35.5 0.00527667004967
36.0 0.00333432399207
36.5 0.00130217940548
37.0 -0.000803728037751
37.5 -0.0029866297223
38.0 -0.00522021258385
38.5 -0.00746802158417
39.0 -0.00979190043792
39.5 -0.0121795887675
40.0 -0.0146494402118
40.5 -0.0171751474692
41.0 -0.01969003587
41.5 -0.0222460445901
42.0 -0.0248502930299
42.5 -0.0274765372973
43.0 -0.0301094592118
43.5 -0.0327706672584
44.0 -0.0354887373086
44.5 -0.0382112526102
45.0 -0.0409227537461
45.5 -0.0436838364645
46.0 -0.0463912506181
46.5 -0.0491283616722
47.0 -0.0518793717574
47.5 -0.0546236518007
48.0 -0.0573785429277
48.5 -0.0601120571864
49.0 -0.0628588147394
49.5 -0.0655733505306
50.0 -0.0682178152739
50.5 -0.070931971333
51.0 -0.0736436837013
51.5 -0.0762749623945
52.0 -0.0789073044954
52.5 -0.0814925705415
53.0 -0.0839862059628
53.5 -0.086391451464
54.0 -0.0888208138198
54.5 -0.0911337733878
55.0 -0.0933793934741
55.5 -0.0955373822118
56.0 -0.0975440324819
56.5 -0.0994635587184
57.0 -0.101216696396
57.5 -0.102806789258
58.0 -0.10426780829
58.5 -0.10553707811
59.0 -0.106574783133
59.5 -0.107491248041
60.0 -0.108113232408
60.5 -0.108443599816
61.0 -0.10855599286
61.5 -0.108350889884
62.0 -0.107883448952
62.5 -0.107144845773
63.0 -0.106089849556
63.5 -0.104730427964
64.0 -0.103066594415
64.5 -0.101137790357
65.0 -0.0988862103548
65.5 -0.0963402981159
66.0 -0.093571079446
66.5 -0.0906249005735
67.0 -0.0874614063674
67.5 -0.084200726389
68.0 -0.0808362577417
68.5 -0.0773733082731
69.0 -0.0738566033059
69.5 -0.0702974132975
70.0 -0.0667350154003
70.5 -0.0631937892065
71.0 -0.0597506619447
71.5 -0.0563512801572
72.0 -0.0529761542744
72.5 -0.0497339306994
73.0 -0.0466514812849
73.5 -0.0436380272725
74.0 -0.0407629609555
74.5 -0.0379802810364
75.0 -0.0353042460243
75.5 -0.0327796463349
76.0 -0.0303635316105
76.5 -0.0280712794609
77.0 -0.0259028696244
77.5 -0.023842822793
78.0 -0.02194732237
78.5 -0.0200930558172
79.0 -0.0183578946222
79.5 -0.0167733165609
80.0 -0.0152337972402
80.5 -0.0138352700982
81.0 -0.0124948217065
81.5 -0.0112036568691
82.0 -0.00996577993457
82.5 -0.00883518043081
83.0 -0.00782195465852
83.5 -0.00682725209242
84.0 -0.00591376187537
84.5 -0.00517293768314
85.0 -0.00426374434411
85.5 -0.00356451981213
86.0 -0.0028289172255
86.5 -0.00224827404192
87.0 -0.00164618836114
87.5 -0.000997430667386
88.0 -0.000505989897849
88.5 -4.11892501511e-05
89.0 0.000395782080094
89.5 0.0007744613822
90.0 0.00121799155438
90.5 0.00150581324051
91.0 0.00183925562976
91.5 0.002147618866
92.0 0.00242599544184
92.5 0.00261950707875
93.0 0.00281206241426
93.5 0.00306556768854
94.0 0.00328997129241
94.5 0.00348298723156
95.0 0.00356797511286
95.5 0.00375698909085
96.0 0.00381126838773
96.5 0.00395290035371
97.0 0.00394284382095
97.5 0.00393741836283
98.0 0.00398806395637
98.5 0.00402734722057
99.0 0.00412402741004
99.5 0.0042186757683
100.0 0.00428870754531
100.5 0.00419157198241
101.0 0.00401454245797
101.5 0.00403910681735
102.0 0.00401223210973
102.5 0.00404614385323
103.0 0.00404796950671
103.5 0.00388735392748
104.0 0.00389947471925
104.5 0.00364432010424
105.0 0.00355401554235
105.5 0.0035226887803
106.0 0.00332535872901
106.5 0.00332934870036
107.0 0.00309420407003
107.5 0.00293568004885
108.0 0.00297096268085
108.5 0.00288711711192
109.0 0.00252951223474
109.5 0.00249270992203
110.0 0.00222827072526
110.5 0.00205724243739
111.0 0.00182668167178
111.5 0.00119976426699
112.0 0.000980250058568
112.5 0.000925103953584
113.0 0.00115022629465
113.5 0.00105236960988
114.0 0.000661254594448
114.5 -0.000246568569068
115.0 -9.96481490319e-05
115.5 0.000148019318601
116.0 -0.000293498958271
116.5 -0.000653088623523
117.0 -0.00108948675742
117.5 -0.00224588700259
118.0 -0.000844418937149
118.5 0.000950064426974
119.0 0.00316640365158
119.5 0.0111707842791
120.0 0.0138750091214
120.5 0.011764963474
121.0 0.00696075059807
121.5 0.00102932485787
122.0 -0.00173402338369
122.5 -0.00300118361154
123.0 -0.00141008390827
123.5 -0.000987164622757
124.0 -0.00143715240107
124.5 -0.000947871243156
125.0 -0.00181291831493
125.5 -0.000887746188283
126.0 -0.000897427201267
126.5 -0.00111681370191
127.0 -0.000984077751909
127.5 -0.000626720115974
128.0 -0.000849229113513
128.5 -0.00129104610303
129.0 -0.000838000893999
129.5 -0.000320928037524
130.0 -0.000269299275516
130.5 -0.00030379193209
131.0 -1.97407160485e-05
131.5 -1.04704020103e-05
132.0 0.00012489397924
132.5 0.000425928302072
133.0 0.000680709385882
133.5 0.000665814739072
134.0 0.000663413642613
134.5 0.000655056222676
135.0 0.000869704616797
135.5 0.000836160321832
136.0 0.00104673607965
136.5 0.00106393876586
137.0 0.00113882441718
137.5 0.00107447125196
138.0 0.00129080222101
138.5 0.00146081431365
139.0 0.00158426036625
139.5 0.00166082729833
140.0 0.00175056654039
140.5 0.00179818376565
141.0 0.00191603577178
141.5 0.00200240876107
142.0 0.00228479372111
142.5 0.00217565309324
143.0 0.00212961326965
143.5 0.00219352567629
144.0 0.00220928014718
144.5 0.00231751703742
145.0 0.00231454878959
145.5 0.00234683327474
146.0 0.00236914271845
146.5 0.00238010792106
147.0 0.00240842837338
147.5 0.00242334283696
148.0 0.00246218158729
148.5 0.00255105805805
149.0 0.00264958680619
149.5 0.00281562042933
150.0 0.00268074601396
150.5 0.0027192684167
151.0 0.00276351249309
151.5 0.00279892670404
152.0 0.00283049413818
152.5 0.00283041777727
153.0 0.00282918726414
153.5 0.00286967308327
154.0 0.00303642468165
154.5 0.00322957606481
155.0 0.00314284076569
155.5 0.00314709130161
156.0 0.00319344543297
156.5 0.00319621214683
157.0 0.00322269921318
157.5 0.00321853614744
158.0 0.00312368382813
158.5 0.00319203550382
159.0 0.00335192345098
159.5 0.00345685372481
160.0 0.00365378308448
160.5 0.00369924637914
161.0 0.00365133664483
161.5 0.00365414387097
162.0 0.00368188231758
162.5 0.00372410965713
163.0 0.00363691053812
163.5 0.00360431477414
164.0 0.00376530460652
164.5 0.00386548230323
165.0 0.00400453967289
165.5 0.00407109281917
166.0 0.00407090485553
166.5 0.00422609962911
167.0 0.00432890472832
167.5 0.00460366568162
168.0 0.00488997254259
168.5 0.00512429020078
169.0 0.00503016505201
169.5 0.00476615779112
170.0 0.00513047180623
170.5 0.00521962791156
171.0 0.00531205483172
171.5 0.00553019724163
172.0 0.0055850683796
172.5 0.00596388836763
173.0 0.00621569757004
173.5 0.00623572420231
174.0 0.0063327214108
174.5 0.00620691603359
175.0 0.00528977943746
175.5 0.00495547980549
176.0 0.00530534776775
176.5 0.00607557739644
177.0 0.00715773731423
177.5 0.00641037233794
178.0 0.0051416236346
178.5 0.00365742041308
179.0 0.000169386108524
179.5 -0.0026560002734
180.0 -0.00170187295414
180.5 -0.00184754427946
181.0 0.000477388106688
181.5 0.00423585352786
182.0 0.00494454583206
182.5 0.00431608347986
183.0 0.00375063858736
183.5 0.00404788131925
184.0 0.00426048446568
184.5 0.00382857885863
185.0 0.00374057609898
185.5 0.00346307516855
186.0 0.00350962916717
186.5 0.00340699690044
187.0 0.00308195705915
187.5 0.00286013237755
188.0 0.00255875201439
188.5 0.00231843935353
189.0 0.00222154981209
189.5 0.00174303876084
190.0 0.00134691576348
190.5 0.00095988017739
191.0 0.000677492535104
191.5 0.000243634902148
192.0 -0.00025265413656
192.5 -0.000535419988481
193.0 -0.00119264497009
193.5 -0.00189428110902
194.0 -0.00256110049732
194.5 -0.00324935877491
195.0 -0.00404839433477
195.5 -0.00617785530663
196.0 -0.00744338594819
196.5 -0.00919140147469
197.0 -0.0115794576736
197.5 -0.0140814787754
198.0 -0.0193495099779
198.5 -0.0263707166342
199.0 -0.0415831930469
199.5 -0.0683446752773
