0.0 0.00752127211467
0.5 0.0331892687363
1.0 0.0426417942429
1.5 0.0356085758068
2.0 0.0319962514148
2.5 0.0294208841645
3.0 0.0283391572766
3.5 0.0272030579595
4.0 0.0260291812843
4.5 0.0249759885921
5.0 0.024340504304
5.5 0.0235844566695
6.0 0.0230279819168
6.5 0.022557262578
7.0 0.0220928717004
7.5 0.0216935955948
8.0 0.0214743060207
8.5 0.0211370203669
9.0 0.0208114602557
9.5 0.0205363696561
10.0 0.0203439814323
10.5 0.0200610214535
11.0 0.0198499437893
11.5 0.0196314942804
12.0 0.019334401602
12.5 0.0190942223859
13.0 0.0189051061113
13.5 0.018674949657
14.0 0.0184380241873
14.5 0.0182126046374
15.0 0.0178775082585
15.5 0.017571812245
16.0 0.0173053357841
16.5 0.0170012643959
17.0 0.0166737680451
17.5 0.0162911299042
18.0 0.0158991723276
18.5 0.0154857222851
19.0 0.0150419914166
19.5 0.0145869671453
20.0 0.0140749620139
20.5 0.013505667715
21.0 0.012919519809
21.5 0.0123126231224
22.0 0.0116478232361
22.5 0.0109376005861
23.0 0.010149923452
23.5 0.00933404721125
24.0 0.00845225478925
24.5 0.0074877963158
25.0 0.00648861991461
25.5 0.00542026607806
26.0 0.00426209399155
26.5 0.00305810050484
27.0 0.00177698650063
27.5 0.000419736622587
28.0 -0.00102453798378
28.5 -0.00255612078355
29.0 -0.00417288790809
29.5 -0.00587047837295
30.0 -0.00767271485264
30.5 -0.00951031909876
31.0 -0.0114510272592
31.5 -0.0134640754168
32.0 -0.0155620601998
32.5 -0.0177280552937
33.0 -0.0199600772315
33.5 -0.0222256179981
34.0 -0.0245780326107
34.5 -0.0269584632933
35.0 -0.029354049469
35.5 -0.0317671322764
36.0 -0.0341429754666
36.5 -0.0364997577455
37.0 -0.0388241674999
37.5 -0.041097539461
38.0 -0.0432982239887
38.5 -0.0454173910879
39.0 -0.0473778809984
39.5 -0.0492634030571
40.0 -0.0510196817037
40.5 -0.052640988119
41.0 -0.0541125356316
41.5 -0.0554692771259
42.0 -0.0566849184562
42.5 -0.0577514709522
43.0 -0.0586804406721
43.5 -0.0594843561546
44.0 -0.0601776538746
44.5 -0.0607364129123
45.0 -0.0611575476578
45.5 -0.0615003607301
46.0 -0.0617289894456
46.5 -0.0618867977097
47.0 -0.0619413266206
47.5 -0.0619021539375
48.0 -0.0618178094154
48.5 -0.0616640564157
49.0 -0.0614595085505
49.5 -0.0611754879197
50.0 -0.0608258117356
50.5 -0.0604639488094
51.0 -0.0600138989971
51.5 -0.0595406401886
52.0 -0.0590504885857
52.5 -0.0585164333437
53.0 -0.0579544708462
53.5 -0.0573441480212
54.0 -0.0567012649907
54.5 -0.0560371702968
55.0 -0.0553242956015
55.5 -0.0546054277278
56.0 -0.053832642299
56.5 -0.0530717469508
57.0 -0.05227007063
57.5 -0.0514359094255
58.0 -0.0506069681674
58.5 -0.0497678564941
59.0 -0.0488943463853
59.5 -0.0479987158276
60.0 -0.0470773247721
60.5 -0.0461475417908
61.0 -0.0451719322542
61.5 -0.0441992986793
62.0 -0.0432242867439
62.5 -0.0422546348455
63.0 -0.0412466358458
63.5 -0.040225313514
64.0 -0.0392039459177
64.5 -0.0381561881552
65.0 -0.0371001656966
65.5 -0.0360465350193
66.0 -0.0349955303604
66.5 -0.0339559062533
67.0 -0.0328662165113
67.5 -0.0318319471859
68.0 -0.0307810139588
68.5 -0.0297456316009
69.0 -0.0287263925042
69.5 -0.0276921414882
70.0 -0.0266516026159
70.5 -0.0256365703861
71.0 -0.0246272694316
71.5 -0.023604636563
72.0 -0.0226070517457
72.5 -0.021648344492
73.0 -0.0207165809671
73.5 -0.0197624370581
74.0 -0.0188721477641
74.5 -0.0179954796475
75.0 -0.0171355320349
75.5 -0.0163081327134
76.0 -0.0154236880718
76.5 -0.0146119472657
77.0 -0.0138065592089
77.5 -0.0130255796362
78.0 -0.0123037338478
78.5 -0.0115859942511
79.0 -0.0109090454758
79.5 -0.010228120974
80.0 -0.00959273534982
80.5 -0.00899201150961
81.0 -0.00838250309436
81.5 -0.00777569030501
82.0 -0.00718600118072
82.5 -0.00664011191606
83.0 -0.00618188138643
83.5 -0.00567627624415
84.0 -0.00515438404371
84.5 -0.00476628770765
85.0 -0.0043082397735
85.5 -0.00392004836954
86.0 -0.00351417727527
86.5 -0.00319151828455
87.0 -0.00286520575671
87.5 -0.00252529244698
88.0 -0.00225654961136
88.5 -0.00191311019483
89.0 -0.00159923569627
89.5 -0.00134662182804
90.0 -0.00111092089961
90.5 -0.000877991160621
91.0 -0.000678767358874
91.5 -0.000506693592346
92.0 -0.000269027566624
92.5 -6.92938132651e-05
93.0 9.63917949974e-05
93.5 0.000280034184584
94.0 0.000449322108988
94.5 0.000560600235243
95.0 0.000648597644155
95.5 0.000847649387872
96.0 0.0009144969939
96.5 0.00095054686339
97.0 0.00100840669397
97.5 0.0010642248386
98.0 0.00116533233008
98.5 0.00121804639653
99.0 0.00107087724259
99.5 0.00120847724973
100.0 0.00152321774674
100.5 0.00131280313565
101.0 0.00130274428533
101.5 0.00140442233997
102.0 0.00136252233607
102.5 0.00133445326586
103.0 0.00127322595851
103.5 0.00105542887715
104.0 0.00110996039112
104.5 0.00124067920945
105.0 0.000867723977414
105.5 0.00108098955893
106.0 0.00110270216629
106.5 0.000926489262632
107.0 0.000824078798317
107.5 0.000755631215149
108.0 0.000656679227042
108.5 0.0004616293769
109.0 0.0001651086396
109.5 0.000210800233283
110.0 0.00029410796747
110.5 -0.000124363045764
111.0 -0.000522584501645
111.5 -0.000737228430218
112.0 -0.000577262466756
112.5 -0.000631274777419
113.0 -0.000967667338145
113.5 -0.00139266914724
114.0 -0.00132366530899
114.5 -0.00187423194934
115.0 -0.00163251835471
115.5 -0.00152708808476
116.0 -0.00140629023534
116.5 -0.00160002574128
117.0 -0.000793461317983
117.5 -0.00106074061449
118.0 -0.00098046793903
118.5 -0.000840047688442
119.0 -0.000396822478677
119.5 0.00692390631347
120.0 0.0103972596917
120.5 0.0121793525106
121.0 0.0100265926061
121.5 0.00143820185578
122.0 -0.00340755585111
122.5 -0.00285044754079
123.0 -0.00198346606855
123.5 -0.00169435427344
124.0 -0.00199889372284
124.5 -0.00206906669786
125.0 -0.00244126114718
125.5 -0.00153260694428
126.0 -0.00121928689998
126.5 -0.00246080339444
127.0 -0.00289566929276
127.5 -0.00225711814316
128.0 -0.00163828837826
128.5 -0.00150536660833
129.0 -0.00125056986946
129.5 -0.00174653460979
130.0 -0.00111923142112
130.5 -0.000669953191434
131.0 -0.00140111934527
131.5 -0.000785214996327
132.0 -0.000413662985082
132.5 -0.000424698889411
133.0 -0.000331978509969
133.5 -0.000249162540683
134.0 -0.000326661843452
134.5 -0.000154740976335
135.0 9.68069919693e-05
135.5 0.000577321267819
136.0 -0.000174990519909
136.5 4.91277275572e-05
137.0 0.000398570304373
137.5 0.000454066901185
138.0 0.000642332327217
138.5 0.000720767354856
139.0 0.000806694444762
139.5 0.000862879759143
140.0 0.000946932788349
140.5 0.00100868476692
141.0 0.00112401123928
141.5 0.00111134723484
142.0 0.00123209546872
142.5 0.00122767025464
143.0 0.0013072442526
143.5 0.00136253770173
144.0 0.00142980252539
144.5 0.00168658861607
145.0 0.00147674819262
145.5 0.00153548933598
146.0 0.00154962616957
146.5 0.00160228907488
147.0 0.00180596357672
147.5 0.00180119195877
148.0 0.00181482767214
148.5 0.00194437461753
149.0 0.0019468784396
149.5 0.00196799185409
150.0 0.00200161060167
150.5 0.00202413427572
151.0 0.00204367698946
151.5 0.00206541942896
152.0 0.00206529152081
152.5 0.00200624431885
153.0 0.00202363546871
153.5 0.00211259236473
154.0 0.00222133467217
154.5 0.00232661512515
155.0 0.00242133377598
155.5 0.0026110531379
156.0 0.0025270204662
156.5 0.00250530264039
157.0 0.00253594542865
157.5 0.00250901185088
158.0 0.00246619679545
158.5 0.00246805871172
159.0 0.00242184845074
159.5 0.00255784435606
160.0 0.00271147063613
160.5 0.00278325297673
161.0 0.00292323664849
161.5 0.00301928475568
162.0 0.00286566083685
162.5 0.00292590999532
163.0 0.00309428777694
163.5 0.00323550321642
164.0 0.00332370229711
164.5 0.00334905228563
165.0 0.00340549790484
165.5 0.00332909001028
166.0 0.00322872502105
166.5 0.00340409738774
167.0 0.00351811952586
167.5 0.00352015718022
168.0 0.00364541435309
168.5 0.00387849763756
169.0 0.00401916741412
169.5 0.00419036328115
170.0 0.00439332113125
170.5 0.00446029830887
171.0 0.00396409161117
171.5 0.00418871153796
172.0 0.00437741124429
172.5 0.00468920641976
173.0 0.00492524313348
173.5 0.00502255274678
174.0 0.00514191784467
174.5 0.00516522815279
175.0 0.00518898675358
175.5 0.00469790808546
176.0 0.00505196951283
176.5 0.00574627556506
177.0 0.00510801153978
177.5 0.00537379581658
178.0 0.00516614138814
178.5 0.00202507119317
179.0 -0.000991805613708
179.5 -0.00398880493509
180.0 -0.00322423073904
180.5 -0.00325761064123
181.0 -0.00053583038509
181.5 0.0027524605146
182.0 0.00385420823898
182.5 0.00386930327969
183.0 0.00348024095869
183.5 0.00365762185859
184.0 0.00371236974118
184.5 0.0031022335889
185.0 0.00279579770866
185.5 0.00313043213308
186.0 0.00285830413671
186.5 0.00263024498985
187.0 0.00234495468713
187.5 0.00199058748356
188.0 0.00185240151841
188.5 0.00165634248376
189.0 0.0013114803653
189.5 0.000869627385228
190.0 0.000491586174917
190.5 0.000132451485896
191.0 -0.000143716526338
191.5 -0.000530488644969
192.0 -0.000931432222004
192.5 -0.00122477238547
193.0 -0.00196874958066
193.5 -0.00262244406758
194.0 -0.00336900892495
194.5 -0.00415815663267
195.0 -0.00499379598749
195.5 -0.00636146062291
196.0 -0.00840783101059
196.5 -0.0101155983347
197.0 -0.0124496502967
197.5 -0.0149817812789
198.0 -0.0207838640622
198.5 -0.0283547464156
199.0 -0.0433728574092
199.5 -0.0693462137295
