0.0 0.00882300671788
0.5 0.0348510040516
1.0 0.0433747897154
1.5 0.0373131707436
2.0 0.034170362209
2.5 0.0317845618695
3.0 0.0307688173838
3.5 0.0296101360753
4.0 0.0288990916199
4.5 0.0280733341848
5.0 0.0275118152781
5.5 0.027096527265
6.0 0.0266664001804
6.5 0.0262826718981
7.0 0.0261027833569
7.5 0.0259407764293
8.0 0.0258072385681
8.5 0.025702960215
9.0 0.0256335779678
9.5 0.0255914238619
10.0 0.0255749202898
10.5 0.0255581554541
11.0 0.025597189662
11.5 0.0256625332253
12.0 0.025702622224
12.5 0.0257325534354
13.0 0.0257529514331
13.5 0.0258717659291
14.0 0.0259359579492
14.5 0.0260295000528
15.0 0.026132556264
15.5 0.0262124108044
16.0 0.0263115225522
16.5 0.0264214422777
17.0 0.0265161202363
17.5 0.026589996437
18.0 0.0266528262465
18.5 0.026733829729
19.0 0.0267724004609
19.5 0.0268234606732
20.0 0.0268349190414
20.5 0.0268566209249
21.0 0.0268785058715
21.5 0.0268792742235
22.0 0.0268441444708
22.5 0.026774242334
23.0 0.0266637633989
23.5 0.026550200571
24.0 0.0264049768863
24.5 0.026214089769
25.0 0.0260006132535
25.5 0.0257411909505
26.0 0.025429012122
26.5 0.025087854814
27.0 0.0247011098785
27.5 0.0242564832735
28.0 0.0237747366261
28.5 0.023209653238
29.0 0.0225945737439
29.5 0.0219030047009
30.0 0.0211482219818
30.5 0.0203125947918
31.0 0.0194097762953
31.5 0.0184406844168
32.0 0.0173789170637
32.5 0.0162658811511
33.0 0.0150722159975
33.5 0.0137726864372
34.0 0.0123981076338
34.5 0.0109443391888
35.0 0.00938718466142
35.5 0.00774077518889
36.0 0.00603971251838
36.5 0.00425215021744
37.0 0.00236757611207
37.5 0.000412290726119
38.0 -0.00160134847682
38.5 -0.00371049869078
39.0 -0.00590980581862
39.5 -0.00813442109039
40.0 -0.0104300173001
40.5 -0.0128013159808
41.0 -0.0152233588075
41.5 -0.017703881943
42.0 -0.0202189732703
42.5 -0.0227836467605
43.0 -0.0254205838657
43.5 -0.028122919966
44.0 -0.0308903526483
44.5 -0.0336849871723
45.0 -0.0364899520371
45.5 -0.0393118687882
46.0 -0.0421654781485
46.5 -0.0450497112091
47.0 -0.0479670471838
47.5 -0.0509090181365
48.0 -0.0538863959887
48.5 -0.0568688480331
49.0 -0.0598720488839
49.5 -0.0628538579935
50.0 -0.0658308954635
50.5 -0.0688099355964
51.0 -0.0717366507072
51.5 -0.0746485764833
52.0 -0.077582874724
52.5 -0.0804825773176
53.0 -0.0833384453485
53.5 -0.0861176507619
54.0 -0.0888061163251
54.5 -0.0914050484275
55.0 -0.0939618515196
55.5 -0.0964053097866
56.0 -0.0987190806034
56.5 -0.100856000737
57.0 -0.102879089616
57.5 -0.104716479852
58.0 -0.106360850587
58.5 -0.107781755442
59.0 -0.109006455848
59.5 -0.109980288857
60.0 -0.110631322364
60.5 -0.111007155025
61.0 -0.111067607926
61.5 -0.110800302434
62.0 -0.110215476277
62.5 -0.109320637337
63.0 -0.108132657812
63.5 -0.10658242888
64.0 -0.104700989156
64.5 -0.102534947911
65.0 -0.1000866491
65.5 -0.0973548883736
66.0 -0.0943651102425
66.5 -0.091209262688
67.0 -0.087926916321
67.5 -0.0845001363433
68.0 -0.0809895193649
68.5 -0.0774038577372
69.0 -0.0738098527053
69.5 -0.0701936662186
70.0 -0.0665899721417
70.5 -0.0630393218515
71.0 -0.0595550333728
71.5 -0.0561382453658
72.0 -0.0528390991221
72.5 -0.0496132873085
73.0 -0.0465283823155
73.5 -0.0435714774097
74.0 -0.0407006564963
74.5 -0.0379598088685
75.0 -0.0353349079724
75.5 -0.0328571847742
76.0 -0.0304888838277
76.5 -0.0282357945499
77.0 -0.0260951030329
77.5 -0.0240521403964
78.0 -0.0221498183279
78.5 -0.0203711793167
79.0 -0.0186567350195
79.5 -0.0170478823089
80.0 -0.0155652790451
80.5 -0.0141246021007
81.0 -0.0127618579013
81.5 -0.0115184160263
82.0 -0.0102990040858
82.5 -0.00919579682105
83.0 -0.00814796562494
83.5 -0.00717981184216
84.0 -0.00632134266971
84.5 -0.00538193758538
85.0 -0.00461434284638
85.5 -0.00388486322517
86.0 -0.00314099062042
86.5 -0.00250621264581
87.0 -0.0018981402392
87.5 -0.00125274654167
88.0 -0.000738039093012
88.5 -0.000255724816007
89.0 0.000188464863157
89.5 0.00058874096182
90.0 0.000962619217802
90.5 0.00124121207154
91.0 0.00151733799446
91.5 0.00193209762671
92.0 0.00222443683673
92.5 0.00248709873769
93.0 0.00274501675142
93.5 0.00293134499821
94.0 0.00307387412407
94.5 0.0032898177623
95.0 0.00351212935002
95.5 0.00361057418311
96.0 0.00371642884738
96.5 0.00382491837037
97.0 0.00383904776063
97.5 0.00381392146475
98.0 0.00391374073114
98.5 0.00413079672266
99.0 0.00422100471765
99.5 0.00416052896119
100.0 0.0040128134018
100.5 0.00421339703878
101.0 0.00420912972657
101.5 0.00419314054294
102.0 0.00416406267983
102.5 0.00409820559698
103.0 0.00395986985024
103.5 0.00375636923958
104.0 0.00384746063541
104.5 0.0038185329874
105.0 0.00386386602127
105.5 0.00380834810183
106.0 0.00368256524404
106.5 0.00340480496249
107.0 0.00315559709359
107.5 0.00310239640442
108.0 0.00287413520406
108.5 0.00255406236855
109.0 0.00255521395778
109.5 0.00233380782313
110.0 0.00244877394034
110.5 0.00219519954124
111.0 0.00191340132451
111.5 0.00128177475057
112.0 0.00124935607872
112.5 0.0011652652462
113.0 0.00131107993153
113.5 0.00129073371443
114.0 0.000902737293828
114.5 9.43306054069e-05
115.0 0.000937180791425
115.5 0.000909929581923
116.0 0.000414363150966
116.5 -0.000187914734894
117.0 4.70950554785e-05
117.5 -0.00108370681734
118.0 0.000487802475604
118.5 0.00111607292995
119.0 0.00367494221091
119.5 0.0118847938221
120.0 0.0123530666214
120.5 0.0109035182787
121.0 0.00672677787918
121.5 0.00170200622475
122.0 0.000516888679712
122.5 0.000509777939413
123.0 0.000962262527679
123.5 0.000384681107306
124.0 -0.000345197317429
124.5 0.000241975043522
125.0 -0.000137512872158
125.5 -0.00183159300848
126.0 -0.0009432245878
126.5 -0.0011617092931
127.0 -0.000570946338954
127.5 -0.000774305607564
128.0 -0.00107005245154
128.5 -0.000795179487092
129.0 -0.00050438741274
129.5 -0.000224780436476
130.0 3.93238942848e-05
130.5 -0.000250867589351
131.0 0.000185172857194
131.5 0.000457799216669
132.0 0.000261705978971
132.5 0.000452625560158
133.0 0.000706384431211
133.5 0.000802012458522
134.0 0.000950249853553
134.5 0.000989190918318
135.0 0.000722245049808
135.5 0.00115067686043
136.0 0.00154674434516
136.5 0.00134566255557
137.0 0.00135313604766
137.5 0.00127737000744
138.0 0.00146929461467
138.5 0.0015442288176
139.0 0.00163831478037
139.5 0.00189701573078
140.0 0.00140257727174
140.5 0.00159631928287
141.0 0.00182270376053
141.5 0.00184981547222
142.0 0.00197728934173
142.5 0.00200258339348
143.0 0.00213317075609
143.5 0.00224052469867
144.0 0.00228371452712
144.5 0.00240038687967
145.0 0.00243411828254
145.5 0.00250093883894
146.0 0.00257360129511
146.5 0.00269687097473
147.0 0.00256172437154
147.5 0.00252698965134
148.0 0.00269528096067
148.5 0.00292620103649
149.0 0.00297919453892
149.5 0.00284782083284
150.0 0.00288102792154
150.5 0.00291149247189
151.0 0.00294320012584
151.5 0.00298656932732
152.0 0.00301085264627
152.5 0.00300348124613
153.0 0.00302939060275
153.5 0.00304079388515
154.0 0.00307054710341
154.5 0.0032250958562
155.0 0.00343079057155
155.5 0.00336112958052
156.0 0.00337412237318
156.5 0.0033653223463
157.0 0.00336746648463
157.5 0.0032991086196
158.0 0.00333274604725
158.5 0.00357036529265
159.0 0.00371075084661
159.5 0.00371608840194
160.0 0.00355777075027
160.5 0.00372880837513
161.0 0.00381706408195
161.5 0.00392979710129
162.0 0.00408601138501
162.5 0.00427062652761
163.0 0.00433538831607
163.5 0.00431239382723
164.0 0.0042942725801
164.5 0.00432326157721
165.0 0.00446971412357
165.5 0.00451412459966
166.0 0.00450493836163
166.5 0.00465304456755
167.0 0.00476506642624
167.5 0.00489663158705
168.0 0.00512044948247
168.5 0.00532077585298
169.0 0.00536192711495
169.5 0.00548305661525
170.0 0.00562758075318
170.5 0.00567375122785
171.0 0.00581813089019
171.5 0.00595044022458
172.0 0.00612413928067
172.5 0.00644016125037
173.0 0.00661776557523
173.5 0.00675331049666
174.0 0.00689762235893
174.5 0.00706445894355
175.0 0.00728143236886
175.5 0.00587954100179
176.0 0.00650871008445
176.5 0.00704735030642
177.0 0.00721377951074
177.5 0.00690184494549
178.0 0.0069630413302
178.5 0.00618678371076
179.0 0.0033144534595
179.5 -0.000496911753444
180.0 -0.00221006907327
180.5 -0.00442154787326
181.0 -0.00209574625642
181.5 0.000806834868996
182.0 0.000772041791521
182.5 0.00220817729307
183.0 0.00240907809069
183.5 0.00266468556435
184.0 0.00253575431105
184.5 0.00251262000103
185.0 0.00243632102099
185.5 0.00205056809389
186.0 0.002802731833
186.5 0.00256945919115
187.0 0.00234400719134
187.5 0.00207584586491
188.0 0.00177745884351
188.5 0.00163604730749
189.0 0.00121349844487
189.5 0.000882950692386
190.0 0.000642509380782
190.5 0.000153266479089
191.0 -8.35916302719e-05
191.5 -0.000439396622539
192.0 -0.00087241004691
192.5 -0.00132556773835
193.0 -0.00193993847969
193.5 -0.00246222796228
194.0 -0.00324637243784
194.5 -0.00431123306322
195.0 -0.00524854396123
195.5 -0.0069199683266
196.0 -0.00839797475808
196.5 -0.0102894140146
197.0 -0.0126934195768
197.5 -0.0149373991808
198.0 -0.0203393558136
198.5 -0.0277129695926
199.0 -0.0431919173508
199.5 -0.069691973738
