0.0 0.00826874524232
0.5 0.0324958953838
1.0 0.0429945267184
1.5 0.0367725678283
2.0 0.0334038611106
2.5 0.0311212317954
3.0 0.0301966550128
3.5 0.0289346843634
4.0 0.0281968014542
4.5 0.0274812202207
5.0 0.0268201334335
5.5 0.0263180520237
6.0 0.0259365972549
6.5 0.0255984959114
7.0 0.0253954208158
7.5 0.0252070907302
8.0 0.0251071636141
8.5 0.0249979721352
9.0 0.0249718877052
9.5 0.0248674848185
10.0 0.0248537800209
10.5 0.0248268697448
11.0 0.0248486330943
11.5 0.0249065834524
12.0 0.0249557976514
12.5 0.0249768134469
13.0 0.0249757182843
13.5 0.0250700829873
14.0 0.0251568966623
14.5 0.0251567296343
15.0 0.0252833608948
15.5 0.0253580346089
16.0 0.0254745014423
16.5 0.0255208053254
17.0 0.0255676865364
17.5 0.0256238966207
18.0 0.0256903202286
18.5 0.0257367119029
19.0 0.0257881684308
19.5 0.0258172060185
20.0 0.02583480755
20.5 0.0258324717414
21.0 0.0258342930917
21.5 0.025803584792
22.0 0.0257436411697
22.5 0.0256966084784
23.0 0.0255805500459
23.5 0.02544926906
24.0 0.0253026061911
24.5 0.0250991110943
25.0 0.0248900756713
25.5 0.024637229132
26.0 0.0243419315676
26.5 0.0240155265294
27.0 0.0236296679012
27.5 0.0232120167763
28.0 0.0227478247499
28.5 0.0222147693084
29.0 0.0216402698704
29.5 0.0210031946249
30.0 0.0203034366928
30.5 0.0195232816276
31.0 0.0186997762739
31.5 0.0178186833379
32.0 0.0168569907333
32.5 0.0158391342199
33.0 0.0147339601013
33.5 0.013546214837
34.0 0.0122795750139
34.5 0.010955427591
35.0 0.00954100781797
35.5 0.00803974036469
36.0 0.00647379262379
36.5 0.00482995294478
37.0 0.00309178721437
37.5 0.0012631925227
38.0 -0.000642100062818
38.5 -0.00260182552451
39.0 -0.00465378283586
39.5 -0.00681684082527
40.0 -0.00905920358289
40.5 -0.0113507869511
41.0 -0.0137099060178
41.5 -0.0161886888821
42.0 -0.0187479335383
42.5 -0.0213534807847
43.0 -0.0240128791462
43.5 -0.0267602228072
44.0 -0.0296306950381
44.5 -0.0325252254883
45.0 -0.0354350905448
45.5 -0.038445045043
46.0 -0.041471721581
46.5 -0.0446098665112
47.0 -0.047815676634
47.5 -0.0510447019641
48.0 -0.0543345038801
48.5 -0.0576309310569
49.0 -0.0609108530008
49.5 -0.0642058831757
50.0 -0.0675812058686
50.5 -0.0709652235777
51.0 -0.0743422309352
51.5 -0.0776208937666
52.0 -0.0809245761404
52.5 -0.0842223754558
53.0 -0.0874705097764
53.5 -0.0906330676494
54.0 -0.0937319493739
54.5 -0.096668082233
55.0 -0.0993693664801
55.5 -0.102030771762
56.0 -0.104542822283
56.5 -0.106812603919
57.0 -0.108866323283
57.5 -0.11066045751
58.0 -0.112226903033
58.5 -0.113467622812
59.0 -0.114355720927
59.5 -0.114944814483
60.0 -0.115130645074
60.5 -0.114928670158
61.0 -0.114352286084
61.5 -0.113386561442
62.0 -0.112074026659
62.5 -0.110414169182
63.0 -0.108432359324
63.5 -0.106130518462
64.0 -0.103532326009
64.5 -0.100675148755
65.0 -0.0975451970407
65.5 -0.0942343846248
66.0 -0.0907859023087
66.5 -0.0872514023144
67.0 -0.0836020985639
67.5 -0.0799311055143
68.0 -0.0762515819502
68.5 -0.0726141756982
69.0 -0.0689805543226
69.5 -0.0653974839434
70.0 -0.0618762415358
70.5 -0.0584182740421
71.0 -0.0550689888042
71.5 -0.0518054755777
72.0 -0.0486935729273
72.5 -0.0456720356482
73.0 -0.0427939963972
73.5 -0.0400328422199
74.0 -0.0374209982676
74.5 -0.0348959142512
75.0 -0.0324814800266
75.5 -0.0302094027236
76.0 -0.0280323405704
76.5 -0.0259513266886
77.0 -0.023991159502
77.5 -0.0221508416775
78.0 -0.020393683261
78.5 -0.0187173965002
79.0 -0.0171479694196
79.5 -0.0157210832808
80.0 -0.0143260471947
80.5 -0.0129872713133
81.0 -0.0117458589762
81.5 -0.0105840978745
82.0 -0.00948150237944
82.5 -0.00848849188958
83.0 -0.00747770157142
83.5 -0.00651561725546
84.0 -0.00573880822398
84.5 -0.00499691865338
85.0 -0.00413436281399
85.5 -0.0035060822469
86.0 -0.00283802279974
86.5 -0.00224260131055
87.0 -0.00164619439934
87.5 -0.00104079591855
88.0 -0.000577662966229
88.5 -0.000121617233777
89.0 0.000346478759653
89.5 0.000729488180184
90.0 0.0011339492318
90.5 0.00140321922542
91.0 0.00167055550419
91.5 0.00202034907505
92.0 0.00229081503799
92.5 0.00253038178877
93.0 0.00279666555558
93.5 0.00305404936001
94.0 0.00326503970707
94.5 0.00339245895729
95.0 0.00349618289918
95.5 0.00363843436923
96.0 0.00374546745326
96.5 0.00381097027816
97.0 0.00384099675301
97.5 0.00397000721808
98.0 0.00412448345837
98.5 0.0041748085251
99.0 0.00414714631721
99.5 0.00408922654103
100.0 0.00425178252433
100.5 0.00406541276811
101.0 0.00413509444826
101.5 0.00421662068088
102.0 0.00415651220857
102.5 0.00401500526109
103.0 0.00392419045922
103.5 0.00378954069831
104.0 0.00376783543862
104.5 0.00391288106971
105.0 0.0037949459724
105.5 0.00362498580769
106.0 0.00392622443486
106.5 0.00363803006152
107.0 0.00329904143762
107.5 0.00303896811878
108.0 0.00295517188199
108.5 0.0029508015665
109.0 0.00279958988813
109.5 0.00291350627803
110.0 0.00283457801829
110.5 0.00250521023342
111.0 0.00227937258412
111.5 0.00222638778059
112.0 0.00174937783267
112.5 0.00124503716955
113.0 0.00106582873347
113.5 0.000558412167493
114.0 0.000402638959201
114.5 0.000519106799018
115.0 0.00101179830672
115.5 0.000623139253761
116.0 0.000484054450951
116.5 0.000186558281854
117.0 0.000320567807094
117.5 -0.00110254424636
118.0 0.000807454650712
118.5 0.00197212483469
119.0 0.00631667238947
119.5 0.0137954613615
120.0 0.0128602418342
120.5 0.0100599504075
121.0 0.00499517687044
121.5 -0.000763265066411
122.0 -0.00196482210559
122.5 -0.0052866241724
123.0 -0.00294769476297
123.5 -0.00231304243216
124.0 -0.00355118095217
124.5 -0.00205116461984
125.0 -0.0020529569795
125.5 -0.00220509257653
126.0 -0.00135173444977
126.5 -0.00133360452423
127.0 -0.00134270223127
127.5 -0.00146367309145
128.0 -0.0011397366278
128.5 -0.000598101657985
129.0 -0.000376720555209
129.5 -0.000280856920845
130.0 -9.97599923664e-05
130.5 9.73957571588e-05
131.0 9.84598804408e-05
131.5 0.000379720205686
132.0 0.000368373979853
132.5 0.000771242159068
133.0 0.000941623824666
133.5 0.000631979074853
134.0 0.000811436375052
134.5 0.000886173835426
135.0 0.000961303229893
135.5 0.00103234555517
136.0 0.00135956857597
136.5 0.00122907154245
137.0 0.0014469951791
137.5 0.00143248131878
138.0 0.00141357176685
138.5 0.00146917645236
139.0 0.00158843436833
139.5 0.00141091301091
140.0 0.00164948190509
140.5 0.00191511004474
141.0 0.00199416575224
141.5 0.00187498297284
142.0 0.00197089317884
142.5 0.0019732847988
143.0 0.0019837029351
143.5 0.0019865829381
144.0 0.00202626286537
144.5 0.00205896146523
145.0 0.00226411775442
145.5 0.00217510697214
146.0 0.00227627242056
146.5 0.00233310162569
147.0 0.00239762873797
147.5 0.00244455752946
148.0 0.00250500698234
148.5 0.00260069057377
149.0 0.00268147224351
149.5 0.00285694504123
150.0 0.00303993896103
150.5 0.00289601497494
151.0 0.00291452125355
151.5 0.00292214914754
152.0 0.00288529696655
152.5 0.00288838323327
153.0 0.0029848974173
153.5 0.00308323650853
154.0 0.00315440461376
154.5 0.00321270746521
155.0 0.00327237144257
155.5 0.00337646980699
156.0 0.00354998981036
156.5 0.00344581027433
157.0 0.00333218703932
157.5 0.0034038589496
158.0 0.00351502602859
158.5 0.0036626991639
159.0 0.00373507429632
159.5 0.00378238227298
160.0 0.00390342110212
160.5 0.00397379782138
161.0 0.00414899831515
161.5 0.00429038625578
162.0 0.00430694958932
162.5 0.00432036902715
163.0 0.00437154895604
163.5 0.00441069495076
164.0 0.00441520797077
164.5 0.00444889972198
165.0 0.00457889674475
165.5 0.00434719332448
166.0 0.00454536242167
166.5 0.00491251118121
167.0 0.00501034477929
167.5 0.00524565363199
168.0 0.00545763041591
168.5 0.00556613407203
169.0 0.00548367120278
169.5 0.00532772371726
170.0 0.00576151622796
170.5 0.00595293750925
171.0 0.00615299266607
171.5 0.0064815179523
172.0 0.00672253051364
172.5 0.00709670909735
173.0 0.00737671914979
173.5 0.00714060501609
174.0 0.006826506002
174.5 0.00712167440491
175.0 0.00725372986423
175.5 0.00685105640967
176.0 0.00705038227237
176.5 0.00751279485944
177.0 0.00805642669719
177.5 0.00778578172695
178.0 0.00601693577602
178.5 0.00403706927239
179.0 -0.000137900286177
179.5 -0.00161033152038
180.0 -0.000378046546857
180.5 -0.00164536299562
181.0 0.000894047576352
181.5 0.00260202314809
182.0 0.00171693374089
182.5 0.00349288680114
183.0 0.00276852871055
183.5 0.00301297878129
184.0 0.003149423309
184.5 0.00354973209279
185.0 0.00297434809114
185.5 0.00235674475846
186.0 0.00307545985342
186.5 0.00283321825519
187.0 0.0025197023875
187.5 0.00222905718196
188.0 0.00193027168709
188.5 0.00175502700603
189.0 0.00167461531524
189.5 0.00122744355139
190.0 0.00087401787782
190.5 0.000418473309495
191.0 0.0001802784642
191.5 -0.000193497555685
192.0 -0.000572682159657
192.5 -0.0010131660538
193.0 -0.00167900551104
193.5 -0.00216046259598
194.0 -0.00305504176302
194.5 -0.00395938267147
195.0 -0.00472357407436
195.5 -0.00640645632272
196.0 -0.0076060692664
196.5 -0.00882300318446
197.0 -0.0118103714923
197.5 -0.0142851001445
198.0 -0.0196404626041
198.5 -0.0256977222578
199.0 -0.0415514197238
199.5 -0.0649846625668
