0.0 0.0095654077174
0.5 0.0266478988654
1.0 0.0390151480513
1.5 0.0350822289488
2.0 0.0322485474508
2.5 0.0301331098707
3.0 0.0291278476975
3.5 0.0280706351734
4.0 0.0274010878178
4.5 0.0267033487113
5.0 0.0262563459481
5.5 0.0256938575005
6.0 0.0254237538272
6.5 0.0251913344521
7.0 0.0250931513185
7.5 0.0249559258681
8.0 0.0248699480553
8.5 0.0248143560944
9.0 0.0248150141136
9.5 0.0247690970139
10.0 0.0247655212447
10.5 0.0247947511662
11.0 0.0247406632588
11.5 0.0248171747414
12.0 0.0249156917083
12.5 0.0250063747576
13.0 0.0250542487941
13.5 0.0250579529509
14.0 0.0251826907786
14.5 0.0252915506185
15.0 0.02542271588
15.5 0.0254944318419
16.0 0.0255681216376
16.5 0.0256678937481
17.0 0.0257819711189
17.5 0.0258779462719
18.0 0.0259294323802
18.5 0.0260173362225
19.0 0.026101995859
19.5 0.0260939057067
20.0 0.0261445421614
20.5 0.0261787103566
21.0 0.0261904891517
21.5 0.0261812350272
22.0 0.0261536692714
22.5 0.0261073320402
23.0 0.026010383407
23.5 0.025900217107
24.0 0.025756586803
24.5 0.02558937223
25.0 0.0254060881046
25.5 0.0251580802103
26.0 0.0248710968005
26.5 0.0245578806963
27.0 0.0242030380861
27.5 0.0238016507458
28.0 0.0233427131124
28.5 0.0228063350677
29.0 0.0222472778765
29.5 0.021601041409
30.0 0.0209133198838
30.5 0.0201523487631
31.0 0.0193108827017
31.5 0.0184169990279
32.0 0.0174489378391
32.5 0.0164016834713
33.0 0.0152864025037
33.5 0.0141059498149
34.0 0.0128175062331
34.5 0.0114611927437
35.0 0.0100192126453
35.5 0.00849020365688
36.0 0.0068675253351
36.5 0.00517133407085
37.0 0.00340180756671
37.5 0.00156455984696
38.0 -0.000347826551041
38.5 -0.00237289973164
39.0 -0.00444213311545
39.5 -0.00660783400688
40.0 -0.00886666322261
40.5 -0.0111891414578
41.0 -0.0135790908378
41.5 -0.016060389963
42.0 -0.0185690979906
42.5 -0.0211123013079
43.0 -0.0237423936455
43.5 -0.0264610884897
44.0 -0.0292260831653
44.5 -0.0320400679215
45.0 -0.0349221498051
45.5 -0.0378524607525
46.0 -0.0408284383781
46.5 -0.0438700106794
47.0 -0.0469238586601
47.5 -0.0500013865704
48.0 -0.0531472141721
48.5 -0.0562886448502
49.0 -0.0594341325966
49.5 -0.06258573409
50.0 -0.0657623432387
50.5 -0.0689843251932
51.0 -0.0721967425225
51.5 -0.07539780113
52.0 -0.0785491042112
52.5 -0.0816331848425
53.0 -0.0846986073539
53.5 -0.0877088654465
54.0 -0.0906236409672
54.5 -0.093491207828
55.0 -0.0962347398937
55.5 -0.0988344036797
56.0 -0.101277614422
56.5 -0.103592286156
57.0 -0.105752374714
57.5 -0.107675727035
58.0 -0.109381821645
58.5 -0.110812104245
59.0 -0.111962299561
59.5 -0.112880448428
60.0 -0.113372663718
60.5 -0.113555047509
61.0 -0.113425778293
61.5 -0.112888013831
62.0 -0.112019598217
62.5 -0.110826983497
63.0 -0.109260501908
63.5 -0.10736644889
64.0 -0.10517200641
64.5 -0.102683995987
65.0 -0.0998916329969
65.5 -0.0968639951907
66.0 -0.093644367503
66.5 -0.0902640818102
67.0 -0.0867709197988
67.5 -0.0832266113808
68.0 -0.0795784558391
68.5 -0.0759081101187
69.0 -0.0722523842476
69.5 -0.0686287753175
70.0 -0.065036406711
70.5 -0.0615012228834
71.0 -0.0580622473744
71.5 -0.0547330630986
72.0 -0.0514573429815
72.5 -0.0483282532113
73.0 -0.0453522988458
73.5 -0.0424414924297
74.0 -0.0396844204705
74.5 -0.0370291829159
75.0 -0.0344803146622
75.5 -0.0320994733255
76.0 -0.0298121530901
76.5 -0.0276107525226
77.0 -0.0255416426439
77.5 -0.023569285289
78.0 -0.0217360595394
78.5 -0.0199606924078
79.0 -0.0183408701355
79.5 -0.0167784767687
80.0 -0.0153142109579
80.5 -0.0139644580391
81.0 -0.0126519718004
81.5 -0.0114724762774
82.0 -0.0102884870243
82.5 -0.00915287194719
83.0 -0.00814843201197
83.5 -0.00722803379992
84.0 -0.00636071566272
84.5 -0.00547470187018
85.0 -0.00469045786883
85.5 -0.00404437107808
86.0 -0.0033227796542
86.5 -0.00266819319341
87.0 -0.00206192031879
87.5 -0.00149805190997
88.0 -0.0010100867279
88.5 -0.000498696286805
89.0 -7.33436247984e-05
89.5 0.000433891791271
90.0 0.000795462445399
90.5 0.00108414022215
91.0 0.00142726239416
91.5 0.00176823024979
92.0 0.00205472288639
92.5 0.00231713655948
93.0 0.00251521676065
93.5 0.00266845074449
94.0 0.00287364221309
94.5 0.00312743134011
95.0 0.00322861748037
95.5 0.00322971718276
96.0 0.00328701839961
96.5 0.00348399133449
97.0 0.00362770543171
97.5 0.0036759546052
98.0 0.00375231466056
98.5 0.00388477702922
99.0 0.00390360778276
99.5 0.00377646264672
100.0 0.00380236193373
100.5 0.00398296454525
101.0 0.00398563066128
101.5 0.00400147834869
102.0 0.0039374587158
102.5 0.00379266038127
103.0 0.00379101478311
103.5 0.00376621464049
104.0 0.00360485316154
104.5 0.00349670540512
105.0 0.0033320181506
105.5 0.00335506021979
106.0 0.0031803586749
106.5 0.00310390327763
107.0 0.00297455270691
107.5 0.00278796628292
108.0 0.00260884927769
108.5 0.0025205911636
109.0 0.00244810014325
109.5 0.00211013097725
110.0 0.00167723524228
110.5 0.00160174261125
111.0 0.00163671550465
111.5 0.00152836283495
112.0 0.00115913305325
112.5 0.00060222889978
113.0 0.000602227084471
113.5 0.000517759900532
114.0 0.000207597389632
114.5 -0.000254114460049
115.0 -0.000498027684912
115.5 -7.79575402845e-05
116.0 0.000392088175388
116.5 8.4910965569e-05
117.0 -1.35944574282e-05
117.5 -0.00125296271793
118.0 -0.000196333421769
118.5 0.00186579395178
119.0 0.0043065316582
119.5 0.0127908833265
120.0 0.0137065985686
120.5 0.00998085651949
121.0 0.00611295014191
121.5 0.00123758625784
122.0 6.56209841736e-05
122.5 -0.000168604216825
123.0 0.000432226967149
123.5 -0.000151637198329
124.0 -0.000788351252027
124.5 -0.00100687229441
125.0 -0.000964550522099
125.5 -0.000864211109572
126.0 -0.000912057246566
126.5 -0.0012053959079
127.0 -0.000689905233898
127.5 -0.000311302700524
128.0 -0.00027687793137
128.5 -0.00036445738283
129.0 -4.14977853467e-05
129.5 0.000628287712068
130.0 -0.000102797690893
130.5 -0.000161138709544
131.0 0.000466427591789
131.5 0.000805024193816
132.0 0.000742026127227
132.5 0.000541235176932
133.0 0.000654726672693
133.5 0.0010806032755
134.0 0.00121717069368
134.5 0.00112621354957
135.0 0.00125925975517
135.5 0.00148939891501
136.0 0.00134148159571
136.5 0.0013709336505
137.0 0.00153265342903
137.5 0.00151589067423
138.0 0.00161195878407
138.5 0.00177202886912
139.0 0.00191596405888
139.5 0.00164229615936
140.0 0.00172840303518
140.5 0.00174527283831
141.0 0.00223949083731
141.5 0.00192678501429
142.0 0.00190031481833
142.5 0.00194213535744
143.0 0.00208177252121
143.5 0.00214922259558
144.0 0.00217378849475
144.5 0.00234249448134
145.0 0.00253465761989
145.5 0.00231628087403
146.0 0.00240566482048
146.5 0.00259900558294
147.0 0.00250637498034
147.5 0.00250721318797
148.0 0.00267013145993
148.5 0.0027478043473
149.0 0.00263786506176
149.5 0.00269520637236
150.0 0.00280919650073
150.5 0.00287259023021
151.0 0.00292753843858
151.5 0.00299085074057
152.0 0.00305601871427
152.5 0.00311371909016
153.0 0.00325650106095
153.5 0.00331123455666
154.0 0.00322468227242
154.5 0.0032541097726
155.0 0.00327203369887
155.5 0.00328060895329
156.0 0.00335895242442
156.5 0.00337281365459
157.0 0.00342398358042
157.5 0.00346119852094
158.0 0.0034582299141
158.5 0.00352161226153
159.0 0.0034803580415
159.5 0.00339924643506
160.0 0.00361255840246
160.5 0.00372032834351
161.0 0.00378306644443
161.5 0.00386475548914
162.0 0.00395511095186
162.5 0.00415267571703
163.0 0.00433579852716
163.5 0.00439629023182
164.0 0.00432823254067
164.5 0.00431693689203
165.0 0.00443874328811
165.5 0.00412100549203
166.0 0.00427819524025
166.5 0.00464484559011
167.0 0.00483396891847
167.5 0.00477183525457
168.0 0.00492361657604
168.5 0.00524536029292
169.0 0.00520609965017
169.5 0.00498343091318
170.0 0.00533318633948
170.5 0.00547860411039
171.0 0.0058328336544
171.5 0.00614220494202
172.0 0.0057906268744
172.5 0.00617562545567
173.0 0.00671477399615
173.5 0.00651566204843
174.0 0.00612376347524
174.5 0.00637992730317
175.0 0.00650502676513
175.5 0.00609720398178
176.0 0.00645100094825
176.5 0.00679170887318
177.0 0.0066404816172
177.5 0.0061425034082
178.0 0.00530586615854
178.5 0.00339028892795
179.0 -2.86048747569e-05
179.5 -0.00323550383197
180.0 -0.0029542191689
180.5 -0.00210924432797
181.0 0.00110974123911
181.5 0.00209292695612
182.0 0.00329522411754
182.5 0.0043588102464
183.0 0.00359288945852
183.5 0.00380829992548
184.0 0.00367362330249
184.5 0.00361000642533
185.0 0.00352416791
185.5 0.00309754409507
186.0 0.00381489158973
186.5 0.00355715106507
187.0 0.00334089323667
187.5 0.00313324096312
188.0 0.0029124674539
188.5 0.00263297644867
189.0 0.00235784597788
189.5 0.0020792713827
190.0 0.00184252319727
190.5 0.00158443428846
191.0 0.00128150834996
191.5 0.00086071701152
192.0 0.000512304631229
192.5 0.000327337453939
193.0 -0.000240005079135
193.5 -0.000842359003457
194.0 -0.00140619983388
194.5 -0.00204826697471
195.0 -0.00257972828078
195.5 -0.00370494284091
196.0 -0.00536007464225
196.5 -0.00643489521792
197.0 -0.00755469478054
197.5 -0.00794302727179
198.0 -0.0123260118232
198.5 -0.0182226722729
199.0 -0.0276257823392
199.5 -0.044164750101
