0.0 0.0015
0.5 0.02155
1.0 0.01868
1.5 0.01363
2.0 0.01071
2.5 0.00836
3.0 0.00713
3.5 0.00605
4.0 0.00504
4.5 0.00421
5.0 0.0031
5.5 0.0025
6.0 0.00191
6.5 0.00137
7.0 0.000930000000001
7.5 0.000450000000001
8.0 2.99999999998e-05
8.5 -0.00036
9.0 -0.00074
9.5 -0.0011
10.0 -0.0016
10.5 -0.00193
11.0 -0.0023
11.5 -0.00262
12.0 -0.00296
12.5 -0.00327
13.0 -0.0036
13.5 -0.00393
14.0 -0.00424
14.5 -0.00453
15.0 -0.00485
15.5 -0.00517
16.0 -0.00547
16.5 -0.00575
17.0 -0.00604
17.5 -0.00636
18.0 -0.00664
18.5 -0.00694
19.0 -0.00721
19.5 -0.00751
20.0 -0.00781
20.5 -0.0081
21.0 -0.00836
21.5 -0.0086
22.0 -0.00889
22.5 -0.00911
23.0 -0.0094
23.5 -0.00963
24.0 -0.0099
24.5 -0.01017
25.0 -0.01042
25.5 -0.01065
26.0 -0.01087
26.5 -0.01109
27.0 -0.01132
27.5 -0.01153
28.0 -0.01171
28.5 -0.01194
29.0 -0.01215
29.5 -0.01235
30.0 -0.01254
30.5 -0.01273
31.0 -0.01291
31.5 -0.0131
32.0 -0.01325
32.5 -0.0134
33.0 -0.01355
33.5 -0.01369
34.0 -0.01382
34.5 -0.01393
35.0 -0.01405
35.5 -0.0142
36.0 -0.01431
36.5 -0.0144
37.0 -0.01445
37.5 -0.01451
38.0 -0.0146
38.5 -0.01466
39.0 -0.01469
39.5 -0.01479
40.0 -0.01476
40.5 -0.01482
41.0 -0.01483
41.5 -0.01483
42.0 -0.01483
42.5 -0.01481
43.0 -0.01481
43.5 -0.01476
44.0 -0.01474
44.5 -0.01473
45.0 -0.01465
45.5 -0.01462
46.0 -0.01456
46.5 -0.01451
47.0 -0.01442
47.5 -0.01429
48.0 -0.01423
48.5 -0.01413
49.0 -0.01403
49.5 -0.01397
50.0 -0.01386
50.5 -0.01372
51.0 -0.0136
51.5 -0.01345
52.0 -0.01331
52.5 -0.01319
53.0 -0.01306
53.5 -0.01292
54.0 -0.01272
54.5 -0.01262
55.0 -0.01249
55.5 -0.01229
56.0 -0.01216
56.5 -0.01196
57.0 -0.01181
57.5 -0.01163
58.0 -0.01151
58.5 -0.01135
59.0 -0.0112
59.5 -0.01102
60.0 -0.01086
60.5 -0.01067
61.0 -0.01048
61.5 -0.01032
62.0 -0.01012
62.5 -0.00996
63.0 -0.00975
63.5 -0.00957
64.0 -0.00945
64.5 -0.0093
65.0 -0.0091
65.5 -0.00896
66.0 -0.00871
66.5 -0.00856
67.0 -0.00842
67.5 -0.00824
68.0 -0.00807
68.5 -0.00796
69.0 -0.00784
69.5 -0.00767
70.0 -0.00749
70.5 -0.00737
71.0 -0.00722
71.5 -0.00705
72.0 -0.00686
72.5 -0.00671
73.0 -0.00661
73.5 -0.00651
74.0 -0.00638
74.5 -0.00623
75.0 -0.00606
75.5 -0.00594
76.0 -0.00589
76.5 -0.00567
77.0 -0.0055
77.5 -0.0054
78.0 -0.00535
78.5 -0.00528
79.0 -0.00509
79.5 -0.00501
80.0 -0.00491
80.5 -0.00484
81.0 -0.00468
81.5 -0.00458
82.0 -0.00444
82.5 -0.00434
83.0 -0.00432
83.5 -0.00424
84.0 -0.00409
84.5 -0.00409
85.0 -0.00399
85.5 -0.00399
86.0 -0.00386
86.5 -0.00374
87.0 -0.00359
87.5 -0.00354
88.0 -0.00358
88.5 -0.00353
89.0 -0.00343
89.5 -0.00331
90.0 -0.0033
90.5 -0.00334
91.0 -0.00328
91.5 -0.00318
92.0 -0.00313
92.5 -0.0031
93.0 -0.00311
93.5 -0.00314
94.0 -0.00302
94.5 -0.0029
95.0 -0.00294
95.5 -0.00296
96.0 -0.00288
96.5 -0.00286
97.0 -0.0029
97.5 -0.0028
98.0 -0.00285
98.5 -0.00284
99.0 -0.00284
99.5 -0.00284
100.0 -0.0026
100.5 -0.00257
101.0 -0.0025
101.5 -0.0024
102.0 -0.0026
102.5 -0.0027
103.0 -0.0027
103.5 -0.0029
104.0 -0.0031
104.5 -0.0031
105.0 -0.0026
105.5 -0.0028
106.0 -0.0029
106.5 -0.003
107.0 -0.003
107.5 -0.0031
108.0 -0.0033
108.5 -0.0032
109.0 -0.0033
109.5 -0.0032
110.0 -0.0032
110.5 -0.0031
111.0 -0.0035
111.5 -0.004
112.0 -0.004
112.5 -0.004
113.0 -0.0041
113.5 -0.0044
114.0 -0.0043
114.5 -0.004
115.0 -0.0035
115.5 -0.0033
116.0 -0.0037
116.5 -0.0035
117.0 -0.0028
117.5 -0.0033
118.0 -0.000400000000001
118.5 0.0014
119.0 0.0053
119.5 0.0101
120.0 0.0054
120.5 0.0018
121.0 -0.0012
121.5 -0.007
122.0 -0.0068
122.5 -0.0086
123.0 -0.00621
123.5 -0.00536
124.0 -0.00608
124.5 -0.00535
125.0 -0.00518
125.5 -0.00543
126.0 -0.00546
126.5 -0.00546
127.0 -0.00542
127.5 -0.0052
128.0 -0.00458
128.5 -0.00473
129.0 -0.00558
129.5 -0.00456
130.0 -0.00444
130.5 -0.00426
131.0 -0.00418
131.5 -0.00363
132.0 -0.00365
132.5 -0.00367
133.0 -0.00366
133.5 -0.00344
134.0 -0.0027
134.5 -0.00329
135.0 -0.00297
135.5 -0.00294
136.0 -0.00289
136.5 -0.00239
137.0 -0.00223
137.5 -0.00256
138.0 -0.00231
138.5 -0.00235
139.0 -0.00223
139.5 -0.00211
140.0 -0.00202
140.5 -0.00215
141.0 -0.00209
141.5 -0.0015
142.0 -0.0015
142.5 -0.0015
143.0 -0.00141
143.5 -0.00133
144.0 -0.0013
144.5 -0.00135
145.0 -0.00167
145.5 -0.00126
146.0 -0.00051
146.5 -0.00094
147.0 -0.00087
147.5 -0.00071
148.0 -0.000582
148.5 -0.000677
149.0 -0.000568
149.5 -0.00072
150.0 -0.0009128
150.5 -0.000657
151.0 -0.000179
151.5 9.00000000009e-06
152.0 -8.4e-05
152.5 0.000156
153.0 0.00012
153.5 -9.99999999998e-05
154.0 1.00000000001e-05
154.5 0.00029
155.0 0.00034
155.5 0.00043
156.0 0.000620000000001
156.5 0.00064
157.0 0.00061
157.5 0.00069
158.0 0.0006
158.5 0.00041
159.0 0.00042
159.5 0.00079
160.0 0.0013
160.5 0.00077
161.0 0.000890000000001
161.5 0.0011
162.0 0.00155
162.5 0.00178
163.0 0.00175
163.5 0.00131
164.0 0.00129
164.5 0.00154
165.0 0.00204
165.5 0.00217
166.0 0.00189
166.5 0.00162
167.0 0.00221
167.5 0.00254
168.0 0.00252
168.5 0.00252
169.0 0.00284
169.5 0.00294
170.0 0.00314
170.5 0.00333
171.0 0.00321
171.5 0.00369
172.0 0.00341
172.5 0.00313
173.0 0.00347
173.5 0.00377
174.0 0.00422
174.5 0.00426
175.0 0.00384
175.5 0.00318
176.0 0.00322
176.5 0.00399
177.0 0.0043
177.5 0.00502
178.0 0.0023
178.5 0.0016
179.0 -0.0034
179.5 -0.0083
180.0 -0.0075
180.5 -0.0054
181.0 -0.000999999999999
181.5 0.000999999999999
182.0 0.0014
182.5 0.0019
183.0 0.0023
183.5 0.0029
184.0 0.003
184.5 0.0025
185.0 0.0024
185.5 0.0017
186.0 0.0015
186.5 0.0018
187.0 0.0016
187.5 0.0014
188.0 0.000899999999998
188.5 0.000899999999998
189.0 0.000500000000001
189.5 0.0002
190.0 9.99999999998e-05
190.5 -0.000500000000001
191.0 -0.000599999999999
191.5 -0.0009
192.0 -0.0013
192.5 -0.0015
193.0 -0.002
193.5 -0.0022
194.0 -0.0032
194.5 -0.0038
195.0 -0.0042
195.5 -0.0061
196.0 -0.007
196.5 -0.008
197.0 -0.0093
197.5 -0.00998
198.0 -0.01445
198.5 -0.01993
199.0 -0.02979
199.5 -0.04623
