0.0 -0.00162
0.5 0.01711
1.0 0.01135
1.5 0.0072
2.0 0.00483
2.5 0.00267
3.0 0.0015
3.5 0.00019
4.0 -0.00044
4.5 -0.00111
5.0 -0.00179
5.5 -0.0023
6.0 -0.00285
6.5 -0.00333
7.0 -0.00365
7.5 -0.00405
8.0 -0.00441
8.5 -0.00473
9.0 -0.00501
9.5 -0.00527
10.0 -0.00556
10.5 -0.00583
11.0 -0.0061
11.5 -0.00633
12.0 -0.00654
12.5 -0.00677
13.0 -0.00706
13.5 -0.00722
14.0 -0.0074
14.5 -0.00766
15.0 -0.00782
15.5 -0.00802
16.0 -0.0082
16.5 -0.00836
17.0 -0.00852
17.5 -0.00868
18.0 -0.00883
18.5 -0.00899
19.0 -0.00912
19.5 -0.0093
20.0 -0.00941
20.5 -0.00956
21.0 -0.00968
21.5 -0.00978
22.0 -0.00993
22.5 -0.01001
23.0 -0.01013
23.5 -0.01021
24.0 -0.01034
24.5 -0.01042
25.0 -0.0105
25.5 -0.01058
26.0 -0.01062
26.5 -0.01069
27.0 -0.01075
27.5 -0.01079
28.0 -0.01079
28.5 -0.01086
29.0 -0.01089
29.5 -0.01094
30.0 -0.01095
30.5 -0.01097
31.0 -0.01099
31.5 -0.011
32.0 -0.01098
32.5 -0.01098
33.0 -0.01096
33.5 -0.01098
34.0 -0.01093
34.5 -0.0109
35.0 -0.01088
35.5 -0.01089
36.0 -0.01086
36.5 -0.0108
37.0 -0.01072
37.5 -0.01066
38.0 -0.01061
38.5 -0.01058
39.0 -0.01048
39.5 -0.01046
40.0 -0.01036
40.5 -0.01031
41.0 -0.01022
41.5 -0.01014
42.0 -0.01004
42.5 -0.00993
43.0 -0.00986
43.5 -0.00975
44.0 -0.00966
44.5 -0.0096
45.0 -0.00948
45.5 -0.00937
46.0 -0.00926
46.5 -0.00918
47.0 -0.00905
47.5 -0.00891
48.0 -0.00882
48.5 -0.00869
49.0 -0.00861
49.5 -0.00852
50.0 -0.00843
50.5 -0.00828
51.0 -0.00816
51.5 -0.00804
52.0 -0.00791
52.5 -0.00777
53.0 -0.00767
53.5 -0.00757
54.0 -0.00739
54.5 -0.00733
55.0 -0.00721
55.5 -0.00705
56.0 -0.00693
56.5 -0.0068
57.0 -0.0067
57.5 -0.00657
58.0 -0.00649
58.5 -0.00639
59.0 -0.00627
59.5 -0.00616
60.0 -0.00605
60.5 -0.00595
61.0 -0.0058
61.5 -0.00572
62.0 -0.00562
62.5 -0.00549
63.0 -0.00539
63.5 -0.00531
64.0 -0.00522
64.5 -0.00509
65.0 -0.00499
65.5 -0.0049
66.0 -0.00478
66.5 -0.00472
67.0 -0.00462
67.5 -0.00448
68.0 -0.00441
68.5 -0.00437
69.0 -0.00431
69.5 -0.00421
70.0 -0.00411
70.5 -0.00403
71.0 -0.00399
71.5 -0.0039
72.0 -0.00373
72.5 -0.00364
73.0 -0.00362
73.5 -0.00359
74.0 -0.00359
74.5 -0.00351
75.0 -0.00332
75.5 -0.00329
76.0 -0.00327
76.5 -0.00313
77.0 -0.00301
77.5 -0.00296
78.0 -0.00295
78.5 -0.00292
79.0 -0.00286
79.5 -0.00281
80.0 -0.00275
80.5 -0.00275
81.0 -0.00268
81.5 -0.00267
82.0 -0.00255
82.5 -0.00249
83.0 -0.00248
83.5 -0.00243
84.0 -0.00237
84.5 -0.00236
85.0 -0.00236
85.5 -0.00234
86.0 -0.0023
86.5 -0.00227
87.0 -0.00222
87.5 -0.00217
88.0 -0.00222
88.5 -0.00224
89.0 -0.0021
89.5 -0.0022
90.0 -0.00218
90.5 -0.00222
91.0 -0.00211
91.5 -0.00203
92.0 -0.00201
92.5 -0.0021
93.0 -0.00215
93.5 -0.0021
94.0 -0.00197
94.5 -0.00196
95.0 -0.00195
95.5 -0.00208
96.0 -0.00213
96.5 -0.0022
97.0 -0.00213
97.5 -0.00198
98.0 -0.00211
98.5 -0.0022
99.0 -0.00208
99.5 -0.00217
100.0 -0.00214
100.5 -0.002
101.0 -0.002
101.5 -0.0022
102.0 -0.0025
102.5 -0.0025
103.0 -0.0024
103.5 -0.0025
104.0 -0.0026
104.5 -0.0026
105.0 -0.0024
105.5 -0.0024
106.0 -0.0026
106.5 -0.0028
107.0 -0.0026
107.5 -0.0026
108.0 -0.0033
108.5 -0.0031
109.0 -0.0031
109.5 -0.0033
110.0 -0.0034
110.5 -0.0034
111.0 -0.0035
111.5 -0.0034
112.0 -0.0034
112.5 -0.0037
113.0 -0.004
113.5 -0.0043
114.0 -0.0044
114.5 -0.0044
115.0 -0.0042
115.5 -0.0038
116.0 -0.004
116.5 -0.003
117.0 -0.0024
117.5 -0.0035
118.0 -0.0025
118.5 -0.000900000000001
119.0 0.0006
119.5 0.0056
120.0 0.0044
120.5 0.003
121.0 0.0019
121.5 -0.002
122.0 -0.0053
122.5 -0.0053
123.0 -0.00521
123.5 -0.00542
124.0 -0.00566
124.5 -0.00469
125.0 -0.00406
125.5 -0.00471
126.0 -0.00444
126.5 -0.00454
127.0 -0.00386
127.5 -0.00408
128.0 -0.0043
128.5 -0.00392
129.0 -0.00383
129.5 -0.00356
130.0 -0.00339
130.5 -0.00317
131.0 -0.0037
131.5 -0.0029
132.0 -0.00253
132.5 -0.00269
133.0 -0.00285
133.5 -0.00278
134.0 -0.00219
134.5 -0.00203
135.0 -0.00186
135.5 -0.00241
136.0 -0.00229
136.5 -0.00198
137.0 -0.00162
137.5 -0.00187
138.0 -0.0017
138.5 -0.00171
139.0 -0.00162
139.5 -0.00178
140.0 -0.00139
140.5 -0.00116
141.0 -0.00146
141.5 -0.00139
142.0 -0.00111
142.5 -0.00088
143.0 -0.00079
143.5 -0.00079
144.0 -0.00091
144.5 -0.00091
145.0 -0.00092
145.5 -0.00043
146.0 -0.00018
146.5 -0.00045
147.0 -0.00041
147.5 -0.0003
148.0 -0.000297
148.5 -0.000558
149.0 -0.000462
149.5 -0.000529
150.0 -0.0008274
150.5 -0.0001442
151.0 0.000319
151.5 0.000143
152.0 -0.000119
152.5 0.000156
153.0 0.00028
153.5 9.00000000001e-05
154.0 3e-05
154.5 0.00014
155.0 0.0002
155.5 8.00000000001e-05
156.0 0.00074
156.5 0.00078
157.0 0.00075
157.5 0.00089
158.0 0.00085
158.5 0.00073
159.0 0.00077
159.5 0.00097
160.0 0.00142
160.5 0.00099
161.0 0.00134
161.5 0.00142
162.0 0.00173
162.5 0.00182
163.0 0.00185
163.5 0.00142
164.0 0.0013
164.5 0.00168
165.0 0.0023
165.5 0.00252
166.0 0.00229
166.5 0.00236
167.0 0.00288
167.5 0.00315
168.0 0.00326
168.5 0.00324
169.0 0.00333
169.5 0.00342
170.0 0.00369
170.5 0.00402
171.0 0.00342
171.5 0.00414
172.0 0.00446
172.5 0.00423
173.0 0.00445
173.5 0.00478
174.0 0.00523
174.5 0.00538
175.0 0.00523
175.5 0.00508
176.0 0.00419
176.5 0.00492
177.0 0.00499
177.5 0.00602
178.0 0.0051
178.5 0.0044
179.0 0.0018
179.5 -0.0018
180.0 -0.0033
180.5 -0.0054
181.0 -0.0028
181.5 -0.000400000000001
182.0 -0.000499999999999
182.5 9.99999999998e-05
183.0 -0.000100000000002
183.5 0.0009
184.0 0.0009
184.5 0.0009
185.0 0.0011
185.5 0.0008
186.0 0.0007
186.5 0.0011
187.0 0.0012
187.5 0.000999999999999
188.0 0.0006
188.5 0.0006
189.0 0.000200000000001
189.5 0.0
190.0 0.0
190.5 -0.000499999999999
191.0 -0.000699999999998
191.5 -0.0011
192.0 -0.0015
192.5 -0.0015
193.0 -0.0023
193.5 -0.0026
194.0 -0.0033
194.5 -0.0038
195.0 -0.0045
195.5 -0.0055
196.0 -0.007
196.5 -0.008
197.0 -0.0095
197.5 -0.01068
198.0 -0.01473
198.5 -0.01982
199.0 -0.02939
199.5 -0.045
