0.0 0.00071
0.5 0.01076
1.0 0.00828
1.5 0.00556
2.0 0.00371
2.5 0.0018
3.0 0.00074
3.5 0.00027
4.0 -0.00031
4.5 -0.00095
5.0 -0.00164
5.5 -0.00213
6.0 -0.00262
6.5 -0.00304
7.0 -0.00335
7.5 -0.00371
8.0 -0.00403
8.5 -0.00443
9.0 -0.00464
9.5 -0.00492
10.0 -0.00522
10.5 -0.00547
11.0 -0.00573
11.5 -0.00597
12.0 -0.00617
12.5 -0.00643
13.0 -0.00674
13.5 -0.00694
14.0 -0.00713
14.5 -0.00734
15.0 -0.00755
15.5 -0.00776
16.0 -0.00797
16.5 -0.00817
17.0 -0.00833
17.5 -0.00852
18.0 -0.00871
18.5 -0.00892
19.0 -0.00906
19.5 -0.00923
20.0 -0.00937
20.5 -0.00956
21.0 -0.00971
21.5 -0.00983
22.0 -0.00999
22.5 -0.0101
23.0 -0.01024
23.5 -0.01035
24.0 -0.01051
24.5 -0.01062
25.0 -0.01073
25.5 -0.01083
26.0 -0.01092
26.5 -0.01102
27.0 -0.01112
27.5 -0.01117
28.0 -0.0112
28.5 -0.0113
29.0 -0.01136
29.5 -0.01142
30.0 -0.01148
30.5 -0.01155
31.0 -0.01157
31.5 -0.01161
32.0 -0.01162
32.5 -0.01165
33.0 -0.01166
33.5 -0.01169
34.0 -0.01168
34.5 -0.01166
35.0 -0.01169
35.5 -0.01168
36.0 -0.0117
36.5 -0.01166
37.0 -0.01159
37.5 -0.01154
38.0 -0.01152
38.5 -0.0115
39.0 -0.01141
39.5 -0.0114
40.0 -0.01132
40.5 -0.01126
41.0 -0.0112
41.5 -0.01115
42.0 -0.01104
42.5 -0.01093
43.0 -0.01087
43.5 -0.01077
44.0 -0.01068
44.5 -0.01063
45.0 -0.0105
45.5 -0.01041
46.0 -0.01032
46.5 -0.01023
47.0 -0.01012
47.5 -0.00999
48.0 -0.00988
48.5 -0.00973
49.0 -0.00964
49.5 -0.00956
50.0 -0.00944
50.5 -0.0093
51.0 -0.00916
51.5 -0.00907
52.0 -0.00892
52.5 -0.00879
53.0 -0.00868
53.5 -0.00856
54.0 -0.00837
54.5 -0.00828
55.0 -0.00819
55.5 -0.00806
56.0 -0.00792
56.5 -0.00777
57.0 -0.00764
57.5 -0.0075
58.0 -0.00741
58.5 -0.00727
59.0 -0.00717
59.5 -0.00705
60.0 -0.00693
60.5 -0.00678
61.0 -0.00663
61.5 -0.00652
62.0 -0.00639
62.5 -0.00627
63.0 -0.00615
63.5 -0.00604
64.0 -0.00594
64.5 -0.00585
65.0 -0.00573
65.5 -0.00558
66.0 -0.00544
66.5 -0.00535
67.0 -0.00523
67.5 -0.00515
68.0 -0.00504
68.5 -0.00496
69.0 -0.00492
69.5 -0.00481
70.0 -0.00471
70.5 -0.00456
71.0 -0.0045
71.5 -0.00439
72.0 -0.00429
72.5 -0.00418
73.0 -0.00409
73.5 -0.00405
74.0 -0.00404
74.5 -0.00392
75.0 -0.00379
75.5 -0.00374
76.0 -0.0037
76.5 -0.00356
77.0 -0.00344
77.5 -0.00336
78.0 -0.00336
78.5 -0.00332
79.0 -0.00326
79.5 -0.00322
80.0 -0.00307
80.5 -0.00307
81.0 -0.00298
81.5 -0.00293
82.0 -0.00282
82.5 -0.00273
83.0 -0.00275
83.5 -0.00269
84.0 -0.00263
84.5 -0.00261
85.0 -0.00261
85.5 -0.00257
86.0 -0.00252
86.5 -0.00252
87.0 -0.00243
87.5 -0.00234
88.0 -0.0024
88.5 -0.0024
89.0 -0.0022
89.5 -0.00226
90.0 -0.00224
90.5 -0.00225
91.0 -0.00224
91.5 -0.00218
92.0 -0.00214
92.5 -0.00215
93.0 -0.00219
93.5 -0.00221
94.0 -0.00218
94.5 -0.00219
95.0 -0.00225
95.5 -0.00222
96.0 -0.00211
96.5 -0.00216
97.0 -0.00214
97.5 -0.00197
98.0 -0.00213
98.5 -0.00227
99.0 -0.0022
99.5 -0.00225
100.0 -0.00228
100.5 -0.00213
101.0 -0.0022
101.5 -0.0022
102.0 -0.0023
102.5 -0.0024
103.0 -0.0023
103.5 -0.0023
104.0 -0.0025
104.5 -0.0025
105.0 -0.0024
105.5 -0.0024
106.0 -0.0025
106.5 -0.0026
107.0 -0.0026
107.5 -0.0028
108.0 -0.0032
108.5 -0.003
109.0 -0.0031
109.5 -0.0032
110.0 -0.0033
110.5 -0.0034
111.0 -0.0031
111.5 -0.0033
112.0 -0.0035
112.5 -0.0037
113.0 -0.0038
113.5 -0.004
114.0 -0.0038
114.5 -0.0033
115.0 -0.0037
115.5 -0.0033
116.0 -0.0035
116.5 -0.0036
117.0 -0.0034
117.5 -0.0048
118.0 -0.0017
118.5 0.0006
119.0 0.0035
119.5 0.0081
120.0 0.0049
120.5 0.0028
121.0 -0.0006
121.5 -0.0049
122.0 -0.0052
122.5 -0.008
123.0 -0.00637
123.5 -0.00486
124.0 -0.0045
124.5 -0.00458
125.0 -0.00496
125.5 -0.00512
126.0 -0.00503
126.5 -0.00462
127.0 -0.00409
127.5 -0.0039
128.0 -0.0041
128.5 -0.00452
129.0 -0.00437
129.5 -0.00374
130.0 -0.00335
130.5 -0.0033
131.0 -0.00394
131.5 -0.00333
132.0 -0.00281
132.5 -0.00285
133.0 -0.00285
133.5 -0.00281
134.0 -0.00236
134.5 -0.00232
135.0 -0.00248
135.5 -0.00225
136.0 -0.00232
136.5 -0.00208
137.0 -0.00174
137.5 -0.00197
138.0 -0.00182
138.5 -0.00177
139.0 -0.00144
139.5 -0.00156
140.0 -0.00134
140.5 -0.0015
141.0 -0.00167
141.5 -0.00122
142.0 -0.00093
142.5 -0.00079
143.0 -0.00076
143.5 -0.000770000000001
144.0 -0.00087
144.5 -0.00102
145.0 -0.00094
145.5 -0.0007
146.0 -0.00026
146.5 -0.00066
147.0 -0.00054
147.5 -0.00037
148.0 -0.000324
148.5 -0.000623
149.0 -0.000644
149.5 -0.000597
150.0 -0.0006895
150.5 -0.0005912
151.0 -4.2e-05
151.5 0.000118
152.0 2.6e-05
152.5 8.4e-05
153.0 7e-05
153.5 2.00000000001e-05
154.0 0.00012
154.5 0.00034
155.0 0.00015
155.5 0.0002
156.0 0.00052
156.5 0.00072
157.0 0.00074
157.5 0.00085
158.0 0.00079
158.5 0.0007
159.0 0.00076
159.5 0.00095
160.0 0.00135
160.5 0.00094
161.0 0.00126
161.5 0.00137
162.0 0.00152
162.5 0.00172
163.0 0.00186
163.5 0.00161
164.0 0.00171
164.5 0.00197
165.0 0.0024
165.5 0.00253
166.0 0.0019
166.5 0.00208
167.0 0.00261
167.5 0.00284
168.0 0.00316
168.5 0.00343
169.0 0.00342
169.5 0.00323
170.0 0.00382
170.5 0.00414
171.0 0.00409
171.5 0.00449
172.0 0.00481
172.5 0.00473
173.0 0.00463
173.5 0.00479
174.0 0.00574
174.5 0.00576
175.0 0.00489
175.5 0.00493
176.0 0.00495
176.5 0.00546
177.0 0.00523
177.5 0.00582
178.0 0.0026
178.5 0.000299999999999
179.0 -0.0024
179.5 -0.005
180.0 -0.0052
180.5 -0.0056
181.0 -0.0024
181.5 -0.0011
182.0 -0.000599999999999
182.5 0.0007
183.0 9.99999999998e-05
183.5 0.0007
184.0 0.0009
184.5 0.0014
185.0 0.0013
185.5 0.000899999999998
186.0 0.000900000000001
186.5 0.0007
187.0 0.000499999999999
187.5 0.000299999999999
188.0 0.0
188.5 -0.000100000000002
189.0 -0.000299999999999
189.5 -0.0008
190.0 -0.0008
190.5 -0.0015
191.0 -0.0018
191.5 -0.0021
192.0 -0.0026
192.5 -0.0029
193.0 -0.0036
193.5 -0.004
194.0 -0.0048
194.5 -0.0056
195.0 -0.0072
195.5 -0.0087
196.0 -0.01
196.5 -0.0117
197.0 -0.0141
197.5 -0.01648
198.0 -0.02216
198.5 -0.02949
199.0 -0.04515
199.5 -0.07078
