0.0 -1.00000000005e-05
0.5 0.01685
1.0 0.01136
1.5 0.00668
2.0 0.00481
2.5 0.00254
3.0 0.00116
3.5 0.000439999999999
4.0 -0.00033
4.5 -0.00104
5.0 -0.00173
5.5 -0.00225
6.0 -0.00276
6.5 -0.00333
7.0 -0.00374
7.5 -0.00406
8.0 -0.00434
8.5 -0.00465
9.0 -0.00491
9.5 -0.00531
10.0 -0.00556
10.5 -0.00581
11.0 -0.00606
11.5 -0.00626
12.0 -0.00654
12.5 -0.00679
13.0 -0.00698
13.5 -0.0072
14.0 -0.00739
14.5 -0.00758
15.0 -0.00777
15.5 -0.00796
16.0 -0.00812
16.5 -0.00829
17.0 -0.00842
17.5 -0.00858
18.0 -0.00873
18.5 -0.0089
19.0 -0.00905
19.5 -0.0092
20.0 -0.00931
20.5 -0.00946
21.0 -0.00956
21.5 -0.00966
22.0 -0.0098
22.5 -0.00986
23.0 -0.00995
23.5 -0.01003
24.0 -0.01015
24.5 -0.01023
25.0 -0.0103
25.5 -0.01038
26.0 -0.01044
26.5 -0.01048
27.0 -0.01056
27.5 -0.01057
28.0 -0.01058
28.5 -0.01064
29.0 -0.01067
29.5 -0.01071
30.0 -0.0107
30.5 -0.01072
31.0 -0.01074
31.5 -0.01076
32.0 -0.01074
32.5 -0.01072
33.0 -0.01069
33.5 -0.01071
34.0 -0.01066
34.5 -0.01063
35.0 -0.01062
35.5 -0.01061
36.0 -0.01059
36.5 -0.01054
37.0 -0.01045
37.5 -0.01037
38.0 -0.01034
38.5 -0.01029
39.0 -0.0102
39.5 -0.01017
40.0 -0.01006
40.5 -0.01002
41.0 -0.00994
41.5 -0.00986
42.0 -0.00977
42.5 -0.00967
43.0 -0.00959
43.5 -0.00948
44.0 -0.00939
44.5 -0.00935
45.0 -0.00922
45.5 -0.00913
46.0 -0.00902
46.5 -0.00892
47.0 -0.00882
47.5 -0.00869
48.0 -0.0086
48.5 -0.00848
49.0 -0.0084
49.5 -0.0083
50.0 -0.0082
50.5 -0.00807
51.0 -0.00795
51.5 -0.00784
52.0 -0.00772
52.5 -0.0076
53.0 -0.00752
53.5 -0.0074
54.0 -0.00723
54.5 -0.00716
55.0 -0.00709
55.5 -0.00697
56.0 -0.00682
56.5 -0.0067
57.0 -0.0066
57.5 -0.00647
58.0 -0.00639
58.5 -0.00631
59.0 -0.00623
59.5 -0.00612
60.0 -0.00601
60.5 -0.00586
61.0 -0.00575
61.5 -0.00569
62.0 -0.00559
62.5 -0.00546
63.0 -0.00535
63.5 -0.00528
64.0 -0.00519
64.5 -0.00514
65.0 -0.00502
65.5 -0.00491
66.0 -0.00479
66.5 -0.00472
67.0 -0.00465
67.5 -0.00454
68.0 -0.00445
68.5 -0.00437
69.0 -0.00436
69.5 -0.00425
70.0 -0.00412
70.5 -0.00406
71.0 -0.00402
71.5 -0.0039
72.0 -0.0038
72.5 -0.00371
73.0 -0.00366
73.5 -0.00363
74.0 -0.00366
74.5 -0.00349
75.0 -0.00339
75.5 -0.00335
76.0 -0.00334
76.5 -0.00325
77.0 -0.00311
77.5 -0.00303
78.0 -0.00306
78.5 -0.003
79.0 -0.00294
79.5 -0.00293
80.0 -0.00288
80.5 -0.00287
81.0 -0.00281
81.5 -0.00272
82.0 -0.00261
82.5 -0.00259
83.0 -0.00258
83.5 -0.00258
84.0 -0.00258
84.5 -0.00246
85.0 -0.00249
85.5 -0.00244
86.0 -0.00239
86.5 -0.00237
87.0 -0.00235
87.5 -0.00231
88.0 -0.00239
88.5 -0.00238
89.0 -0.00218
89.5 -0.00223
90.0 -0.0022
90.5 -0.00223
91.0 -0.00222
91.5 -0.00222
92.0 -0.00217
92.5 -0.00215
93.0 -0.0022
93.5 -0.0022
94.0 -0.00209
94.5 -0.00213
95.0 -0.00218
95.5 -0.00234
96.0 -0.00215
96.5 -0.00214
97.0 -0.00226
97.5 -0.00213
98.0 -0.00214
98.5 -0.00234
99.0 -0.00242
99.5 -0.00238
100.0 -0.00212
100.5 -0.00215
101.0 -0.0022
101.5 -0.0021
102.0 -0.0023
102.5 -0.0022
103.0 -0.0022
103.5 -0.0025
104.0 -0.0027
104.5 -0.0027
105.0 -0.0023
105.5 -0.0025
106.0 -0.0027
106.5 -0.0028
107.0 -0.0027
107.5 -0.0027
108.0 -0.003
108.5 -0.003
109.0 -0.0031
109.5 -0.003
110.0 -0.0029
110.5 -0.0032
111.0 -0.0033
111.5 -0.0034
112.0 -0.0034
112.5 -0.0036
113.0 -0.0038
113.5 -0.004
114.0 -0.0036
114.5 -0.0036
115.0 -0.0039
115.5 -0.0034
116.0 -0.0032
116.5 -0.0032
117.0 -0.0022
117.5 -0.0022
118.0 -0.0008
118.5 -0.000500000000001
119.0 0.0006
119.5 0.0063
120.0 0.0056
120.5 0.0037
121.0 0.0022
121.5 -0.0047
122.0 -0.0093
122.5 -0.0102
123.0 -0.00815
123.5 -0.00719
124.0 -0.00737
124.5 -0.00653
125.0 -0.00578
125.5 -0.0066
126.0 -0.00606
126.5 -0.00604
127.0 -0.00536
127.5 -0.00486
128.0 -0.00471
128.5 -0.00498
129.0 -0.00504
129.5 -0.00422
130.0 -0.00418
130.5 -0.00412
131.0 -0.00419
131.5 -0.00323
132.0 -0.00348
132.5 -0.00348
133.0 -0.00328
133.5 -0.0033
134.0 -0.00282
134.5 -0.00277
135.0 -0.00278
135.5 -0.00286
136.0 -0.00261
136.5 -0.00219
137.0 -0.00213
137.5 -0.00247
138.0 -0.00242
138.5 -0.00242
139.0 -0.00184
139.5 -0.00185
140.0 -0.00157
140.5 -0.00197
141.0 -0.00199
141.5 -0.00177
142.0 -0.00153
142.5 -0.00139
143.0 -0.00122
143.5 -0.0011
144.0 -0.00131
144.5 -0.00148
145.0 -0.0011
145.5 -0.00066
146.0 -0.00054
146.5 -0.00091
147.0 -0.00093
147.5 -0.00065
148.0 -0.000603
148.5 -0.000933
149.0 -0.000799
149.5 -0.00094
150.0 -0.0010174
150.5 -0.0005932
151.0 -0.000296
151.5 -0.000236
152.0 -0.000409
152.5 -0.000397
153.0 -0.00044
153.5 -0.00045
154.0 -0.00019
154.5 7.99999999999e-05
155.0 -0.00013
155.5 -8.00000000001e-05
156.0 0.00034
156.5 0.00052
157.0 0.00067
157.5 0.0008
158.0 0.00067
158.5 0.00052
159.0 0.00056
159.5 0.00076
160.0 0.00115
160.5 0.0007
161.0 0.00101
161.5 0.0011
162.0 0.00123
162.5 0.00139
163.0 0.00155
163.5 0.00134
164.0 0.00141
164.5 0.00161
165.0 0.00206
165.5 0.00218
166.0 0.00186
166.5 0.0019
167.0 0.00204
167.5 0.00221
168.0 0.00255
168.5 0.0028
169.0 0.00306
169.5 0.00308
170.0 0.00289
170.5 0.00348
171.0 0.00343
171.5 0.00395
172.0 0.00357
172.5 0.00327
173.0 0.00367
173.5 0.00401
174.0 0.00448
174.5 0.00474
175.0 0.00471
175.5 0.00437
176.0 0.00475
176.5 0.00601
177.0 0.00675
177.5 0.00845
178.0 0.006
178.5 0.0032
179.0 -0.0021
179.5 -0.0033
180.0 -0.0013
180.5 -0.0017
181.0 0.000399999999999
181.5 0.0014
182.0 0.0006
182.5 -0.000200000000001
183.0 0.0007
183.5 0.0014
184.0 0.000999999999999
184.5 0.000799999999998
185.0 0.0009
185.5 0.0013
186.0 0.001
186.5 0.0007
187.0 0.000599999999999
187.5 0.000699999999998
188.0 0.000299999999999
188.5 9.9999999998e-05
189.0 -9.99999999998e-05
189.5 -0.000400000000001
190.0 -0.000500000000001
190.5 -0.0012
191.0 -0.0015
191.5 -0.0018
192.0 -0.0023
192.5 -0.0025
193.0 -0.0032
193.5 -0.0038
194.0 -0.0047
194.5 -0.0055
195.0 -0.0066
195.5 -0.0081
196.0 -0.0095
196.5 -0.0107
197.0 -0.0137
197.5 -0.01628
198.0 -0.0218
198.5 -0.02776
199.0 -0.04375
199.5 -0.06617
