0.0 0.000469999999999
0.5 0.01959
1.0 0.01457
1.5 0.00988
2.0 0.00722
2.5 0.00484
3.0 0.0036
3.5 0.00251
4.0 0.00161
4.5 0.000900000000001
5.0 -0.00015
5.5 -0.000680000000001
6.0 -0.00121
6.5 -0.00167
7.0 -0.00204
7.5 -0.00249
8.0 -0.00282
8.5 -0.00315
9.0 -0.00348
9.5 -0.00377
10.0 -0.00421
10.5 -0.0045
11.0 -0.00477
11.5 -0.00504
12.0 -0.00533
12.5 -0.00562
13.0 -0.00587
13.5 -0.00609
14.0 -0.00633
14.5 -0.00657
15.0 -0.00681
15.5 -0.00705
16.0 -0.00725
16.5 -0.00747
17.0 -0.00765
17.5 -0.00785
18.0 -0.00806
18.5 -0.00826
19.0 -0.00844
19.5 -0.00862
20.0 -0.00878
20.5 -0.009
21.0 -0.00915
21.5 -0.00929
22.0 -0.00948
22.5 -0.0096
23.0 -0.00974
23.5 -0.00987
24.0 -0.01003
24.5 -0.01019
25.0 -0.01031
25.5 -0.01044
26.0 -0.01055
26.5 -0.01064
27.0 -0.01075
27.5 -0.01083
28.0 -0.01088
28.5 -0.01101
29.0 -0.0111
29.5 -0.01118
30.0 -0.01125
30.5 -0.01132
31.0 -0.01137
31.5 -0.01145
32.0 -0.01148
32.5 -0.01151
33.0 -0.01153
33.5 -0.01158
34.0 -0.0116
34.5 -0.01161
35.0 -0.01166
35.5 -0.01169
36.0 -0.01172
36.5 -0.01171
37.0 -0.01166
37.5 -0.01164
38.0 -0.01166
38.5 -0.01162
39.0 -0.01157
39.5 -0.01159
40.0 -0.01151
40.5 -0.01152
41.0 -0.01147
41.5 -0.01143
42.0 -0.01136
42.5 -0.0113
43.0 -0.01125
43.5 -0.01117
44.0 -0.01111
44.5 -0.01106
45.0 -0.01098
45.5 -0.0109
46.0 -0.01082
46.5 -0.01075
47.0 -0.01066
47.5 -0.01054
48.0 -0.01048
48.5 -0.01037
49.0 -0.01027
49.5 -0.01023
50.0 -0.01012
50.5 -0.01
51.0 -0.0099
51.5 -0.00978
52.0 -0.00964
52.5 -0.00954
53.0 -0.00945
53.5 -0.00934
54.0 -0.00919
54.5 -0.00912
55.0 -0.00901
55.5 -0.00889
56.0 -0.00877
56.5 -0.00861
57.0 -0.0085
57.5 -0.00837
58.0 -0.00828
58.5 -0.00818
59.0 -0.00806
59.5 -0.00795
60.0 -0.00783
60.5 -0.00768
61.0 -0.00754
61.5 -0.00745
62.0 -0.00733
62.5 -0.00722
63.0 -0.00709
63.5 -0.007
64.0 -0.00692
64.5 -0.00683
65.0 -0.00663
65.5 -0.00655
66.0 -0.0064
66.5 -0.00631
67.0 -0.00622
67.5 -0.00609
68.0 -0.00599
68.5 -0.00592
69.0 -0.00581
69.5 -0.00571
70.0 -0.00558
70.5 -0.00549
71.0 -0.00542
71.5 -0.00527
72.0 -0.00516
72.5 -0.00505
73.0 -0.00497
73.5 -0.00495
74.0 -0.00491
74.5 -0.00473
75.0 -0.00461
75.5 -0.00456
76.0 -0.00456
76.5 -0.00437
77.0 -0.00422
77.5 -0.00416
78.0 -0.00416
78.5 -0.0041
79.0 -0.00401
79.5 -0.00395
80.0 -0.0039
80.5 -0.00387
81.0 -0.00377
81.5 -0.00373
82.0 -0.00365
82.5 -0.00353
83.0 -0.00349
83.5 -0.00341
84.0 -0.00334
84.5 -0.00332
85.0 -0.00334
85.5 -0.00329
86.0 -0.00321
86.5 -0.00317
87.0 -0.00315
87.5 -0.0031
88.0 -0.00306
88.5 -0.00303
89.0 -0.00291
89.5 -0.00297
90.0 -0.00292
90.5 -0.00296
91.0 -0.00283
91.5 -0.00277
92.0 -0.00275
92.5 -0.00278
93.0 -0.00282
93.5 -0.00274
94.0 -0.00268
94.5 -0.00264
95.0 -0.0027
95.5 -0.00268
96.0 -0.00267
96.5 -0.00275
97.0 -0.00278
97.5 -0.00257
98.0 -0.00266
98.5 -0.00279
99.0 -0.00283
99.5 -0.0029
100.0 -0.00248
100.5 -0.0026
101.0 -0.0024
101.5 -0.0025
102.0 -0.0028
102.5 -0.003
103.0 -0.0029
103.5 -0.0029
104.0 -0.0028
104.5 -0.0028
105.0 -0.0027
105.5 -0.003
106.0 -0.003
106.5 -0.0032
107.0 -0.0029
107.5 -0.0031
108.0 -0.0036
108.5 -0.0035
109.0 -0.0037
109.5 -0.0037
110.0 -0.0042
110.5 -0.0035
111.0 -0.0039
111.5 -0.0043
112.0 -0.0041
112.5 -0.0042
113.0 -0.0045
113.5 -0.0045
114.0 -0.0041
114.5 -0.0042
115.0 -0.0042
115.5 -0.0039
116.0 -0.0045
116.5 -0.0047
117.0 -0.0053
117.5 -0.0044
118.0 -0.0031
118.5 -0.0012
119.0 0.0025
119.5 0.0079
120.0 0.0057
120.5 0.0046
121.0 0.000399999999999
121.5 -0.0035
122.0 -0.0049
122.5 -0.0053
123.0 -0.00415
123.5 -0.00401
124.0 -0.00484
124.5 -0.00431
125.0 -0.00416
125.5 -0.00413
126.0 -0.00501
126.5 -0.00477
127.0 -0.00437
127.5 -0.00435
128.0 -0.00435
128.5 -0.00421
129.0 -0.00418
129.5 -0.00445
130.0 -0.00332
130.5 -0.00362
131.0 -0.00404
131.5 -0.00369
132.0 -0.00307
132.5 -0.00302
133.0 -0.00293
133.5 -0.00278
134.0 -0.00259
134.5 -0.00272
135.0 -0.00283
135.5 -0.00225
136.0 -0.00271
136.5 -0.00226
137.0 -0.00167
137.5 -0.00221
138.0 -0.00243
138.5 -0.00237
139.0 -0.00186
139.5 -0.00201
140.0 -0.00181
140.5 -0.00198
141.0 -0.00181
141.5 -0.00155
142.0 -0.00138
142.5 -0.00141
143.0 -0.00128
143.5 -0.00109
144.0 -0.00134
144.5 -0.00152
145.0 -0.00148
145.5 -0.00099
146.0 -0.00045
146.5 -0.00064
147.0 -0.0007
147.5 -0.00065
148.0 -0.000524
148.5 -0.00062
149.0 -0.000507
149.5 -0.000656
150.0 -0.000845
150.5 -0.0005367
151.0 -9.9e-05
151.5 -2e-05
152.0 -0.000198
152.5 -6.8e-05
153.0 -7e-05
153.5 -0.0002
154.0 -0.00018
154.5 -6.00000000002e-05
155.0 -0.00017
155.5 -0.00011
156.0 0.00033
156.5 0.00054
157.0 0.00046
157.5 0.00046
158.0 0.00027
158.5 0.00011
159.0 0.00029
159.5 0.00058
160.0 0.00103
160.5 0.000440000000001
161.0 0.00051
161.5 0.00069
162.0 0.00117
162.5 0.00134
163.0 0.00117
163.5 0.0007
164.0 0.000830000000001
164.5 0.00119
165.0 0.00173
165.5 0.00176
166.0 0.00135
166.5 0.00133
167.0 0.00168
167.5 0.00193
168.0 0.00186
168.5 0.00175
169.0 0.00208
169.5 0.00233
170.0 0.00257
170.5 0.00221
171.0 0.00239
171.5 0.00304
172.0 0.00324
172.5 0.00236
173.0 0.00232
173.5 0.00259
174.0 0.0029
174.5 0.00274
175.0 0.00228
175.5 0.00175
176.0 0.00169
176.5 0.00215
177.0 0.00186
177.5 0.00267
178.0 0.001
178.5 0.000499999999999
179.0 -0.001
179.5 -0.0031
180.0 -0.0034
180.5 -0.0049
181.0 -0.0022
181.5 0.0011
182.0 0.0015
182.5 0.0016
183.0 0.0022
183.5 0.0027
184.0 0.0024
184.5 0.0022
185.0 0.0023
185.5 0.0018
186.0 0.0016
186.5 0.002
187.0 0.0017
187.5 0.0015
188.0 0.0011
188.5 0.000999999999998
189.0 0.0006
189.5 0.000299999999999
190.0 0.0002
190.5 -0.000400000000001
191.0 -0.000499999999999
191.5 -0.000800000000002
192.0 -0.0014
192.5 -0.0014
193.0 -0.0019
193.5 -0.0023
194.0 -0.0031
194.5 -0.0037
195.0 -0.0046
195.5 -0.0058
196.0 -0.0068
196.5 -0.0079
197.0 -0.0095
197.5 -0.01088
198.0 -0.01491
198.5 -0.0201
199.0 -0.02982
199.5 -0.04566
