0.0 0.00198
0.5 0.01276
1.0 0.01137
1.5 0.0082
2.0 0.00606
2.5 0.00421
3.0 0.00332
3.5 0.00249
4.0 0.00174
4.5 0.00112
5.0 0.000170000000001
5.5 -0.0003
6.0 -0.0008
6.5 -0.00126
7.0 -0.00159
7.5 -0.00203
8.0 -0.00239
8.5 -0.00274
9.0 -0.00306
9.5 -0.00335
10.0 -0.00382
10.5 -0.00409
11.0 -0.00438
11.5 -0.00469
12.0 -0.00494
12.5 -0.00521
13.0 -0.0055
13.5 -0.00579
14.0 -0.00603
14.5 -0.00628
15.0 -0.00651
15.5 -0.00683
16.0 -0.00708
16.5 -0.0073
17.0 -0.00751
17.5 -0.00777
18.0 -0.00797
18.5 -0.0082
19.0 -0.00844
19.5 -0.00866
20.0 -0.00886
20.5 -0.00906
21.0 -0.00925
21.5 -0.00945
22.0 -0.00967
22.5 -0.0098
23.0 -0.01001
23.5 -0.01016
24.0 -0.01036
24.5 -0.01055
25.0 -0.01071
25.5 -0.01085
26.0 -0.01101
26.5 -0.01115
27.0 -0.01128
27.5 -0.01141
28.0 -0.01148
28.5 -0.01163
29.0 -0.01176
29.5 -0.01187
30.0 -0.01198
30.5 -0.0121
31.0 -0.01218
31.5 -0.01228
32.0 -0.01235
32.5 -0.01241
33.0 -0.01246
33.5 -0.01255
34.0 -0.01259
34.5 -0.01262
35.0 -0.01267
35.5 -0.01274
36.0 -0.01279
36.5 -0.0128
37.0 -0.01278
37.5 -0.01277
38.0 -0.0128
38.5 -0.01281
39.0 -0.0128
39.5 -0.01284
40.0 -0.01279
40.5 -0.01278
41.0 -0.01275
41.5 -0.01273
42.0 -0.01268
42.5 -0.01262
43.0 -0.0126
43.5 -0.01251
44.0 -0.01246
44.5 -0.01245
45.0 -0.01233
45.5 -0.01227
46.0 -0.01219
46.5 -0.01212
47.0 -0.01204
47.5 -0.01191
48.0 -0.01183
48.5 -0.01172
49.0 -0.01164
49.5 -0.01156
50.0 -0.01147
50.5 -0.01135
51.0 -0.01124
51.5 -0.01114
52.0 -0.011
52.5 -0.01089
53.0 -0.01078
53.5 -0.01065
54.0 -0.01048
54.5 -0.0104
55.0 -0.01026
55.5 -0.01014
56.0 -0.01
56.5 -0.00985
57.0 -0.00972
57.5 -0.00958
58.0 -0.00946
58.5 -0.00932
59.0 -0.00922
59.5 -0.00909
60.0 -0.00897
60.5 -0.00879
61.0 -0.00866
61.5 -0.00853
62.0 -0.00839
62.5 -0.00823
63.0 -0.00808
63.5 -0.00799
64.0 -0.00788
64.5 -0.00777
65.0 -0.00761
65.5 -0.00743
66.0 -0.00728
66.5 -0.00719
67.0 -0.00706
67.5 -0.00693
68.0 -0.00682
68.5 -0.00675
69.0 -0.00666
69.5 -0.00651
70.0 -0.00636
70.5 -0.00626
71.0 -0.00618
71.5 -0.00601
72.0 -0.00589
72.5 -0.00574
73.0 -0.00561
73.5 -0.00555
74.0 -0.00552
74.5 -0.0054
75.0 -0.00526
75.5 -0.00519
76.0 -0.00514
76.5 -0.00497
77.0 -0.00484
77.5 -0.00473
78.0 -0.0047
78.5 -0.00461
79.0 -0.00451
79.5 -0.00445
80.0 -0.00438
80.5 -0.00434
81.0 -0.00426
81.5 -0.00415
82.0 -0.00403
82.5 -0.00394
83.0 -0.00393
83.5 -0.00385
84.0 -0.00375
84.5 -0.00375
85.0 -0.00372
85.5 -0.00366
86.0 -0.0036
86.5 -0.00354
87.0 -0.00346
87.5 -0.00338
88.0 -0.00341
88.5 -0.00339
89.0 -0.00325
89.5 -0.00328
90.0 -0.00323
90.5 -0.00322
91.0 -0.00323
91.5 -0.00319
92.0 -0.00317
92.5 -0.00316
93.0 -0.00313
93.5 -0.00307
94.0 -0.00295
94.5 -0.00296
95.0 -0.00308
95.5 -0.00289
96.0 -0.003
96.5 -0.003
97.0 -0.00304
97.5 -0.00303
98.0 -0.00313
98.5 -0.00314
99.0 -0.00307
99.5 -0.00307
100.0 -0.00293
100.5 -0.00293
101.0 -0.003
101.5 -0.0031
102.0 -0.0033
102.5 -0.0034
103.0 -0.0032
103.5 -0.0032
104.0 -0.0032
104.5 -0.0033
105.0 -0.0033
105.5 -0.0036
106.0 -0.0036
106.5 -0.0034
107.0 -0.0033
107.5 -0.0037
108.0 -0.0042
108.5 -0.0041
109.0 -0.0042
109.5 -0.0037
110.0 -0.0043
110.5 -0.0044
111.0 -0.0047
111.5 -0.0048
112.0 -0.0046
112.5 -0.0047
113.0 -0.005
113.5 -0.0052
114.0 -0.0049
114.5 -0.0056
115.0 -0.0054
115.5 -0.0045
116.0 -0.0052
116.5 -0.0058
117.0 -0.0064
117.5 -0.0076
118.0 -0.0051
118.5 -0.0042
119.0 -0.0013
119.5 0.0087
120.0 0.0106
120.5 0.0061
121.0 0.0013
121.5 -0.0014
122.0 -0.0034
122.5 -0.0047
123.0 -0.00568
123.5 -0.00538
124.0 -0.0061
124.5 -0.00579
125.0 -0.00462
125.5 -0.0051
126.0 -0.00573
126.5 -0.00556
127.0 -0.00525
127.5 -0.00454
128.0 -0.00457
128.5 -0.00528
129.0 -0.00496
129.5 -0.00434
130.0 -0.00401
130.5 -0.00407
131.0 -0.00398
131.5 -0.00389
132.0 -0.00365
132.5 -0.0035
133.0 -0.00328
133.5 -0.00324
134.0 -0.00285
134.5 -0.00283
135.0 -0.00263
135.5 -0.00292
136.0 -0.00295
136.5 -0.00256
137.0 -0.00205
137.5 -0.00232
138.0 -0.00214
138.5 -0.00203
139.0 -0.00184
139.5 -0.00232
140.0 -0.00197
140.5 -0.00196
141.0 -0.00194
141.5 -0.00149
142.0 -0.00104
142.5 -0.00104
143.0 -0.00106
143.5 -0.0009
144.0 -0.00097
144.5 -0.00095
145.0 -0.00092
145.5 -0.00035
146.0 -0.00022
146.5 -0.00062
147.0 -0.0005
147.5 -0.00034
148.0 -0.000132
148.5 -0.000134
149.0 -9.5e-05
149.5 -0.000421
150.0 -0.0005256
150.5 -2.72e-05
151.0 0.00023
151.5 0.000238
152.0 7.2e-05
152.5 0.000266
153.0 0.00034
153.5 0.00026
154.0 0.00036
154.5 0.0006
155.0 0.00063
155.5 0.00077
156.0 0.00097
156.5 0.00098
157.0 0.00095
157.5 0.00107
158.0 0.00101
158.5 0.00088
159.0 0.000919999999999
159.5 0.00111
160.0 0.00151
160.5 0.00108
161.0 0.0014
161.5 0.00134
162.0 0.00177
162.5 0.00207
163.0 0.00207
163.5 0.00166
164.0 0.00163
164.5 0.00185
165.0 0.00221
165.5 0.00263
166.0 0.00239
166.5 0.0022
167.0 0.00265
167.5 0.00293
168.0 0.00312
168.5 0.00316
169.0 0.00325
169.5 0.00334
170.0 0.00354
170.5 0.0038
171.0 0.00391
171.5 0.00376
172.0 0.00424
172.5 0.00419
173.0 0.00439
173.5 0.00435
174.0 0.00434
174.5 0.00478
175.0 0.00492
175.5 0.00477
176.0 0.00523
176.5 0.00623
177.0 0.00698
177.5 0.0092
178.0 0.0057
178.5 0.0051
179.0 -0.0021
179.5 -0.0048
180.0 -0.0028
180.5 -0.0034
181.0 -0.0015
181.5 0.000299999999999
182.0 0.000200000000001
182.5 0.0018
183.0 0.0016
183.5 0.0014
184.0 0.0009
184.5 0.000799999999998
185.0 0.0009
185.5 0.000499999999999
186.0 0.000400000000001
186.5 0.0008
187.0 0.0007
187.5 0.000499999999999
188.0 9.99999999998e-05
188.5 0.0002
189.0 -0.0002
189.5 -0.0007
190.0 -0.0008
190.5 -0.0011
191.0 -0.0015
191.5 -0.0019
192.0 -0.0024
192.5 -0.0027
193.0 -0.0034
193.5 -0.0038
194.0 -0.0046
194.5 -0.0055
195.0 -0.0065
195.5 -0.008
196.0 -0.0093
196.5 -0.0105
197.0 -0.0135
197.5 -0.01618
198.0 -0.02193
198.5 -0.02914
199.0 -0.04408
199.5 -0.06754
