0.0 -0.00218
0.5 0.01646
1.0 0.01171
1.5 0.00693
2.0 0.00505
2.5 0.00275
3.0 0.00137
3.5 0.00071
4.0 -4.99999999999e-05
4.5 -0.0011
5.0 -0.00167
5.5 -0.00209
6.0 -0.00276
6.5 -0.00325
7.0 -0.00351
7.5 -0.00389
8.0 -0.00423
8.5 -0.00455
9.0 -0.00483
9.5 -0.00508
10.0 -0.00537
10.5 -0.00558
11.0 -0.00592
11.5 -0.00616
12.0 -0.00635
12.5 -0.00657
13.0 -0.00685
13.5 -0.00704
14.0 -0.00723
14.5 -0.00743
15.0 -0.0076
15.5 -0.0078
16.0 -0.00798
16.5 -0.00814
17.0 -0.0083
17.5 -0.00846
18.0 -0.00861
18.5 -0.00878
19.0 -0.00891
19.5 -0.00906
20.0 -0.00918
20.5 -0.00931
21.0 -0.00942
21.5 -0.00952
22.0 -0.00965
22.5 -0.00973
23.0 -0.00985
23.5 -0.00992
24.0 -0.01004
24.5 -0.01013
25.0 -0.01021
25.5 -0.01027
26.0 -0.01034
26.5 -0.0104
27.0 -0.01046
27.5 -0.01051
28.0 -0.01048
28.5 -0.01054
29.0 -0.01059
29.5 -0.0106
30.0 -0.01062
30.5 -0.01065
31.0 -0.01068
31.5 -0.01069
32.0 -0.01068
32.5 -0.01068
33.0 -0.01066
33.5 -0.01068
34.0 -0.01063
34.5 -0.01059
35.0 -0.0106
35.5 -0.01057
36.0 -0.01054
36.5 -0.01051
37.0 -0.01043
37.5 -0.01037
38.0 -0.01033
38.5 -0.01029
39.0 -0.01022
39.5 -0.01022
40.0 -0.0101
40.5 -0.01006
41.0 -0.00999
41.5 -0.00992
42.0 -0.00983
42.5 -0.00973
43.0 -0.00965
43.5 -0.00955
44.0 -0.00947
44.5 -0.00944
45.0 -0.00929
45.5 -0.00921
46.0 -0.00912
46.5 -0.00903
47.0 -0.00893
47.5 -0.00879
48.0 -0.00871
48.5 -0.00858
49.0 -0.00849
49.5 -0.00843
50.0 -0.00833
50.5 -0.00819
51.0 -0.00807
51.5 -0.00798
52.0 -0.00785
52.5 -0.00774
53.0 -0.00763
53.5 -0.00751
54.0 -0.00736
54.5 -0.00731
55.0 -0.00723
55.5 -0.00712
56.0 -0.007
56.5 -0.00687
57.0 -0.00678
57.5 -0.00665
58.0 -0.00657
58.5 -0.00645
59.0 -0.00638
59.5 -0.00628
60.0 -0.00618
60.5 -0.00605
61.0 -0.00595
61.5 -0.00586
62.0 -0.00574
62.5 -0.00564
63.0 -0.00555
63.5 -0.00548
64.0 -0.00539
64.5 -0.00532
65.0 -0.00521
65.5 -0.00508
66.0 -0.00496
66.5 -0.0049
67.0 -0.00479
67.5 -0.00473
68.0 -0.00463
68.5 -0.00456
69.0 -0.00454
69.5 -0.00444
70.0 -0.00433
70.5 -0.00426
71.0 -0.00421
71.5 -0.00411
72.0 -0.004
72.5 -0.00392
73.0 -0.00385
73.5 -0.00381
74.0 -0.00383
74.5 -0.00373
75.0 -0.00361
75.5 -0.00356
76.0 -0.00355
76.5 -0.00345
77.0 -0.00331
77.5 -0.00326
78.0 -0.00331
78.5 -0.00325
79.0 -0.00313
79.5 -0.00311
80.0 -0.00306
80.5 -0.00305
81.0 -0.00297
81.5 -0.00297
82.0 -0.00284
82.5 -0.00279
83.0 -0.00281
83.5 -0.00279
84.0 -0.00268
84.5 -0.00267
85.0 -0.00269
85.5 -0.00269
86.0 -0.0027
86.5 -0.0026
87.0 -0.00253
87.5 -0.00251
88.0 -0.00254
88.5 -0.00252
89.0 -0.0024
89.5 -0.00245
90.0 -0.00244
90.5 -0.00247
91.0 -0.00243
91.5 -0.00239
92.0 -0.00237
92.5 -0.00241
93.0 -0.00247
93.5 -0.00252
94.0 -0.00243
94.5 -0.00235
95.0 -0.00245
95.5 -0.00239
96.0 -0.00249
96.5 -0.00245
97.0 -0.00248
97.5 -0.00237
98.0 -0.00252
98.5 -0.00255
99.0 -0.00256
99.5 -0.00257
100.0 -0.0023
100.5 -0.00225
101.0 -0.0024
101.5 -0.0024
102.0 -0.0026
102.5 -0.0027
103.0 -0.0028
103.5 -0.0029
104.0 -0.003
104.5 -0.0031
105.0 -0.0029
105.5 -0.0028
106.0 -0.003
106.5 -0.0031
107.0 -0.0032
107.5 -0.0034
108.0 -0.0038
108.5 -0.0035
109.0 -0.0037
109.5 -0.0038
110.0 -0.0039
110.5 -0.0038
111.0 -0.0044
111.5 -0.0038
112.0 -0.004
112.5 -0.0045
113.0 -0.0048
113.5 -0.0051
114.0 -0.0051
114.5 -0.0053
115.0 -0.0047
115.5 -0.004
116.0 -0.0045
116.5 -0.0048
117.0 -0.0052
117.5 -0.0069
118.0 -0.0046
118.5 -0.0035
119.0 -0.0008
119.5 0.0085
120.0 0.0106
120.5 0.0074
121.0 0.0024
121.5 -0.0019
122.0 -0.002
122.5 -0.0045
123.0 -0.00411
123.5 -0.00419
124.0 -0.00453
124.5 -0.00432
125.0 -0.00405
125.5 -0.00392
126.0 -0.00422
126.5 -0.00388
127.0 -0.00333
127.5 -0.00333
128.0 -0.00344
128.5 -0.0033
129.0 -0.00325
129.5 -0.00361
130.0 -0.00305
130.5 -0.00275
131.0 -0.00301
131.5 -0.00283
132.0 -0.0026
132.5 -0.00252
133.0 -0.00228
133.5 -0.00226
134.0 -0.00196
134.5 -0.00186
135.0 -0.00221
135.5 -0.00209
136.0 -0.00178
136.5 -0.00165
137.0 -0.00155
137.5 -0.00188
138.0 -0.00159
138.5 -0.00157
139.0 -0.00154
139.5 -0.0016
140.0 -0.00139
140.5 -0.00146
141.0 -0.00137
141.5 -0.00097
142.0 -0.00101
142.5 -0.00102
143.0 -0.00087
143.5 -0.00091
144.0 -0.00114
144.5 -0.00083
145.0 -0.00095
145.5 -0.00048
146.0 -7.99999999999e-05
146.5 -0.00063
147.0 -0.00063
147.5 -0.00058
148.0 -0.000557
148.5 -0.000679
149.0 -0.000556
149.5 -0.000709
150.0 -0.0009747
150.5 -0.0004252
151.0 -0.00022
151.5 -7.9e-05
152.0 -0.00017
152.5 8.1e-05
153.0 5.00000000001e-05
153.5 -0.00018
154.0 -5.99999999999e-05
154.5 0.00019
155.0 0.00021
155.5 0.00025
156.0 0.00073
156.5 0.00069
157.0 0.00059
157.5 0.00064
158.0 0.00055
158.5 0.00033
159.0 0.00027
159.5 0.00058
160.0 0.00107
160.5 0.00075
161.0 0.00113
161.5 0.00114
162.0 0.00137
162.5 0.00147
163.0 0.00143
163.5 0.00091
164.0 0.00074
164.5 0.00114
165.0 0.00177
165.5 0.00191
166.0 0.00156
166.5 0.00167
167.0 0.00214
167.5 0.00238
168.0 0.00244
168.5 0.00238
169.0 0.00233
169.5 0.0021
170.0 0.00252
170.5 0.00278
171.0 0.00273
171.5 0.00312
172.0 0.00336
172.5 0.00307
173.0 0.00322
173.5 0.00344
174.0 0.00384
174.5 0.0039
175.0 0.00386
175.5 0.00369
176.0 0.00393
176.5 0.00461
177.0 0.00441
177.5 0.00601
178.0 0.0044
178.5 0.0031
179.0 0.000500000000001
179.5 -0.0023
180.0 -0.0039
180.5 -0.0064
181.0 -0.004
181.5 -0.000900000000001
182.0 0.000500000000001
182.5 0.0014
183.0 0.002
183.5 0.002
184.0 0.0016
184.5 0.0015
185.0 0.0016
185.5 0.0012
186.0 0.0019
186.5 0.0017
187.0 0.0015
187.5 0.0013
188.0 0.0008
188.5 0.0008
189.0 0.0007
189.5 0.000299999999999
190.0 0.0002
190.5 -0.000399999999999
191.0 -0.000499999999999
191.5 -0.0008
192.0 -0.0013
192.5 -0.0014
193.0 -0.0019
193.5 -0.0022
194.0 -0.0029
194.5 -0.0038
195.0 -0.0046
195.5 -0.0058
196.0 -0.007
196.5 -0.0082
197.0 -0.0095
197.5 -0.01058
198.0 -0.01356
198.5 -0.01851
199.0 -0.02884
199.5 -0.04335
