0.0 -0.000110000000001
0.5 0.02035
1.0 0.0173
1.5 0.01249
2.0 0.00981
2.5 0.00743
3.0 0.00618
3.5 0.00507
4.0 0.0038
4.5 0.00314
5.0 0.00235
5.5 0.00174
6.0 0.00114
6.5 0.00063
7.0 0.00021
7.5 -0.000239999999999
8.0 -0.00067
8.5 -0.00118
9.0 -0.00148
9.5 -0.00181
10.0 -0.0022
10.5 -0.00253
11.0 -0.00288
11.5 -0.00322
12.0 -0.00351
12.5 -0.00381
13.0 -0.00412
13.5 -0.00442
14.0 -0.0047
14.5 -0.00504
15.0 -0.00532
15.5 -0.00562
16.0 -0.00585
16.5 -0.00613
17.0 -0.00641
17.5 -0.00668
18.0 -0.00692
18.5 -0.00721
19.0 -0.00745
19.5 -0.00773
20.0 -0.00797
20.5 -0.00823
21.0 -0.00848
21.5 -0.0087
22.0 -0.00896
22.5 -0.00917
23.0 -0.00944
23.5 -0.00964
24.0 -0.0099
24.5 -0.01012
25.0 -0.01033
25.5 -0.01054
26.0 -0.01074
26.5 -0.01093
27.0 -0.01115
27.5 -0.01133
28.0 -0.01144
28.5 -0.01164
29.0 -0.01185
29.5 -0.01199
30.0 -0.01215
30.5 -0.01234
31.0 -0.01248
31.5 -0.01261
32.0 -0.01274
32.5 -0.01286
33.0 -0.01297
33.5 -0.01311
34.0 -0.01322
34.5 -0.01329
35.0 -0.01339
35.5 -0.01351
36.0 -0.0136
36.5 -0.01365
37.0 -0.01368
37.5 -0.01373
38.0 -0.0138
38.5 -0.01383
39.0 -0.01385
39.5 -0.01392
40.0 -0.0139
40.5 -0.01393
41.0 -0.01393
41.5 -0.01395
42.0 -0.01391
42.5 -0.01386
43.0 -0.01386
43.5 -0.01381
44.0 -0.0138
44.5 -0.01377
45.0 -0.01371
45.5 -0.01364
46.0 -0.01356
46.5 -0.01352
47.0 -0.01343
47.5 -0.01331
48.0 -0.01324
48.5 -0.01312
49.0 -0.01306
49.5 -0.01299
50.0 -0.01288
50.5 -0.01275
51.0 -0.01261
51.5 -0.01251
52.0 -0.01236
52.5 -0.01224
53.0 -0.01213
53.5 -0.01199
54.0 -0.01179
54.5 -0.01167
55.0 -0.01157
55.5 -0.01142
56.0 -0.01124
56.5 -0.01106
57.0 -0.01093
57.5 -0.01078
58.0 -0.01066
58.5 -0.01053
59.0 -0.0104
59.5 -0.01024
60.0 -0.01003
60.5 -0.00988
61.0 -0.00973
61.5 -0.00959
62.0 -0.00943
62.5 -0.00925
63.0 -0.00907
63.5 -0.00896
64.0 -0.00883
64.5 -0.00866
65.0 -0.00849
65.5 -0.00834
66.0 -0.00817
66.5 -0.00805
67.0 -0.0079
67.5 -0.00772
68.0 -0.00755
68.5 -0.00746
69.0 -0.00738
69.5 -0.00722
70.0 -0.00706
70.5 -0.00688
71.0 -0.0068
71.5 -0.00661
72.0 -0.00646
72.5 -0.00633
73.0 -0.00621
73.5 -0.00613
74.0 -0.00605
74.5 -0.00592
75.0 -0.00578
75.5 -0.00561
76.0 -0.00556
76.5 -0.00543
77.0 -0.00526
77.5 -0.00516
78.0 -0.00516
78.5 -0.00502
79.0 -0.00486
79.5 -0.00481
80.0 -0.00471
80.5 -0.00465
81.0 -0.00452
81.5 -0.00445
82.0 -0.00436
82.5 -0.00424
83.0 -0.00418
83.5 -0.00412
84.0 -0.00403
84.5 -0.00392
85.0 -0.00392
85.5 -0.00388
86.0 -0.00383
86.5 -0.00369
87.0 -0.00357
87.5 -0.00356
88.0 -0.00359
88.5 -0.00346
89.0 -0.00332
89.5 -0.00337
90.0 -0.00334
90.5 -0.00334
91.0 -0.00329
91.5 -0.00325
92.0 -0.00325
92.5 -0.00321
93.0 -0.00317
93.5 -0.00318
94.0 -0.00309
94.5 -0.00302
95.0 -0.00297
95.5 -0.00301
96.0 -0.00296
96.5 -0.00291
97.0 -0.00287
97.5 -0.00279
98.0 -0.0029
98.5 -0.00301
99.0 -0.00303
99.5 -0.00306
100.0 -0.00287
100.5 -0.00272
101.0 -0.0028
101.5 -0.0028
102.0 -0.0029
102.5 -0.0028
103.0 -0.0028
103.5 -0.0031
104.0 -0.0033
104.5 -0.0033
105.0 -0.0031
105.5 -0.0031
106.0 -0.0031
106.5 -0.0031
107.0 -0.0032
107.5 -0.0031
108.0 -0.0035
108.5 -0.0035
109.0 -0.0038
109.5 -0.0036
110.0 -0.0035
110.5 -0.0038
111.0 -0.0039
111.5 -0.0042
112.0 -0.0041
112.5 -0.0044
113.0 -0.0046
113.5 -0.0048
114.0 -0.0046
114.5 -0.0042
115.0 -0.0047
115.5 -0.0046
116.0 -0.0048
116.5 -0.0045
117.0 -0.004
117.5 -0.0033
118.0 -0.0023
118.5 -0.0014
119.0 -0.000300000000001
119.5 0.0059
120.0 0.0074
120.5 0.0047
121.0 0.000299999999999
121.5 -0.0031
122.0 -0.0061
122.5 -0.0067
123.0 -0.00497
123.5 -0.00466
124.0 -0.00525
124.5 -0.00461
125.0 -0.00489
125.5 -0.00503
126.0 -0.00577
126.5 -0.00542
127.0 -0.00509
127.5 -0.00466
128.0 -0.00446
128.5 -0.00453
129.0 -0.00439
129.5 -0.00435
130.0 -0.00395
130.5 -0.00428
131.0 -0.00429
131.5 -0.00348
132.0 -0.00336
132.5 -0.00328
133.0 -0.00299
133.5 -0.00299
134.0 -0.00288
134.5 -0.00289
135.0 -0.00262
135.5 -0.0024
136.0 -0.00263
136.5 -0.00214
137.0 -0.00154
137.5 -0.00211
138.0 -0.0022
138.5 -0.00209
139.0 -0.00179
139.5 -0.00175
140.0 -0.00163
140.5 -0.00169
141.0 -0.00184
141.5 -0.00147
142.0 -0.00111
142.5 -0.00104
143.0 -0.00103
143.5 -0.00106
144.0 -0.00124
144.5 -0.00101
145.0 -0.0012
145.5 -0.00093
146.0 -0.0004
146.5 -0.00077
147.0 -0.00077
147.5 -0.00061
148.0 -0.000357
148.5 -0.000409
149.0 -0.000438
149.5 -0.00077
150.0 -0.0011006
150.5 -0.0005802
151.0 0.000121
151.5 0.000117
152.0 -2.20000000001e-05
152.5 0.000244
153.0 0.00044
153.5 0.00038
154.0 0.00036
154.5 0.00055
155.0 0.00052
155.5 0.00046
156.0 0.00079
156.5 0.00084
157.0 0.00075
157.5 0.00098
158.0 0.00109
158.5 0.00093
159.0 0.00088
159.5 0.00125
160.0 0.00178
160.5 0.00125
161.0 0.00154
161.5 0.00162
162.0 0.00195
162.5 0.00207
163.0 0.00209
163.5 0.00177
164.0 0.00179
164.5 0.00203
165.0 0.00257
165.5 0.00275
166.0 0.0021
166.5 0.00237
167.0 0.00289
167.5 0.00321
168.0 0.00346
168.5 0.00352
169.0 0.00361
169.5 0.00366
170.0 0.00354
170.5 0.0041
171.0 0.00416
171.5 0.00475
172.0 0.00502
172.5 0.00496
173.0 0.00535
173.5 0.00574
174.0 0.00607
174.5 0.00569
175.0 0.0062
175.5 0.00598
176.0 0.00507
176.5 0.00602
177.0 0.00627
177.5 0.00865
178.0 0.0043
178.5 0.0031
179.0 -0.0008
179.5 -0.003
180.0 -0.0043
180.5 -0.0069
181.0 -0.0045
181.5 -0.003
182.0 -0.000999999999999
182.5 -9.99999999998e-05
183.0 0.000500000000001
183.5 0.0009
184.0 0.0007
184.5 0.000699999999998
185.0 0.0009
185.5 0.000499999999999
186.0 0.000500000000001
186.5 0.0009
187.0 0.0009
187.5 0.000499999999999
188.0 0.0002
188.5 -1.7763568394e-15
189.0 -0.000499999999999
189.5 -0.0008
190.0 -0.0009
190.5 -0.0015
191.0 -0.0017
191.5 -0.0021
192.0 -0.0027
192.5 -0.0029
193.0 -0.0035
193.5 -0.004
194.0 -0.0048
194.5 -0.0056
195.0 -0.0064
195.5 -0.0085
196.0 -0.0098
196.5 -0.0115
197.0 -0.0139
197.5 -0.01648
198.0 -0.02225
198.5 -0.02812
199.0 -0.04448
199.5 -0.06658
