0.0 -0.00155
0.5 0.01806
1.0 0.01298
1.5 0.00858
2.0 0.0061
2.5 0.00384
3.0 0.00271
3.5 0.0017
4.0 0.00048
4.5 -8.00000000005e-05
5.0 -0.00078
5.5 -0.00135
6.0 -0.00188
6.5 -0.00233
7.0 -0.00269
7.5 -0.00312
8.0 -0.00347
8.5 -0.00378
9.0 -0.0041
9.5 -0.00442
10.0 -0.00474
10.5 -0.00502
11.0 -0.00532
11.5 -0.00561
12.0 -0.00584
12.5 -0.0061
13.0 -0.00637
13.5 -0.00659
14.0 -0.0068
14.5 -0.00711
15.0 -0.00729
15.5 -0.00753
16.0 -0.00774
16.5 -0.00794
17.0 -0.00813
17.5 -0.00836
18.0 -0.00854
18.5 -0.00874
19.0 -0.0089
19.5 -0.00909
20.0 -0.00925
20.5 -0.00946
21.0 -0.00961
21.5 -0.00974
22.0 -0.00993
22.5 -0.01005
23.0 -0.0102
23.5 -0.01031
24.0 -0.01047
24.5 -0.01064
25.0 -0.01076
25.5 -0.01087
26.0 -0.01098
26.5 -0.0111
27.0 -0.01121
27.5 -0.01128
28.0 -0.01131
28.5 -0.01142
29.0 -0.01152
29.5 -0.01158
30.0 -0.01164
30.5 -0.01171
31.0 -0.01177
31.5 -0.01183
32.0 -0.01184
32.5 -0.01188
33.0 -0.0119
33.5 -0.01196
34.0 -0.01195
34.5 -0.01196
35.0 -0.01198
35.5 -0.01201
36.0 -0.01201
36.5 -0.01198
37.0 -0.01193
37.5 -0.01189
38.0 -0.01189
38.5 -0.01185
39.0 -0.0118
39.5 -0.01182
40.0 -0.01172
40.5 -0.0117
41.0 -0.01163
41.5 -0.01159
42.0 -0.0115
42.5 -0.01141
43.0 -0.01136
43.5 -0.01126
44.0 -0.01118
44.5 -0.01112
45.0 -0.011
45.5 -0.0109
46.0 -0.01082
46.5 -0.01072
47.0 -0.01062
47.5 -0.01048
48.0 -0.01038
48.5 -0.01026
49.0 -0.01016
49.5 -0.01006
50.0 -0.00995
50.5 -0.00981
51.0 -0.0097
51.5 -0.00957
52.0 -0.00942
52.5 -0.0093
53.0 -0.00919
53.5 -0.00908
54.0 -0.00891
54.5 -0.00879
55.0 -0.0087
55.5 -0.00856
56.0 -0.00842
56.5 -0.00826
57.0 -0.00812
57.5 -0.00796
58.0 -0.00788
58.5 -0.00777
59.0 -0.00766
59.5 -0.00755
60.0 -0.00743
60.5 -0.00726
61.0 -0.00712
61.5 -0.007
62.0 -0.00686
62.5 -0.00674
63.0 -0.00661
63.5 -0.00647
64.0 -0.00638
64.5 -0.00629
65.0 -0.00615
65.5 -0.00604
66.0 -0.0059
66.5 -0.0058
67.0 -0.00569
67.5 -0.00559
68.0 -0.00547
68.5 -0.00536
69.0 -0.00532
69.5 -0.0052
70.0 -0.00506
70.5 -0.00498
71.0 -0.00491
71.5 -0.00483
72.0 -0.00464
72.5 -0.00454
73.0 -0.00451
73.5 -0.00443
74.0 -0.00435
74.5 -0.00425
75.0 -0.0041
75.5 -0.00405
76.0 -0.00403
76.5 -0.00389
77.0 -0.00376
77.5 -0.00371
78.0 -0.00369
78.5 -0.00364
79.0 -0.00351
79.5 -0.0035
80.0 -0.00344
80.5 -0.00343
81.0 -0.00333
81.5 -0.00326
82.0 -0.00314
82.5 -0.00309
83.0 -0.0031
83.5 -0.00306
84.0 -0.00295
84.5 -0.00292
85.0 -0.00293
85.5 -0.00291
86.0 -0.00289
86.5 -0.0028
87.0 -0.00273
87.5 -0.00266
88.0 -0.00268
88.5 -0.00265
89.0 -0.00257
89.5 -0.00261
90.0 -0.00259
90.5 -0.00259
91.0 -0.00255
91.5 -0.00252
92.0 -0.00242
92.5 -0.00241
93.0 -0.0025
93.5 -0.00254
94.0 -0.00251
94.5 -0.0024
95.0 -0.00234
95.5 -0.00243
96.0 -0.00242
96.5 -0.0024
97.0 -0.00244
97.5 -0.00242
98.0 -0.00258
98.5 -0.0027
99.0 -0.00261
99.5 -0.00256
100.0 -0.00235
100.5 -0.00227
101.0 -0.0024
101.5 -0.0025
102.0 -0.0026
102.5 -0.0027
103.0 -0.0028
103.5 -0.0028
104.0 -0.0029
104.5 -0.0029
105.0 -0.0027
105.5 -0.0026
106.0 -0.0028
106.5 -0.0029
107.0 -0.0029
107.5 -0.003
108.0 -0.0033
108.5 -0.0032
109.0 -0.0034
109.5 -0.0035
110.0 -0.0036
110.5 -0.0037
111.0 -0.0039
111.5 -0.0041
112.0 -0.0041
112.5 -0.004
113.0 -0.0039
113.5 -0.0044
114.0 -0.0045
114.5 -0.0047
115.0 -0.0048
115.5 -0.0038
116.0 -0.005
116.5 -0.0055
117.0 -0.0058
117.5 -0.0064
118.0 -0.0031
118.5 -0.0012
119.0 0.0027
119.5 0.0085
120.0 0.0065
120.5 0.0054
121.0 0.0019
121.5 -0.0034
122.0 -0.0065
122.5 -0.0065
123.0 -0.00597
123.5 -0.006
124.0 -0.00625
124.5 -0.00535
125.0 -0.00611
125.5 -0.00505
126.0 -0.00589
126.5 -0.00536
127.0 -0.00524
127.5 -0.00516
128.0 -0.00472
128.5 -0.00487
129.0 -0.00538
129.5 -0.00439
130.0 -0.00431
130.5 -0.00411
131.0 -0.00401
131.5 -0.0035
132.0 -0.00352
132.5 -0.00361
133.0 -0.00327
133.5 -0.00302
134.0 -0.00291
134.5 -0.0029
135.0 -0.00268
135.5 -0.00257
136.0 -0.00267
136.5 -0.00228
137.0 -0.00206
137.5 -0.00226
138.0 -0.00194
138.5 -0.00208
139.0 -0.00214
139.5 -0.00198
140.0 -0.0018
140.5 -0.00155
141.0 -0.00181
141.5 -0.00143
142.0 -0.001
142.5 -0.00082
143.0 -0.00091
143.5 -0.00099
144.0 -0.00097
144.5 -0.00097
145.0 -0.00115
145.5 -0.00057
146.0 -0.00033
146.5 -0.0006
147.0 -0.00063
147.5 -0.0005
148.0 -0.000432
148.5 -0.000629
149.0 -0.0005
149.5 -0.000659
150.0 -0.0006016
150.5 -0.0004192
151.0 -9.7e-05
151.5 0.000195
152.0 -1.3e-05
152.5 -6.00000000006e-06
153.0 3.00000000002e-05
153.5 1.00000000001e-05
154.0 0.00017
154.5 0.00049
155.0 0.00039
155.5 9.00000000001e-05
156.0 0.00029
156.5 0.00041
157.0 0.00057
157.5 0.0009
158.0 0.001
158.5 0.00092
159.0 0.00089
159.5 0.00107
160.0 0.00151
160.5 0.00106
161.0 0.00139
161.5 0.00147
162.0 0.00178
162.5 0.00193
163.0 0.00194
163.5 0.00147
164.0 0.00138
164.5 0.00182
165.0 0.00241
165.5 0.00263
166.0 0.00237
166.5 0.00241
167.0 0.00275
167.5 0.00306
168.0 0.00329
168.5 0.00332
169.0 0.00345
169.5 0.0036
170.0 0.00392
170.5 0.00434
171.0 0.00433
171.5 0.0047
172.0 0.00489
172.5 0.00467
173.0 0.0049
173.5 0.00531
174.0 0.0055
174.5 0.00494
175.0 0.00533
175.5 0.00513
176.0 0.00409
176.5 0.00516
177.0 0.00563
177.5 0.00816
178.0 0.0051
178.5 0.0056
179.0 0.0022
179.5 -0.0009
180.0 -0.0011
180.5 -0.0045
181.0 -0.0043
181.5 -0.0008
182.0 0.0
182.5 0.0036
183.0 0.0032
183.5 0.0025
184.0 0.0016
184.5 0.0013
185.0 0.002
185.5 0.0015
186.0 0.0014
186.5 0.0013
187.0 0.000999999999999
187.5 0.0008
188.0 0.0006
188.5 0.0007
189.0 9.99999999998e-05
189.5 -0.000200000000001
190.0 -0.000300000000001
190.5 -0.000999999999999
191.0 -0.0012
191.5 -0.0015
192.0 -0.0021
192.5 -0.0022
193.0 -0.0027
193.5 -0.0032
194.0 -0.0043
194.5 -0.0051
195.0 -0.0057
195.5 -0.0079
196.0 -0.0091
196.5 -0.0107
197.0 -0.013
197.5 -0.01538
198.0 -0.02083
198.5 -0.0264
199.0 -0.04246
199.5 -0.06459
