0.0 0.00156
0.5 0.0116
1.0 0.00908
1.5 0.00568
2.0 0.00373
2.5 0.00237
3.0 0.00156
3.5 0.000719999999999
4.0 -9.99999999962e-06
4.5 -0.000660000000001
5.0 -0.00134
5.5 -0.00182
6.0 -0.00231
6.5 -0.00271
7.0 -0.00309
7.5 -0.00356
8.0 -0.00381
8.5 -0.00408
9.0 -0.00436
9.5 -0.00461
10.0 -0.00491
10.5 -0.00514
11.0 -0.00548
11.5 -0.00574
12.0 -0.00595
12.5 -0.00618
13.0 -0.00644
13.5 -0.00664
14.0 -0.00685
14.5 -0.00705
15.0 -0.00724
15.5 -0.00746
16.0 -0.00765
16.5 -0.00783
17.0 -0.00801
17.5 -0.00821
18.0 -0.00837
18.5 -0.00855
19.0 -0.00868
19.5 -0.00886
20.0 -0.00898
20.5 -0.00916
21.0 -0.00929
21.5 -0.0094
22.0 -0.00956
22.5 -0.00965
23.0 -0.0098
23.5 -0.00989
24.0 -0.01002
24.5 -0.01015
25.0 -0.01025
25.5 -0.01034
26.0 -0.01042
26.5 -0.01052
27.0 -0.01061
27.5 -0.01065
28.0 -0.01066
28.5 -0.01077
29.0 -0.01083
29.5 -0.01088
30.0 -0.01092
30.5 -0.01096
31.0 -0.01099
31.5 -0.01105
32.0 -0.01107
32.5 -0.01108
33.0 -0.01107
33.5 -0.01112
34.0 -0.0111
34.5 -0.01109
35.0 -0.01111
35.5 -0.01112
36.0 -0.01111
36.5 -0.01109
37.0 -0.01102
37.5 -0.01097
38.0 -0.01096
38.5 -0.01095
39.0 -0.01088
39.5 -0.01087
40.0 -0.01078
40.5 -0.01077
41.0 -0.0107
41.5 -0.01065
42.0 -0.01057
42.5 -0.01049
43.0 -0.01046
43.5 -0.01036
44.0 -0.01028
44.5 -0.01023
45.0 -0.01011
45.5 -0.01004
46.0 -0.00997
46.5 -0.00991
47.0 -0.00982
47.5 -0.00969
48.0 -0.00962
48.5 -0.00949
49.0 -0.00941
49.5 -0.00934
50.0 -0.00925
50.5 -0.00913
51.0 -0.00901
51.5 -0.00892
52.0 -0.00881
52.5 -0.00871
53.0 -0.00861
53.5 -0.00848
54.0 -0.00835
54.5 -0.00829
55.0 -0.00819
55.5 -0.00804
56.0 -0.00795
56.5 -0.00781
57.0 -0.0077
57.5 -0.00759
58.0 -0.00751
58.5 -0.00743
59.0 -0.00734
59.5 -0.00721
60.0 -0.0071
60.5 -0.007
61.0 -0.00689
61.5 -0.00676
62.0 -0.00663
62.5 -0.00653
63.0 -0.00642
63.5 -0.00631
64.0 -0.00625
64.5 -0.00617
65.0 -0.00604
65.5 -0.00591
66.0 -0.00578
66.5 -0.00571
67.0 -0.00559
67.5 -0.00551
68.0 -0.00541
68.5 -0.00534
69.0 -0.00529
69.5 -0.00519
70.0 -0.00507
70.5 -0.00501
71.0 -0.0049
71.5 -0.00479
72.0 -0.00465
72.5 -0.00458
73.0 -0.00453
73.5 -0.00449
74.0 -0.0045
74.5 -0.00439
75.0 -0.0042
75.5 -0.00417
76.0 -0.00417
76.5 -0.00408
77.0 -0.00391
77.5 -0.00381
78.0 -0.00382
78.5 -0.0038
79.0 -0.00372
79.5 -0.00365
80.0 -0.00361
80.5 -0.0036
81.0 -0.0035
81.5 -0.00349
82.0 -0.00336
82.5 -0.00324
83.0 -0.00327
83.5 -0.00322
84.0 -0.00315
84.5 -0.00313
85.0 -0.00311
85.5 -0.00309
86.0 -0.00308
86.5 -0.00298
87.0 -0.0029
87.5 -0.00286
88.0 -0.0029
88.5 -0.00289
89.0 -0.00282
89.5 -0.00284
90.0 -0.00283
90.5 -0.00285
91.0 -0.00279
91.5 -0.00277
92.0 -0.0027
92.5 -0.00267
93.0 -0.0027
93.5 -0.00267
94.0 -0.00268
94.5 -0.00273
95.0 -0.00276
95.5 -0.00275
96.0 -0.00273
96.5 -0.00269
97.0 -0.00271
97.5 -0.00258
98.0 -0.00268
98.5 -0.00276
99.0 -0.00271
99.5 -0.00282
100.0 -0.0027
100.5 -0.00265
101.0 -0.0028
101.5 -0.003
102.0 -0.003
102.5 -0.0029
103.0 -0.0029
103.5 -0.003
104.0 -0.003
104.5 -0.0032
105.0 -0.0031
105.5 -0.003
106.0 -0.0031
106.5 -0.0031
107.0 -0.003
107.5 -0.0033
108.0 -0.0038
108.5 -0.0038
109.0 -0.0038
109.5 -0.0038
110.0 -0.0039
110.5 -0.0039
111.0 -0.0042
111.5 -0.0043
112.0 -0.0044
112.5 -0.0046
113.0 -0.0045
113.5 -0.0046
114.0 -0.0044
114.5 -0.0044
115.0 -0.0045
115.5 -0.0037
116.0 -0.0039
116.5 -0.0044
117.0 -0.0045
117.5 -0.0047
118.0 -0.0046
118.5 -0.0033
119.0 -0.000500000000001
119.5 0.0086
120.0 0.0094
120.5 0.0037
121.0 9.9999999998e-05
121.5 -0.0027
122.0 -0.0059
122.5 -0.0066
123.0 -0.00457
123.5 -0.00372
124.0 -0.00438
124.5 -0.00511
125.0 -0.00452
125.5 -0.00422
126.0 -0.00502
126.5 -0.0048
127.0 -0.00387
127.5 -0.00442
128.0 -0.00486
128.5 -0.00456
129.0 -0.00448
129.5 -0.00375
130.0 -0.003
130.5 -0.00418
131.0 -0.00426
131.5 -0.0033
132.0 -0.00286
132.5 -0.00309
133.0 -0.00312
133.5 -0.00294
134.0 -0.00254
134.5 -0.00252
135.0 -0.00251
135.5 -0.00228
136.0 -0.00281
136.5 -0.00211
137.0 -0.00178
137.5 -0.00234
138.0 -0.00203
138.5 -0.00189
139.0 -0.00201
139.5 -0.00189
140.0 -0.00183
140.5 -0.00168
141.0 -0.00168
141.5 -0.0014
142.0 -0.00118
142.5 -0.00104
143.0 -0.00082
143.5 -0.00088
144.0 -0.00138
144.5 -0.00108
145.0 -0.00109
145.5 -0.00072
146.0 -0.00043
146.5 -0.00098
147.0 -0.00091
147.5 -0.00061
148.0 -0.000447
148.5 -0.000627
149.0 -0.000521
149.5 -0.00057
150.0 -0.0006835
150.5 -0.0003282
151.0 0.000163
151.5 0.000369
152.0 4.7e-05
152.5 0.000115
153.0 0.00019
153.5 0.00014
154.0 0.00026
154.5 0.00048
155.0 0.00048
155.5 0.00051
156.0 0.00089
156.5 0.00108
157.0 0.001
157.5 0.00106
158.0 0.00095
158.5 0.00079
159.0 0.0008
159.5 0.00092
160.0 0.00119
160.5 0.00092
161.0 0.00133
161.5 0.00145
162.0 0.00178
162.5 0.00192
163.0 0.00198
163.5 0.00168
164.0 0.00173
164.5 0.00207
165.0 0.00261
165.5 0.00238
166.0 0.0023
166.5 0.0025
167.0 0.00279
167.5 0.00287
168.0 0.00313
168.5 0.00332
169.0 0.0035
169.5 0.00354
170.0 0.00335
170.5 0.0039
171.0 0.00414
171.5 0.00469
172.0 0.00493
172.5 0.00421
173.0 0.00432
173.5 0.00488
174.0 0.00543
174.5 0.00546
175.0 0.00516
175.5 0.00467
176.0 0.00454
176.5 0.00478
177.0 0.00425
177.5 0.0054
178.0 0.0031
178.5 0.000999999999999
179.0 -0.0046
179.5 -0.009
180.0 -0.0074
180.5 -0.0055
181.0 -0.0024
181.5 -0.0013
182.0 -0.0002
182.5 0.0015
183.0 0.0016
183.5 0.0018
184.0 0.0017
184.5 0.0022
185.0 0.002
185.5 0.0016
186.0 0.0016
186.5 0.0013
187.0 0.0012
187.5 0.0011
188.0 0.0006
188.5 0.000499999999999
189.0 0.0002
189.5 -0.000100000000002
190.0 -9.99999999998e-05
190.5 -0.0007
191.0 -0.0009
191.5 -0.0012
192.0 -0.0015
192.5 -0.0017
193.0 -0.0024
193.5 -0.0027
194.0 -0.0033
194.5 -0.004
195.0 -0.0052
195.5 -0.0064
196.0 -0.0072
196.5 -0.0084
197.0 -0.0099
197.5 -0.01088
198.0 -0.01404
198.5 -0.01881
199.0 -0.02897
199.5 -0.04351
