0.0 -0.00012
0.5 0.01956
1.0 0.01555
1.5 0.01101
2.0 0.00842
2.5 0.00596
3.0 0.00446
3.5 0.00362
4.0 0.00275
4.5 0.00198
5.0 0.00122
5.5 0.000649999999999
6.0 9.00000000001e-05
6.5 -0.00054
7.0 -0.000979999999999
7.5 -0.00137
8.0 -0.00176
8.5 -0.00214
9.0 -0.00247
9.5 -0.00282
10.0 -0.0032
10.5 -0.0035
11.0 -0.00379
11.5 -0.00415
12.0 -0.00445
12.5 -0.0047
13.0 -0.00498
13.5 -0.00526
14.0 -0.00558
14.5 -0.00581
15.0 -0.00606
15.5 -0.00633
16.0 -0.00657
16.5 -0.0068
17.0 -0.00705
17.5 -0.00732
18.0 -0.00757
18.5 -0.00781
19.0 -0.00801
19.5 -0.00827
20.0 -0.00848
20.5 -0.00872
21.0 -0.00891
21.5 -0.0091
22.0 -0.00935
22.5 -0.00954
23.0 -0.00976
23.5 -0.00992
24.0 -0.01013
24.5 -0.01034
25.0 -0.01053
25.5 -0.01071
26.0 -0.01089
26.5 -0.01105
27.0 -0.01122
27.5 -0.01135
28.0 -0.01145
28.5 -0.01162
29.0 -0.01178
29.5 -0.01191
30.0 -0.01204
30.5 -0.01218
31.0 -0.01229
31.5 -0.01241
32.0 -0.01249
32.5 -0.01259
33.0 -0.01266
33.5 -0.01276
34.0 -0.01283
34.5 -0.01289
35.0 -0.01298
35.5 -0.01304
36.0 -0.01311
36.5 -0.01315
37.0 -0.01313
37.5 -0.01315
38.0 -0.0132
38.5 -0.01323
39.0 -0.01322
39.5 -0.01326
40.0 -0.01321
40.5 -0.01323
41.0 -0.0132
41.5 -0.01318
42.0 -0.01314
42.5 -0.01308
43.0 -0.01305
43.5 -0.01298
44.0 -0.01293
44.5 -0.0129
45.0 -0.01282
45.5 -0.01275
46.0 -0.01266
46.5 -0.01259
47.0 -0.01252
47.5 -0.0124
48.0 -0.01231
48.5 -0.01219
49.0 -0.01211
49.5 -0.01204
50.0 -0.01192
50.5 -0.01179
51.0 -0.01165
51.5 -0.01155
52.0 -0.01141
52.5 -0.01127
53.0 -0.01116
53.5 -0.01105
54.0 -0.01087
54.5 -0.01076
55.0 -0.01065
55.5 -0.01048
56.0 -0.01036
56.5 -0.01018
57.0 -0.01004
57.5 -0.0099
58.0 -0.00979
58.5 -0.00966
59.0 -0.00954
59.5 -0.00936
60.0 -0.00922
60.5 -0.00905
61.0 -0.00888
61.5 -0.00877
62.0 -0.00861
62.5 -0.00847
63.0 -0.0083
63.5 -0.00817
64.0 -0.00806
64.5 -0.00796
65.0 -0.00778
65.5 -0.00765
66.0 -0.00748
66.5 -0.00737
67.0 -0.00723
67.5 -0.0071
68.0 -0.00695
68.5 -0.00682
69.0 -0.00676
69.5 -0.00665
70.0 -0.00649
70.5 -0.00639
71.0 -0.00624
71.5 -0.00609
72.0 -0.00595
72.5 -0.00581
73.0 -0.0057
73.5 -0.00563
74.0 -0.0056
74.5 -0.00547
75.0 -0.00531
75.5 -0.00523
76.0 -0.00521
76.5 -0.00502
77.0 -0.00484
77.5 -0.00474
78.0 -0.00473
78.5 -0.00468
79.0 -0.00457
79.5 -0.00452
80.0 -0.00436
80.5 -0.00434
81.0 -0.00422
81.5 -0.00415
82.0 -0.00403
82.5 -0.00395
83.0 -0.00395
83.5 -0.00383
84.0 -0.00377
84.5 -0.00378
85.0 -0.00367
85.5 -0.00362
86.0 -0.00355
86.5 -0.00352
87.0 -0.00349
87.5 -0.00338
88.0 -0.00335
88.5 -0.00335
89.0 -0.00328
89.5 -0.00336
90.0 -0.00324
90.5 -0.00322
91.0 -0.00316
91.5 -0.00308
92.0 -0.00302
92.5 -0.003
93.0 -0.00302
93.5 -0.00306
94.0 -0.00303
94.5 -0.00291
95.0 -0.00298
95.5 -0.00292
96.0 -0.00295
96.5 -0.00287
97.0 -0.00283
97.5 -0.00277
98.0 -0.00294
98.5 -0.00306
99.0 -0.00295
99.5 -0.00289
100.0 -0.00276
100.5 -0.00255
101.0 -0.0028
101.5 -0.0028
102.0 -0.003
102.5 -0.0031
103.0 -0.003
103.5 -0.0031
104.0 -0.0032
104.5 -0.0033
105.0 -0.0029
105.5 -0.0031
106.0 -0.0031
106.5 -0.0033
107.0 -0.0032
107.5 -0.0032
108.0 -0.0036
108.5 -0.0036
109.0 -0.0038
109.5 -0.0039
110.0 -0.0039
110.5 -0.0039
111.0 -0.0039
111.5 -0.0041
112.0 -0.004
112.5 -0.0043
113.0 -0.0042
113.5 -0.0042
114.0 -0.0043
114.5 -0.0044
115.0 -0.0043
115.5 -0.0039
116.0 -0.0039
116.5 -0.0039
117.0 -0.004
117.5 -0.0046
118.0 -0.0034
118.5 -0.0029
119.0 -0.0013
119.5 0.0068
120.0 0.007
120.5 0.0043
121.0 9.99999999998e-05
121.5 -0.0037
122.0 -0.0074
122.5 -0.008
123.0 -0.0065
123.5 -0.00652
124.0 -0.00604
124.5 -0.00507
125.0 -0.0051
125.5 -0.00505
126.0 -0.00546
126.5 -0.00475
127.0 -0.00444
127.5 -0.0042
128.0 -0.00416
128.5 -0.00457
129.0 -0.00467
129.5 -0.00393
130.0 -0.0035
130.5 -0.00344
131.0 -0.004
131.5 -0.00319
132.0 -0.00302
132.5 -0.00282
133.0 -0.0028
133.5 -0.00307
134.0 -0.00254
134.5 -0.00241
135.0 -0.00209
135.5 -0.00254
136.0 -0.00276
136.5 -0.00228
137.0 -0.00183
137.5 -0.00209
138.0 -0.00184
138.5 -0.00179
139.0 -0.00167
139.5 -0.00187
140.0 -0.00177
140.5 -0.00168
141.0 -0.00169
141.5 -0.0014
142.0 -0.00119
142.5 -0.0011
143.0 -0.00101
143.5 -0.00107
144.0 -0.00129
144.5 -0.0009
145.0 -0.00083
145.5 -0.0009
146.0 -0.00043
146.5 -0.00081
147.0 -0.00077
147.5 -0.00067
148.0 -0.000587
148.5 -0.000782
149.0 -0.000765
149.5 -0.000781
150.0 -0.0007401
150.5 -0.0008706
151.0 -0.000373
151.5 -0.000206
152.0 -0.000397
152.5 -0.000191
153.0 -0.00018
153.5 -0.00034
154.0 -0.00016
154.5 0.00019
155.0 0.00032
155.5 0.00016
156.0 0.000490000000001
156.5 0.00056
157.0 0.00055
157.5 0.00066
158.0 0.00059
158.5 0.00045
159.0 0.00043
159.5 0.00051
160.0 0.00108
160.5 0.0008
161.0 0.00119
161.5 0.00131
162.0 0.00155
162.5 0.00161
163.0 0.00145
163.5 0.00106
164.0 0.00125
164.5 0.00164
165.0 0.00224
165.5 0.00226
166.0 0.00188
166.5 0.00199
167.0 0.00203
167.5 0.00229
168.0 0.00266
168.5 0.00256
169.0 0.00241
169.5 0.00273
170.0 0.00306
170.5 0.00335
171.0 0.00332
171.5 0.00385
172.0 0.00417
172.5 0.00403
173.0 0.00387
173.5 0.00379
174.0 0.00439
174.5 0.00448
175.0 0.0045
175.5 0.00419
176.0 0.00443
176.5 0.00517
177.0 0.00445
177.5 0.00471
178.0 0.0026
178.5 0.0011
179.0 -0.0027
179.5 -0.0069
180.0 -0.0061
180.5 -0.0041
181.0 -9.99999999998e-05
181.5 0.0008
182.0 0.0006
182.5 0.000799999999998
183.0 0.0015
183.5 0.0019
184.0 0.0018
184.5 0.0015
185.0 0.0015
185.5 0.0018
186.0 0.0015
186.5 0.0011
187.0 0.0014
187.5 0.0013
188.0 0.000799999999998
188.5 0.000599999999999
189.0 0.0002
189.5 -0.000100000000002
190.0 -0.000200000000001
190.5 -0.000999999999999
191.0 -0.0012
191.5 -0.0017
192.0 -0.002
192.5 -0.0022
193.0 -0.0031
193.5 -0.0036
194.0 -0.0046
194.5 -0.0054
195.0 -0.0063
195.5 -0.0078
196.0 -0.0092
196.5 -0.0105
197.0 -0.0136
197.5 -0.01618
198.0 -0.0218
198.5 -0.02908
199.0 -0.044
199.5 -0.06804
