0.0 -0.00191
0.5 0.01601
1.0 0.01134
1.5 0.00689
2.0 0.00493
2.5 0.00282
3.0 0.00167
3.5 0.000389999999999
4.0 -0.000169999999999
4.5 -0.00078
5.0 -0.00178
5.5 -0.00225
6.0 -0.00273
6.5 -0.00317
7.0 -0.00349
7.5 -0.00387
8.0 -0.00418
8.5 -0.00451
9.0 -0.00493
9.5 -0.00514
10.0 -0.00543
10.5 -0.00569
11.0 -0.00594
11.5 -0.00624
12.0 -0.00648
12.5 -0.00667
13.0 -0.00691
13.5 -0.00713
14.0 -0.00738
14.5 -0.00754
15.0 -0.00773
15.5 -0.00795
16.0 -0.00813
16.5 -0.00828
17.0 -0.00846
17.5 -0.00868
18.0 -0.00879
18.5 -0.00896
19.0 -0.00915
19.5 -0.00933
20.0 -0.00944
20.5 -0.00957
21.0 -0.00971
21.5 -0.00983
22.0 -0.00999
22.5 -0.01004
23.0 -0.01017
23.5 -0.01024
24.0 -0.01038
24.5 -0.01049
25.0 -0.01058
25.5 -0.01065
26.0 -0.01073
26.5 -0.0108
27.0 -0.01086
27.5 -0.01091
28.0 -0.01092
28.5 -0.01098
29.0 -0.01105
29.5 -0.01108
30.0 -0.01112
30.5 -0.01115
31.0 -0.01117
31.5 -0.01119
32.0 -0.01118
32.5 -0.01118
33.0 -0.01117
33.5 -0.01121
34.0 -0.01116
34.5 -0.01114
35.0 -0.01114
35.5 -0.01113
36.0 -0.01111
36.5 -0.01107
37.0 -0.01098
37.5 -0.01092
38.0 -0.01088
38.5 -0.01082
39.0 -0.01075
39.5 -0.01074
40.0 -0.01063
40.5 -0.01057
41.0 -0.01049
41.5 -0.01042
42.0 -0.01031
42.5 -0.01021
43.0 -0.01014
43.5 -0.01003
44.0 -0.00995
44.5 -0.00989
45.0 -0.00977
45.5 -0.00966
46.0 -0.00956
46.5 -0.00947
47.0 -0.00935
47.5 -0.0092
48.0 -0.00911
48.5 -0.00899
49.0 -0.00889
49.5 -0.0088
50.0 -0.00868
50.5 -0.00853
51.0 -0.00842
51.5 -0.00828
52.0 -0.00815
52.5 -0.00803
53.0 -0.00792
53.5 -0.00781
54.0 -0.00764
54.5 -0.00758
55.0 -0.00744
55.5 -0.00731
56.0 -0.00721
56.5 -0.00705
57.0 -0.00694
57.5 -0.00681
58.0 -0.0067
58.5 -0.00661
59.0 -0.00651
59.5 -0.00639
60.0 -0.00628
60.5 -0.00617
61.0 -0.006
61.5 -0.00593
62.0 -0.00581
62.5 -0.0057
63.0 -0.00557
63.5 -0.00545
64.0 -0.00538
64.5 -0.0053
65.0 -0.00517
65.5 -0.00509
66.0 -0.00494
66.5 -0.00485
67.0 -0.00477
67.5 -0.00466
68.0 -0.00456
68.5 -0.00453
69.0 -0.00446
69.5 -0.00434
70.0 -0.00423
70.5 -0.00419
71.0 -0.00409
71.5 -0.00396
72.0 -0.00384
72.5 -0.00377
73.0 -0.00371
73.5 -0.00368
74.0 -0.00364
74.5 -0.00355
75.0 -0.00343
75.5 -0.00339
76.0 -0.00336
76.5 -0.00326
77.0 -0.00312
77.5 -0.00303
78.0 -0.00307
78.5 -0.00301
79.0 -0.00295
79.5 -0.00291
80.0 -0.00286
80.5 -0.00284
81.0 -0.00276
81.5 -0.00274
82.0 -0.0026
82.5 -0.00251
83.0 -0.0025
83.5 -0.00249
84.0 -0.00246
84.5 -0.00242
85.0 -0.00243
85.5 -0.00242
86.0 -0.00242
86.5 -0.00231
87.0 -0.00223
87.5 -0.00223
88.0 -0.00228
88.5 -0.00229
89.0 -0.00223
89.5 -0.00217
90.0 -0.00215
90.5 -0.00216
91.0 -0.0022
91.5 -0.0021
92.0 -0.00204
92.5 -0.0021
93.0 -0.00222
93.5 -0.00225
94.0 -0.00204
94.5 -0.00201
95.0 -0.00205
95.5 -0.00209
96.0 -0.00212
96.5 -0.00215
97.0 -0.00226
97.5 -0.00214
98.0 -0.00225
98.5 -0.00226
99.0 -0.00227
99.5 -0.00227
100.0 -0.00212
100.5 -0.00204
101.0 -0.0021
101.5 -0.0021
102.0 -0.0023
102.5 -0.0023
103.0 -0.0024
103.5 -0.0026
104.0 -0.0027
104.5 -0.0026
105.0 -0.0025
105.5 -0.0026
106.0 -0.0025
106.5 -0.0027
107.0 -0.0028
107.5 -0.0029
108.0 -0.0033
108.5 -0.0031
109.0 -0.0033
109.5 -0.0034
110.0 -0.0035
110.5 -0.0035
111.0 -0.0033
111.5 -0.0037
112.0 -0.0038
112.5 -0.004
113.0 -0.0043
113.5 -0.0043
114.0 -0.0039
114.5 -0.0044
115.0 -0.0045
115.5 -0.0044
116.0 -0.0036
116.5 -0.0035
117.0 -0.0033
117.5 -0.0046
118.0 -0.0028
118.5 -0.0026
119.0 0.000799999999998
119.5 0.0097
120.0 0.0116
120.5 0.009
121.0 0.0033
121.5 -0.0027
122.0 -0.0059
122.5 -0.0061
123.0 -0.00453
123.5 -0.00487
124.0 -0.00622
124.5 -0.00501
125.0 -0.00403
125.5 -0.00583
126.0 -0.00529
126.5 -0.00517
127.0 -0.00437
127.5 -0.00413
128.0 -0.00382
128.5 -0.00396
129.0 -0.00481
129.5 -0.00383
130.0 -0.00335
130.5 -0.00326
131.0 -0.0032
131.5 -0.00323
132.0 -0.00295
132.5 -0.00273
133.0 -0.00259
133.5 -0.00255
134.0 -0.00204
134.5 -0.0022
135.0 -0.00214
135.5 -0.00229
136.0 -0.00199
136.5 -0.00188
137.0 -0.00159
137.5 -0.00181
138.0 -0.00148
138.5 -0.00157
139.0 -0.00173
139.5 -0.00173
140.0 -0.00133
140.5 -0.00145
141.0 -0.00154
141.5 -0.00103
142.0 -0.00065
142.5 -0.00077
143.0 -0.0009
143.5 -0.000830000000001
144.0 -0.00095
144.5 -0.00112
145.0 -0.00102
145.5 -0.00054
146.0 -9.99999999984e-06
146.5 -0.00059
147.0 -0.0005
147.5 -0.00031
148.0 -0.000272
148.5 -0.000534
149.0 -0.000489
149.5 -0.000526
150.0 -0.0007037
150.5 -0.0005722
151.0 -9.7e-05
151.5 7.1e-05
152.0 3.5e-05
152.5 0.000112
153.0 -0.00011
153.5 -0.0003
154.0 -0.00011
154.5 -1.00000000001e-05
155.0 -5.00000000003e-05
155.5 -5.99999999999e-05
156.0 0.000360000000001
156.5 0.00063
157.0 0.0006
157.5 0.00068
158.0 0.00059
158.5 0.00037
159.0 0.00036
159.5 0.00071
160.0 0.00124
160.5 0.000900000000001
161.0 0.00129
161.5 0.00131
162.0 0.00154
162.5 0.00165
163.0 0.00163
163.5 0.00114
164.0 0.00103
164.5 0.00146
165.0 0.0021
165.5 0.00237
166.0 0.00205
166.5 0.00208
167.0 0.0023
167.5 0.00243
168.0 0.0024
168.5 0.00241
169.0 0.00271
169.5 0.00292
170.0 0.00331
170.5 0.00351
171.0 0.00333
171.5 0.00376
172.0 0.0039
172.5 0.00366
173.0 0.004
173.5 0.00399
174.0 0.00414
174.5 0.00477
175.0 0.00485
175.5 0.00467
176.0 0.00516
176.5 0.00663
177.0 0.00655
177.5 0.00721
178.0 0.0067
178.5 0.0033
179.0 -0.000400000000001
179.5 -0.0006
180.0 0.0002
180.5 -0.0028
181.0 -0.003
181.5 -0.002
182.0 -0.000999999999999
182.5 -9.99999999998e-05
183.0 0.000500000000001
183.5 0.0007
184.0 0.000299999999999
184.5 0.000499999999999
185.0 0.0007
185.5 0.000499999999999
186.0 0.0006
186.5 0.0006
187.0 0.000399999999999
187.5 0.000499999999999
188.0 0.0002
188.5 0.0002
189.0 -0.000299999999999
189.5 -0.0008
190.0 -0.0007
190.5 -0.0014
191.0 -0.0016
191.5 -0.002
192.0 -0.0022
192.5 -0.0025
193.0 -0.0035
193.5 -0.0037
194.0 -0.0047
194.5 -0.0056
195.0 -0.0066
195.5 -0.0083
196.0 -0.0097
196.5 -0.0113
197.0 -0.0129
197.5 -0.01608
198.0 -0.02225
198.5 -0.02923
199.0 -0.04396
199.5 -0.06774
