0.0 0.000159999999999
0.5 0.01823
1.0 0.01224
1.5 0.00779
2.0 0.00525
2.5 0.00308
3.0 0.00198
3.5 0.00099
4.0 0.000120000000001
4.5 -0.00062
5.0 -0.00135
5.5 -0.0019
6.0 -0.00244
6.5 -0.0029
7.0 -0.00331
7.5 -0.00372
8.0 -0.00406
8.5 -0.00438
9.0 -0.00467
9.5 -0.00493
10.0 -0.00525
10.5 -0.00554
11.0 -0.00582
11.5 -0.00608
12.0 -0.0063
12.5 -0.00653
13.0 -0.00678
13.5 -0.00702
14.0 -0.00722
14.5 -0.00742
15.0 -0.0076
15.5 -0.00787
16.0 -0.00806
16.5 -0.00822
17.0 -0.00839
17.5 -0.00858
18.0 -0.00874
18.5 -0.00897
19.0 -0.00909
19.5 -0.00926
20.0 -0.0094
20.5 -0.00958
21.0 -0.00972
21.5 -0.00982
22.0 -0.00998
22.5 -0.01007
23.0 -0.0102
23.5 -0.01029
24.0 -0.01044
24.5 -0.01056
25.0 -0.01066
25.5 -0.01073
26.0 -0.01082
26.5 -0.01091
27.0 -0.01101
27.5 -0.01104
28.0 -0.01107
28.5 -0.01115
29.0 -0.01123
29.5 -0.01126
30.0 -0.01131
30.5 -0.01136
31.0 -0.01138
31.5 -0.01142
32.0 -0.01143
32.5 -0.01141
33.0 -0.01141
33.5 -0.01144
34.0 -0.01141
34.5 -0.01138
35.0 -0.0114
35.5 -0.01138
36.0 -0.01138
36.5 -0.01135
37.0 -0.01127
37.5 -0.01122
38.0 -0.01121
38.5 -0.01116
39.0 -0.01107
39.5 -0.01105
40.0 -0.01096
40.5 -0.01093
41.0 -0.01085
41.5 -0.01078
42.0 -0.01069
42.5 -0.01059
43.0 -0.01051
43.5 -0.01039
44.0 -0.0103
44.5 -0.01025
45.0 -0.01012
45.5 -0.01002
46.0 -0.00992
46.5 -0.00982
47.0 -0.00972
47.5 -0.00958
48.0 -0.00948
48.5 -0.00935
49.0 -0.00925
49.5 -0.00915
50.0 -0.00906
50.5 -0.00892
51.0 -0.00879
51.5 -0.00868
52.0 -0.00854
52.5 -0.00841
53.0 -0.0083
53.5 -0.00818
54.0 -0.00801
54.5 -0.00791
55.0 -0.00781
55.5 -0.00766
56.0 -0.00754
56.5 -0.00739
57.0 -0.00727
57.5 -0.00713
58.0 -0.00704
58.5 -0.00693
59.0 -0.00682
59.5 -0.00671
60.0 -0.00659
60.5 -0.00645
61.0 -0.00632
61.5 -0.00622
62.0 -0.00609
62.5 -0.00598
63.0 -0.00584
63.5 -0.00575
64.0 -0.00567
64.5 -0.0056
65.0 -0.00541
65.5 -0.00531
66.0 -0.00517
66.5 -0.00511
67.0 -0.005
67.5 -0.00492
68.0 -0.0048
68.5 -0.00475
69.0 -0.00469
69.5 -0.00453
70.0 -0.00444
70.5 -0.00435
71.0 -0.00429
71.5 -0.00417
72.0 -0.00405
72.5 -0.00398
73.0 -0.00392
73.5 -0.00385
74.0 -0.00382
74.5 -0.00372
75.0 -0.00361
75.5 -0.00357
76.0 -0.00353
76.5 -0.0034
77.0 -0.00329
77.5 -0.0032
78.0 -0.00317
78.5 -0.00314
79.0 -0.00308
79.5 -0.00305
80.0 -0.00299
80.5 -0.00299
81.0 -0.00291
81.5 -0.00286
82.0 -0.0028
82.5 -0.00273
83.0 -0.00267
83.5 -0.00263
84.0 -0.00257
84.5 -0.00256
85.0 -0.00257
85.5 -0.00255
86.0 -0.00254
86.5 -0.00244
87.0 -0.00236
87.5 -0.00233
88.0 -0.00235
88.5 -0.00234
89.0 -0.00225
89.5 -0.00227
90.0 -0.00226
90.5 -0.00228
91.0 -0.00227
91.5 -0.00223
92.0 -0.00221
92.5 -0.00223
93.0 -0.00228
93.5 -0.00226
94.0 -0.00214
94.5 -0.0021
95.0 -0.00213
95.5 -0.00226
96.0 -0.00217
96.5 -0.00217
97.0 -0.00223
97.5 -0.00215
98.0 -0.00227
98.5 -0.00229
99.0 -0.00222
99.5 -0.00227
100.0 -0.00224
100.5 -0.0022
101.0 -0.0024
101.5 -0.0025
102.0 -0.0024
102.5 -0.0024
103.0 -0.0025
103.5 -0.0026
104.0 -0.0027
104.5 -0.0028
105.0 -0.0027
105.5 -0.0027
106.0 -0.003
106.5 -0.003
107.0 -0.0029
107.5 -0.0028
108.0 -0.0032
108.5 -0.0032
109.0 -0.0035
109.5 -0.0036
110.0 -0.0038
110.5 -0.0039
111.0 -0.0036
111.5 -0.0041
112.0 -0.0042
112.5 -0.0043
113.0 -0.0043
113.5 -0.0045
114.0 -0.0044
114.5 -0.0043
115.0 -0.004
115.5 -0.0037
116.0 -0.0041
116.5 -0.0045
117.0 -0.0051
117.5 -0.0054
118.0 -0.0047
118.5 -0.0032
119.0 9.99999999998e-05
119.5 0.0098
120.0 0.0108
120.5 0.0061
121.0 0.0021
121.5 -0.0019
122.0 -0.004
122.5 -0.0046
123.0 -0.00381
123.5 -0.0038
124.0 -0.00389
124.5 -0.00417
125.0 -0.00363
125.5 -0.00441
126.0 -0.00442
126.5 -0.00404
127.0 -0.00344
127.5 -0.00374
128.0 -0.00399
128.5 -0.00386
129.0 -0.00386
129.5 -0.00331
130.0 -0.00291
130.5 -0.00282
131.0 -0.00319
131.5 -0.00297
132.0 -0.00283
132.5 -0.00267
133.0 -0.00244
133.5 -0.00243
134.0 -0.00201
134.5 -0.00201
135.0 -0.00215
135.5 -0.00204
136.0 -0.00167
136.5 -0.00179
137.0 -0.00145
137.5 -0.00178
138.0 -0.00166
138.5 -0.00157
139.0 -0.00127
139.5 -0.00144
140.0 -0.00135
140.5 -0.00125
141.0 -0.00119
141.5 -0.00109
142.0 -0.00086
142.5 -0.00072
143.0 -0.0006
143.5 -0.00047
144.0 -0.00061
144.5 -0.00079
145.0 -0.00076
145.5 -0.00021
146.0 0.00016
146.5 -0.00034
147.0 -0.00046
147.5 -0.00032
148.0 -0.000191
148.5 -0.000318
149.0 -0.000215
149.5 -0.000456
150.0 -0.0005516
150.5 -0.0001032
151.0 0.000321
151.5 0.000287
152.0 5.8e-05
152.5 0.000161
153.0 8.00000000001e-05
153.5 -5.99999999999e-05
154.0 0.00019
154.5 0.00047
155.0 0.00029
155.5 0.00035
156.0 0.000720000000001
156.5 0.00068
157.0 0.00067
157.5 0.00074
158.0 0.00079
158.5 0.00088
159.0 0.00095
159.5 0.00099
160.0 0.00127
160.5 0.00104
161.0 0.00141
161.5 0.00159
162.0 0.002
162.5 0.00207
163.0 0.00201
163.5 0.00167
164.0 0.00166
164.5 0.00191
165.0 0.00247
165.5 0.00259
166.0 0.00222
166.5 0.00229
167.0 0.00264
167.5 0.00294
168.0 0.00316
168.5 0.00318
169.0 0.00323
169.5 0.00313
170.0 0.00368
170.5 0.00394
171.0 0.00388
171.5 0.00434
172.0 0.00448
172.5 0.00419
173.0 0.00442
173.5 0.00469
174.0 0.00515
174.5 0.00518
175.0 0.00436
175.5 0.0046
176.0 0.0055
176.5 0.00702
177.0 0.0082
177.5 0.00796
178.0 0.0059
178.5 0.0044
179.0 -0.0007
179.5 -0.0048
180.0 -0.005
180.5 -0.0051
181.0 -0.0024
181.5 -0.0013
182.0 -0.0009
182.5 0.000399999999999
183.0 0.000399999999999
183.5 0.000999999999999
184.0 0.0008
184.5 0.0009
185.0 0.001
185.5 0.0009
186.0 0.0009
186.5 0.0008
187.0 0.0009
187.5 0.0006
188.0 0.0002
188.5 9.9999999998e-05
189.0 -9.99999999998e-05
189.5 -0.000500000000001
190.0 -0.000400000000001
190.5 -0.000999999999999
191.0 -0.0012
191.5 -0.0015
192.0 -0.002
192.5 -0.0021
193.0 -0.0025
193.5 -0.003
194.0 -0.0039
194.5 -0.0045
195.0 -0.0054
195.5 -0.0065
196.0 -0.0074
196.5 -0.0086
197.0 -0.0102
197.5 -0.01128
198.0 -0.01452
198.5 -0.01952
199.0 -0.03018
199.5 -0.04595
