0.0 -0.00207
0.5 0.01725
1.0 0.01157
1.5 0.00714
2.0 0.00463
2.5 0.0025
3.0 0.00145
3.5 0.00051
4.0 -0.000249999999999
4.5 -0.0009
5.0 -0.00193
5.5 -0.0024
6.0 -0.00286
6.5 -0.0033
7.0 -0.00366
7.5 -0.00406
8.0 -0.00439
8.5 -0.00469
9.0 -0.00497
9.5 -0.00521
10.0 -0.00562
10.5 -0.00584
11.0 -0.00608
11.5 -0.00635
12.0 -0.00655
12.5 -0.00677
13.0 -0.007
13.5 -0.00721
14.0 -0.00739
14.5 -0.00759
15.0 -0.00778
15.5 -0.00799
16.0 -0.00813
16.5 -0.00832
17.0 -0.00848
17.5 -0.00862
18.0 -0.0088
18.5 -0.00895
19.0 -0.00907
19.5 -0.00924
20.0 -0.00935
20.5 -0.00948
21.0 -0.00961
21.5 -0.00971
22.0 -0.00984
22.5 -0.00991
23.0 -0.01001
23.5 -0.01008
24.0 -0.01023
24.5 -0.0103
25.0 -0.01036
25.5 -0.01043
26.0 -0.01049
26.5 -0.01056
27.0 -0.0106
27.5 -0.01063
28.0 -0.01063
28.5 -0.0107
29.0 -0.01073
29.5 -0.01077
30.0 -0.01078
30.5 -0.0108
31.0 -0.01082
31.5 -0.01083
32.0 -0.0108
32.5 -0.0108
33.0 -0.01077
33.5 -0.01079
34.0 -0.01073
34.5 -0.0107
35.0 -0.01068
35.5 -0.01066
36.0 -0.01064
36.5 -0.01059
37.0 -0.01051
37.5 -0.01044
38.0 -0.01039
38.5 -0.01035
39.0 -0.01025
39.5 -0.01023
40.0 -0.01013
40.5 -0.01007
41.0 -0.00999
41.5 -0.00992
42.0 -0.00983
42.5 -0.00973
43.0 -0.00966
43.5 -0.00955
44.0 -0.00947
44.5 -0.00939
45.0 -0.00926
45.5 -0.00916
46.0 -0.00906
46.5 -0.00896
47.0 -0.00884
47.5 -0.00869
48.0 -0.00861
48.5 -0.00849
49.0 -0.0084
49.5 -0.00832
50.0 -0.00821
50.5 -0.00808
51.0 -0.00795
51.5 -0.00783
52.0 -0.00771
52.5 -0.00759
53.0 -0.00747
53.5 -0.00737
54.0 -0.00721
54.5 -0.00713
55.0 -0.00705
55.5 -0.00694
56.0 -0.00679
56.5 -0.00667
57.0 -0.00656
57.5 -0.00642
58.0 -0.00634
58.5 -0.00622
59.0 -0.00614
59.5 -0.00603
60.0 -0.00593
60.5 -0.00583
61.0 -0.00566
61.5 -0.00559
62.0 -0.00549
62.5 -0.00536
63.0 -0.00527
63.5 -0.00518
64.0 -0.00509
64.5 -0.00501
65.0 -0.00491
65.5 -0.00478
66.0 -0.00465
66.5 -0.00458
67.0 -0.00451
67.5 -0.00442
68.0 -0.00432
68.5 -0.00428
69.0 -0.0042
69.5 -0.0041
70.0 -0.00399
70.5 -0.00395
71.0 -0.00391
71.5 -0.00378
72.0 -0.00366
72.5 -0.00361
73.0 -0.00357
73.5 -0.00353
74.0 -0.00354
74.5 -0.00337
75.0 -0.00328
75.5 -0.00324
76.0 -0.00323
76.5 -0.00315
77.0 -0.00297
77.5 -0.00288
78.0 -0.00293
78.5 -0.00287
79.0 -0.00284
79.5 -0.00285
80.0 -0.00271
80.5 -0.00272
81.0 -0.00265
81.5 -0.00258
82.0 -0.0025
82.5 -0.00247
83.0 -0.00245
83.5 -0.00245
84.0 -0.00242
84.5 -0.00232
85.0 -0.00234
85.5 -0.00238
86.0 -0.00228
86.5 -0.00223
87.0 -0.00224
87.5 -0.00219
88.0 -0.00218
88.5 -0.00221
89.0 -0.00216
89.5 -0.00215
90.0 -0.00214
90.5 -0.00212
91.0 -0.00206
91.5 -0.00201
92.0 -0.00199
92.5 -0.00201
93.0 -0.00209
93.5 -0.00214
94.0 -0.00204
94.5 -0.00209
95.0 -0.00219
95.5 -0.00212
96.0 -0.00198
96.5 -0.002
97.0 -0.00211
97.5 -0.00209
98.0 -0.00218
98.5 -0.00226
99.0 -0.00227
99.5 -0.00229
100.0 -0.00205
100.5 -0.00209
101.0 -0.0021
101.5 -0.0021
102.0 -0.0023
102.5 -0.0023
103.0 -0.0022
103.5 -0.0023
104.0 -0.0024
104.5 -0.0026
105.0 -0.0024
105.5 -0.0025
106.0 -0.0026
106.5 -0.0025
107.0 -0.0024
107.5 -0.0026
108.0 -0.003
108.5 -0.0029
109.0 -0.0032
109.5 -0.0033
110.0 -0.0034
110.5 -0.0035
111.0 -0.0033
111.5 -0.0036
112.0 -0.0038
112.5 -0.0041
113.0 -0.0039
113.5 -0.0039
114.0 -0.0041
114.5 -0.0044
115.0 -0.0046
115.5 -0.0041
116.0 -0.0041
116.5 -0.0041
117.0 -0.0031
117.5 -0.0028
118.0 -0.0032
118.5 -0.0025
119.0 -0.000500000000001
119.5 0.0077
120.0 0.0092
120.5 0.0064
121.0 0.0019
121.5 -0.0015
122.0 -0.0041
122.5 -0.0055
123.0 -0.00416
123.5 -0.00352
124.0 -0.0048
124.5 -0.00414
125.0 -0.00365
125.5 -0.00441
126.0 -0.0044
126.5 -0.0045
127.0 -0.00377
127.5 -0.00337
128.0 -0.0039
128.5 -0.0045
129.0 -0.0041
129.5 -0.00342
130.0 -0.00292
130.5 -0.00345
131.0 -0.00346
131.5 -0.00291
132.0 -0.00258
132.5 -0.00279
133.0 -0.00298
133.5 -0.00281
134.0 -0.00211
134.5 -0.00235
135.0 -0.00202
135.5 -0.00215
136.0 -0.00209
136.5 -0.00198
137.0 -0.00188
137.5 -0.00186
138.0 -0.00167
138.5 -0.00194
139.0 -0.00147
139.5 -0.00128
140.0 -0.00153
140.5 -0.00162
141.0 -0.00162
141.5 -0.00132
142.0 -0.00099
142.5 -0.000799999999999
143.0 -0.00064
143.5 -0.00067
144.0 -0.00111
144.5 -0.00118
145.0 -0.00091
145.5 -0.00067
146.0 -0.00019
146.5 -0.00063
147.0 -0.00069
147.5 -0.00057
148.0 -0.00049
148.5 -0.000599
149.0 -0.000457
149.5 -0.000751
150.0 -0.000901
150.5 -0.0006002
151.0 -0.000181
151.5 -0.000147
152.0 -0.000283
152.5 -0.000103
153.0 -0.0001
153.5 -0.00019
154.0 -8.00000000001e-05
154.5 -8.00000000001e-05
155.0 -0.00013
155.5 -5.99999999999e-05
156.0 0.00035
156.5 0.00046
157.0 0.00048
157.5 0.00064
158.0 0.00061
158.5 0.00051
159.0 0.00055
159.5 0.000770000000001
160.0 0.00122
160.5 0.000850000000001
161.0 0.0012
161.5 0.00116
162.0 0.00126
162.5 0.00137
163.0 0.00147
163.5 0.00119
164.0 0.00121
164.5 0.00144
165.0 0.002
165.5 0.00226
166.0 0.00199
166.5 0.00163
167.0 0.00203
167.5 0.00232
168.0 0.00248
168.5 0.00259
169.0 0.00277
169.5 0.00282
170.0 0.003
170.5 0.00322
171.0 0.00324
171.5 0.00318
172.0 0.00352
172.5 0.00338
173.0 0.00356
173.5 0.00386
174.0 0.00409
174.5 0.00356
175.0 0.00376
175.5 0.00373
176.0 0.00394
176.5 0.00481
177.0 0.00493
177.5 0.00487
178.0 0.0032
178.5 -0.001
179.0 -0.005
179.5 -0.0051
180.0 -0.0027
180.5 -0.0027
181.0 9.99999999998e-05
181.5 0.0
182.0 9.99999999998e-05
182.5 0.0012
183.0 0.000500000000001
183.5 0.0007
184.0 0.0008
184.5 0.0014
185.0 0.0013
185.5 0.000999999999999
186.0 0.0011
186.5 0.0009
187.0 0.0007
187.5 0.0006
188.0 0.0002
188.5 9.9999999998e-05
189.0 -0.000300000000001
189.5 -0.0007
190.0 -0.000800000000002
190.5 -0.0013
191.0 -0.0017
191.5 -0.002
192.0 -0.0026
192.5 -0.0029
193.0 -0.0035
193.5 -0.004
194.0 -0.0048
194.5 -0.0056
195.0 -0.0071
195.5 -0.0087
196.0 -0.01
196.5 -0.0116
197.0 -0.0139
197.5 -0.01618
198.0 -0.02162
198.5 -0.029
199.0 -0.04411
199.5 -0.06781
