0.0 0.00599301997935
0.5 0.0323105097973
1.0 0.0408162950122
1.5 0.0344128029534
2.0 0.0303783561658
2.5 0.0269762661966
3.0 0.0249301878388
3.5 0.0231906922916
4.0 0.0217108925049
4.5 0.0205112992551
5.0 0.0190254781427
5.5 0.0181512381237
6.0 0.0172709331075
6.5 0.0164343595187
7.0 0.0157552906268
7.5 0.0150346973435
8.0 0.0144162240984
8.5 0.0137773622635
9.0 0.013047807481
9.5 0.0125053802516
10.0 0.0119255754888
10.5 0.0113955701811
11.0 0.01073397326
11.5 0.01016616563
12.0 0.00961949186894
12.5 0.00907189192529
13.0 0.00850615592831
13.5 0.00792419916841
14.0 0.0073316289952
14.5 0.00674985043906
15.0 0.00616803963677
15.5 0.00554692108221
16.0 0.00492524879603
16.5 0.00431607343367
17.0 0.00367810950384
17.5 0.00301556707492
18.0 0.00231829979174
18.5 0.00161733627777
19.0 0.000928224312656
19.5 0.000194722786767
20.0 -0.000537365417881
20.5 -0.00129442554273
21.0 -0.00206609210903
21.5 -0.00284350938309
22.0 -0.00365898222372
22.5 -0.00449337367494
23.0 -0.00538526396616
23.5 -0.00626621083951
24.0 -0.00716812224008
24.5 -0.00811625501321
25.0 -0.00905542740427
25.5 -0.0100272595267
26.0 -0.0110356478769
26.5 -0.0120488118589
27.0 -0.013093849232
27.5 -0.0141557049248
28.0 -0.0152480670079
28.5 -0.0163837983743
29.0 -0.0175133077117
29.5 -0.0186929236227
30.0 -0.0198636546608
30.5 -0.0210564397658
31.0 -0.0222885817432
31.5 -0.0235307940167
32.0 -0.0247892423411
32.5 -0.0260795726347
33.0 -0.0273847492276
33.5 -0.0286695395071
34.0 -0.0300132040998
34.5 -0.0313442220508
35.0 -0.032692731486
35.5 -0.0340564360387
36.0 -0.0354328180373
36.5 -0.0368142193594
37.0 -0.0381787987735
37.5 -0.0395391585878
38.0 -0.0409038885925
38.5 -0.0422819118921
39.0 -0.0436284165183
39.5 -0.0449841801162
40.0 -0.0463471217243
40.5 -0.047638878911
41.0 -0.048914275786
41.5 -0.0501821663991
42.0 -0.0514143492431
42.5 -0.0526146426822
43.0 -0.0537846105398
43.5 -0.0549064501844
44.0 -0.0559912615359
44.5 -0.0570324090672
45.0 -0.0579933849525
45.5 -0.0589474047438
46.0 -0.0598268844541
46.5 -0.060659448011
47.0 -0.0614139013952
47.5 -0.0620848893801
48.0 -0.0627151291294
48.5 -0.0632738741572
49.0 -0.0637634222693
49.5 -0.0641399945612
50.0 -0.0644644153409
50.5 -0.0647354404943
51.0 -0.064933882419
51.5 -0.0650229746657
52.0 -0.0650512579249
52.5 -0.0650108168449
53.0 -0.0649156751748
53.5 -0.0647246576917
54.0 -0.0644691024462
54.5 -0.0641394281229
55.0 -0.0637467762614
55.5 -0.0633010370437
56.0 -0.0627622277001
56.5 -0.0621808545964
57.0 -0.061557659381
57.5 -0.0608792951015
58.0 -0.0601558422239
58.5 -0.0593869400475
59.0 -0.0585643449488
59.5 -0.0577024257705
60.0 -0.0567966746324
60.5 -0.0558666025663
61.0 -0.0548959030416
61.5 -0.053900182833
62.0 -0.052894518053
62.5 -0.0518914457276
63.0 -0.0508480561478
63.5 -0.0497933360854
64.0 -0.0487323110952
64.5 -0.0476602151122
65.0 -0.0465445605318
65.5 -0.0454407820136
66.0 -0.0443367355641
66.5 -0.0432497993482
67.0 -0.0421332542427
67.5 -0.0410667748346
68.0 -0.0399669395289
68.5 -0.038882409021
69.0 -0.0378244215175
69.5 -0.0367623576891
70.0 -0.0356956152768
70.5 -0.0346401586464
71.0 -0.0335914858243
71.5 -0.0325599528214
72.0 -0.0315517259308
72.5 -0.030533918716
73.0 -0.0295724646591
73.5 -0.0286239478934
74.0 -0.0277040480283
74.5 -0.0267994020858
75.0 -0.0258318640693
75.5 -0.0249695480691
76.0 -0.024095360421
76.5 -0.0232062117987
77.0 -0.0223567930063
77.5 -0.0215291307746
78.0 -0.0207664942808
78.5 -0.0199578799814
79.0 -0.0192228911089
79.5 -0.0185089652937
80.0 -0.0177786944385
80.5 -0.0170932332527
81.0 -0.0163887210278
81.5 -0.0157133612136
82.0 -0.0150397427289
82.5 -0.0144206922708
83.0 -0.0138005730242
83.5 -0.013232383726
84.0 -0.0126988873671
84.5 -0.0120679951414
85.0 -0.0115410654532
85.5 -0.0110877026922
86.0 -0.0104969960402
86.5 -0.0100199078844
87.0 -0.00956281807713
87.5 -0.00906253082373
88.0 -0.00862159393191
88.5 -0.00817247582929
89.0 -0.0077965040868
89.5 -0.00743569591019
90.0 -0.00694519766051
90.5 -0.0066349425211
91.0 -0.00633643668918
91.5 -0.00601658182175
92.0 -0.00570037582847
92.5 -0.00537201154772
93.0 -0.00508055251954
93.5 -0.00482871386923
94.0 -0.00453088889768
94.5 -0.00432138774815
95.0 -0.004000617139
95.5 -0.0037598277973
96.0 -0.00353639221276
96.5 -0.00331999441855
97.0 -0.00318043906512
97.5 -0.00305076382714
98.0 -0.00283053680265
98.5 -0.00256604782264
99.0 -0.0024293781689
99.5 -0.0023078199836
100.0 -0.00211750177586
100.5 -0.00202002590722
101.0 -0.00194859793385
101.5 -0.00190630905466
102.0 -0.00180603772194
102.5 -0.00175762348313
103.0 -0.00170786687361
103.5 -0.00174073069675
104.0 -0.00174668002706
104.5 -0.00167151452778
105.0 -0.00159502661952
105.5 -0.00149523870531
106.0 -0.0014077080403
106.5 -0.00134394228555
107.0 -0.00138415301853
107.5 -0.00149016506292
108.0 -0.00156988608505
108.5 -0.0016606790722
109.0 -0.00179910633588
109.5 -0.00186427690964
110.0 -0.00188130528461
110.5 -0.0019527248901
111.0 -0.00207916378769
111.5 -0.00242415272244
112.0 -0.00264980834645
112.5 -0.00294789288803
113.0 -0.0028220505848
113.5 -0.00281118063705
114.0 -0.00318022795197
114.5 -0.0035015319003
115.0 -0.00327930697455
115.5 -0.00283519318012
116.0 -0.00354526742645
116.5 -0.00335738077209
117.0 -0.00297599481978
117.5 -0.00463679389979
118.0 -0.00397395384009
118.5 -0.00257226953667
119.0 -0.00100053230861
119.5 0.00752711659916
120.0 0.0110869141603
120.5 0.00992144716533
121.0 0.00388154657747
121.5 -0.00147391158653
122.0 -0.00332703035596
122.5 -0.00406471481682
123.0 -0.00271777817299
123.5 -0.00219018688652
124.0 -0.00230216454302
124.5 -0.00295674936885
125.0 -0.00272380360151
125.5 -0.0024021435316
126.0 -0.00242768619702
126.5 -0.00247399177957
127.0 -0.00206334841594
127.5 -0.00197232853651
128.0 -0.00183576833282
128.5 -0.00173941149248
129.0 -0.00157002375743
129.5 -0.00110303414122
130.0 -0.00117954015721
130.5 -0.000721678910402
131.0 -0.000953762323689
131.5 -0.00062720582352
132.0 -0.000377254711438
132.5 -3.03926285738e-05
133.0 0.000171569904737
133.5 0.000186478913754
134.0 0.000257122095547
134.5 0.00048803244443
135.0 0.000422331640756
135.5 0.000826488048794
136.0 0.000709376084998
136.5 0.000761955887928
137.0 0.00101731372348
137.5 0.0010745371118
138.0 0.00132791431077
138.5 0.0012044423298
139.0 0.000927282492135
139.5 0.00144596730067
140.0 0.00152982647936
140.5 0.00151495022778
141.0 0.00178722258052
141.5 0.00172134157172
142.0 0.00199785737134
142.5 0.00194661703328
143.0 0.00190231648358
143.5 0.0019507987976
144.0 0.00205285456837
144.5 0.00224342331792
145.0 0.00192127241123
145.5 0.00228945958447
146.0 0.00221813054304
146.5 0.00256410567743
147.0 0.00242391089525
147.5 0.00238112846543
148.0 0.00260369111788
148.5 0.00273463298741
149.0 0.0025853485022
149.5 0.00258761426809
150.0 0.00282653160005
150.5 0.00264219529678
151.0 0.00288892896904
151.5 0.00286637734556
152.0 0.00289718329116
152.5 0.00291704225857
153.0 0.00277192996246
153.5 0.00276676305766
154.0 0.00309451636678
154.5 0.00320113610906
155.0 0.00306095070144
155.5 0.00314806479965
156.0 0.00335005462448
156.5 0.00329284325134
157.0 0.00345217547286
157.5 0.00335062699712
158.0 0.0032195869576
158.5 0.00343378026339
159.0 0.00371203173629
159.5 0.00376396686311
160.0 0.00345824349825
160.5 0.00389136586591
161.0 0.00386780195229
161.5 0.00384858779619
162.0 0.00390625871464
162.5 0.00396349144849
163.0 0.00394356249158
163.5 0.00398515004316
164.0 0.00414531999271
164.5 0.00436207977063
165.0 0.00468763462593
165.5 0.00474675205588
166.0 0.00467608815526
166.5 0.00460977394717
167.0 0.00471871666015
167.5 0.00503875307889
168.0 0.00544264055834
168.5 0.00569821837049
169.0 0.0056965200485
169.5 0.00578769090968
170.0 0.00593987823837
170.5 0.00548193766936
171.0 0.00585497087768
171.5 0.00617246735135
172.0 0.00650001657674
172.5 0.00690221132442
173.0 0.00700482026039
173.5 0.00715562546318
174.0 0.00729713392623
174.5 0.00714988706146
175.0 0.00637744202244
175.5 0.00629503298417
176.0 0.00655399931979
176.5 0.00696565588517
177.0 0.0072398370466
177.5 0.00910531644911
178.0 0.00786747897595
178.5 0.00655161002898
179.0 0.00406477031606
179.5 0.00175091892935
180.0 0.000317661830223
180.5 -0.004074215881
181.0 -0.00457848021304
181.5 -0.00137121935404
182.0 0.0015232841864
182.5 0.00337544294983
183.0 0.00345329718834
183.5 0.00376382887656
184.0 0.00384241090352
184.5 0.00442108903002
185.0 0.00411664564433
185.5 0.00381850048335
186.0 0.00384147850029
186.5 0.00363099329373
187.0 0.00326992593482
187.5 0.0033868386069
188.0 0.00330823726563
188.5 0.00290452396995
189.0 0.00269817369255
189.5 0.00251290831683
190.0 0.00219711060575
190.5 0.00183437847139
191.0 0.00158648813688
191.5 0.00119153117316
192.0 0.000840035770736
192.5 0.000588297288203
193.0 0.00011122119578
193.5 -0.00036228558271
194.0 -0.000878570914907
194.5 -0.00140159549051
195.0 -0.00182130758368
195.5 -0.00373366046753
196.0 -0.00457481950575
196.5 -0.00564795413614
197.0 -0.0070399131676
197.5 -0.00814874614446
198.0 -0.0119620203127
198.5 -0.0170242318953
199.0 -0.0262810965429
199.5 -0.0425564798444
