0.0 0.00588305201843
0.5 0.0246810375535
1.0 0.0366813944909
1.5 0.0319437914675
2.0 0.0285315065015
2.5 0.0255215092288
3.0 0.0235761590078
3.5 0.0223451928296
4.0 0.0211339789918
4.5 0.0199896296773
5.0 0.0188513371416
5.5 0.0179792488927
6.0 0.0171475967124
6.5 0.0162498667765
7.0 0.0155805138077
7.5 0.0149521091909
8.0 0.0143807917812
8.5 0.0137887323326
9.0 0.0130968467803
9.5 0.0125731156112
10.0 0.0119909323024
10.5 0.0114688426326
11.0 0.0109252294595
11.5 0.0103867825894
12.0 0.00983483747169
12.5 0.00929948090529
13.0 0.00876625315296
13.5 0.00822155537908
14.0 0.00759868405174
14.5 0.00706581063035
15.0 0.00651134890582
15.5 0.00591086911036
16.0 0.00531669402716
16.5 0.00473567762513
17.0 0.004120351254
17.5 0.00347547854015
18.0 0.00284401831496
18.5 0.00219196261291
19.0 0.00152472464015
19.5 0.000797032705329
20.0 0.000100309801667
20.5 -0.000625558937464
21.0 -0.0013694743803
21.5 -0.0021179211936
22.0 -0.00290004114868
22.5 -0.00369663209211
23.0 -0.00454703765995
23.5 -0.00539120130009
24.0 -0.00626524308028
24.5 -0.00717870269806
25.0 -0.00810376400672
25.5 -0.00904758231196
26.0 -0.0100073155748
26.5 -0.0109795863495
27.0 -0.0119851068032
27.5 -0.0130053127497
28.0 -0.0140478510969
28.5 -0.0151319101309
29.0 -0.01623989964
29.5 -0.0174024789423
30.0 -0.0185226826111
30.5 -0.0196829543063
31.0 -0.0208728015471
31.5 -0.0220844232878
32.0 -0.0233266426096
32.5 -0.0245665994931
33.0 -0.0258308107514
33.5 -0.0271229223393
34.0 -0.0284469120844
34.5 -0.0297664880318
35.0 -0.0311049041546
35.5 -0.0324708752666
36.0 -0.0338034178966
36.5 -0.0351554765978
37.0 -0.0365315811544
37.5 -0.0379084851839
38.0 -0.0392859888387
38.5 -0.04066403738
39.0 -0.0420281048662
39.5 -0.0434274656069
40.0 -0.044793642537
40.5 -0.0461399060214
41.0 -0.0474544873874
41.5 -0.0487655035808
42.0 -0.050057213029
42.5 -0.0513092495425
43.0 -0.0525364862435
43.5 -0.0537616547691
44.0 -0.0549547403113
44.5 -0.0561125933707
45.0 -0.057163107781
45.5 -0.0582075482407
46.0 -0.0591856251802
46.5 -0.0601532807868
47.0 -0.0610514078504
47.5 -0.0618729471915
48.0 -0.0626595887076
48.5 -0.0633551049818
49.0 -0.0639820814266
49.5 -0.0645571416629
50.0 -0.0649952906176
50.5 -0.0653928359216
51.0 -0.0657187991104
51.5 -0.065984461017
52.0 -0.0661610551906
52.5 -0.0662364237342
53.0 -0.0662683396875
53.5 -0.0662359408356
54.0 -0.06611634213
54.5 -0.0659247214114
55.0 -0.0656241623726
55.5 -0.06525296878
56.0 -0.0648217513359
56.5 -0.0643422017397
57.0 -0.0638105009158
57.5 -0.0631998609491
58.0 -0.0625512200254
58.5 -0.0618542298234
59.0 -0.0610804864871
59.5 -0.0602527640313
60.0 -0.0593613443521
60.5 -0.0584378218329
61.0 -0.0574983956012
61.5 -0.0564861952434
62.0 -0.0554689656286
62.5 -0.0544325825204
63.0 -0.0533779731672
63.5 -0.0523075519245
64.0 -0.05120066709
64.5 -0.050095709683
65.0 -0.0489714325015
65.5 -0.0478371512865
66.0 -0.0466781946401
66.5 -0.045517434729
67.0 -0.0443699175506
67.5 -0.043194708736
68.0 -0.0420507821995
68.5 -0.0409223581818
69.0 -0.0398091976836
69.5 -0.0386534123459
70.0 -0.037530316134
70.5 -0.0364148202476
71.0 -0.0353092524533
71.5 -0.0341972968242
72.0 -0.0331249020078
72.5 -0.0320457876891
73.0 -0.0310237140259
73.5 -0.0300203937636
74.0 -0.0290084669151
74.5 -0.0280224345572
75.0 -0.0270567846807
75.5 -0.0261088810697
76.0 -0.0251636492371
76.5 -0.024252533467
77.0 -0.023336844489
77.5 -0.022453199421
78.0 -0.0216005851354
78.5 -0.0207650233285
79.0 -0.0199911433975
79.5 -0.0192349971514
80.0 -0.0184731756521
80.5 -0.017679045726
81.0 -0.0169376377711
81.5 -0.0162323297072
82.0 -0.0155269622099
82.5 -0.0148652597103
83.0 -0.0142133389127
83.5 -0.0135866533289
84.0 -0.0129267740571
84.5 -0.012397259861
85.0 -0.0118163016347
85.5 -0.0113229936315
86.0 -0.0107138982845
86.5 -0.0102102326592
87.0 -0.00971441417713
87.5 -0.00918033584637
88.0 -0.00878333766115
88.5 -0.00835081621737
89.0 -0.00783546891928
89.5 -0.0074346153319
90.0 -0.0070273234459
90.5 -0.00668857548796
91.0 -0.00631665545309
91.5 -0.00599209271083
92.0 -0.00571647231874
92.5 -0.00535185523637
93.0 -0.00499675311776
93.5 -0.00470213838949
94.0 -0.00436550612498
94.5 -0.00403262586551
95.0 -0.00380653546282
95.5 -0.00361845327166
96.0 -0.00345952800335
96.5 -0.00321004142679
97.0 -0.0030271080959
97.5 -0.00285800967493
98.0 -0.00267115859088
98.5 -0.00250401464048
99.0 -0.00238266271812
99.5 -0.00232746474884
100.0 -0.00201296708698
100.5 -0.00188983228008
101.0 -0.0017899684214
101.5 -0.00172617377648
102.0 -0.00160521434335
102.5 -0.00152580333443
103.0 -0.00139008372023
103.5 -0.00134844028174
104.0 -0.0014321640753
104.5 -0.00139532297423
105.0 -0.00126709152016
105.5 -0.001243198762
106.0 -0.00119010467402
106.5 -0.00131173657597
107.0 -0.00117438416152
107.5 -0.00120732264502
108.0 -0.00139636101098
108.5 -0.00154114912925
109.0 -0.00164670304342
109.5 -0.00165081825367
110.0 -0.00174654760313
110.5 -0.00196292541784
111.0 -0.00205681900734
111.5 -0.00226144533031
112.0 -0.00231694746256
112.5 -0.00247777880077
113.0 -0.00256369172749
113.5 -0.00288543979522
114.0 -0.00273031348084
114.5 -0.00233945374721
115.0 -0.00288058249868
115.5 -0.00267347114233
116.0 -0.00286629767757
116.5 -0.00293843093762
117.0 -0.00292784279588
117.5 -0.0033511131157
118.0 -0.0022289383365
118.5 -0.00126213695832
119.0 0.000343130665982
119.5 0.00758695012681
120.0 0.00901966891495
120.5 0.00675262731214
121.0 0.00479866425491
121.5 0.00015561887858
122.0 -0.000610689669784
122.5 -0.00356116788795
123.0 -0.00212028021883
123.5 -0.00220456704432
124.0 -0.00266859436991
124.5 -0.00282094111304
125.0 -0.00312736824306
125.5 -0.00223222394497
126.0 -0.00307306905607
126.5 -0.00302943999311
127.0 -0.00263713419764
127.5 -0.00224809116882
128.0 -0.00195660091167
128.5 -0.00190650644928
129.0 -0.00160132540931
129.5 -0.00122298709871
130.0 -0.000690456962815
130.5 -0.00125637311846
131.0 -0.000996128283838
131.5 -0.000420026146472
132.0 -0.000278269985316
132.5 -0.000192363211319
133.0 0.000178373273776
133.5 0.000357798998117
134.0 -2.37902304931e-05
134.5 0.000119231876994
135.0 0.0004074125739
135.5 0.000921173619922
136.0 0.000596252454137
136.5 0.000726335870187
137.0 0.00105402047069
137.5 0.00132096674782
138.0 0.00131805451602
138.5 0.00110733730139
139.0 0.00139518026385
139.5 0.00154567602741
140.0 0.00137228498119
140.5 0.00151019927196
141.0 0.00167694678468
141.5 0.00167329299172
142.0 0.00179354690206
142.5 0.00188632342232
143.0 0.00212097782692
143.5 0.00214244708879
144.0 0.00193622753377
144.5 0.00207431674898
145.0 0.00207576300212
145.5 0.00235997527314
146.0 0.00262910809117
146.5 0.00234322659401
147.0 0.00235539887069
147.5 0.00247534782338
148.0 0.00250047023206
148.5 0.00258165796888
149.0 0.0026808092676
149.5 0.00260495754862
150.0 0.00265281197804
150.5 0.00281537757959
151.0 0.00268400767075
151.5 0.00312244427058
152.0 0.00304566131001
152.5 0.00301252781029
153.0 0.00323803612846
153.5 0.00331662954465
154.0 0.00310379935691
154.5 0.00301881393467
155.0 0.00336188371906
155.5 0.00336481890887
156.0 0.00342735738425
156.5 0.00333808904059
157.0 0.00311645850292
157.5 0.00337060350889
158.0 0.00359629045394
158.5 0.00372138182672
159.0 0.00379263226157
159.5 0.00362187219364
160.0 0.0034842659416
160.5 0.00351866300538
161.0 0.00383701852432
161.5 0.00407473401769
162.0 0.00418005778434
162.5 0.00402443933466
163.0 0.00400797939754
163.5 0.00415699006538
164.0 0.00419418718003
164.5 0.00420420879286
165.0 0.00426577039898
165.5 0.00437627324239
166.0 0.00445166152278
166.5 0.00473044988486
167.0 0.00486640367599
167.5 0.00517078544067
168.0 0.00547913628314
168.5 0.00563152825133
169.0 0.00560981257161
169.5 0.00569083701764
170.0 0.00582160094988
170.5 0.00590813390518
171.0 0.00620262794355
171.5 0.00581197229204
172.0 0.00606650053541
172.5 0.00654102986397
173.0 0.0068713407792
173.5 0.00704557098274
174.0 0.00723959732362
174.5 0.00734462886301
175.0 0.00752885890755
175.5 0.00729091091594
176.0 0.00763655186194
176.5 0.00801244103813
177.0 0.00834265190419
177.5 0.008483057752
178.0 0.00614259454287
178.5 0.00416345783678
179.0 0.000697406598007
179.5 -0.00272854672727
180.0 -0.00375988226153
180.5 -0.00411591815632
181.0 -0.000418813716536
181.5 0.00163455945672
182.0 0.00322438924645
182.5 0.0035876054818
183.0 0.00414388057615
183.5 0.00434745773094
184.0 0.00400738862719
184.5 0.00375390414959
185.0 0.00351593064444
185.5 0.00396666151481
186.0 0.00372253243179
186.5 0.00349333025522
187.0 0.00337939835842
187.5 0.00310619928865
188.0 0.00279090002419
188.5 0.00269731060474
189.0 0.00231300410117
189.5 0.00197873550296
190.0 0.00166323317806
190.5 0.00135853163712
191.0 0.00103519078542
191.5 0.00058664997988
192.0 0.000220602314442
192.5 -8.49675031844e-05
193.0 -0.000744393822771
193.5 -0.00140062469488
194.0 -0.00231744460571
194.5 -0.00309738807651
195.0 -0.00403548622999
195.5 -0.00566320804506
196.0 -0.00702690583594
196.5 -0.0087413398543
197.0 -0.0109974893784
197.5 -0.0133395988763
198.0 -0.0187608062593
198.5 -0.0260066066777
199.0 -0.0411655455099
199.5 -0.0661309540465
