0.0 0.0068953466033
0.5 0.0338708321648
1.0 0.0443054244448
1.5 0.0368612893936
2.0 0.0334884922359
2.5 0.0303821225575
3.0 0.028408273904
3.5 0.0266303377933
4.0 0.0252854773339
4.5 0.0235771524542
5.0 0.0225629669373
5.5 0.0215651949558
6.0 0.0207254777692
6.5 0.019964802842
7.0 0.0191360942658
7.5 0.0183291466272
8.0 0.0177735918587
8.5 0.0171310709009
9.0 0.0165172940348
9.5 0.0159197906739
10.0 0.0153142768148
10.5 0.0147692113677
11.0 0.0141097374262
11.5 0.0135549413725
12.0 0.0130137061292
12.5 0.0124685904868
13.0 0.0119243474104
13.5 0.0113732535897
14.0 0.0107311772025
14.5 0.0101888503301
15.0 0.00964166972529
15.5 0.00906366125327
16.0 0.00843678256252
16.5 0.00781756139462
17.0 0.00723084891643
17.5 0.00658867555198
18.0 0.00591339774421
18.5 0.00523792785044
19.0 0.00456743471967
19.5 0.00387280236916
20.0 0.00317186945315
20.5 0.00241910384201
21.0 0.00167072077906
21.5 0.00092407911596
22.0 0.000137822786591
22.5 -0.000661627861256
23.0 -0.00151165145663
23.5 -0.00235107814919
24.0 -0.0032151321569
24.5 -0.0041108035772
25.0 -0.00501937143002
25.5 -0.00594616221967
26.0 -0.00688207142667
26.5 -0.00783689363647
27.0 -0.00882974492954
27.5 -0.00984406399671
28.0 -0.0108545232483
28.5 -0.0119111082104
29.0 -0.0129840823247
29.5 -0.0140806779753
30.0 -0.0151775193259
30.5 -0.0163010889617
31.0 -0.0174618785275
31.5 -0.0186065334894
32.0 -0.0197669108646
32.5 -0.0209679009048
33.0 -0.0221903649659
33.5 -0.0234032961594
34.0 -0.0246540850822
34.5 -0.0259210147803
35.0 -0.0272102141037
35.5 -0.0284520901172
36.0 -0.0297211823288
36.5 -0.0310061967042
37.0 -0.0323009640925
37.5 -0.0336182726305
38.0 -0.0349532020873
38.5 -0.0362727377907
39.0 -0.0375887521454
39.5 -0.0389142363561
40.0 -0.040250739856
40.5 -0.0415857511794
41.0 -0.0429245644861
41.5 -0.0442501953175
42.0 -0.0455557277912
42.5 -0.0468719568803
43.0 -0.0481974491163
43.5 -0.0494900643336
44.0 -0.0507680330786
44.5 -0.0520088230141
45.0 -0.053289781432
45.5 -0.0545269131467
46.0 -0.0557280507933
46.5 -0.0569285247227
47.0 -0.0580818217221
47.5 -0.0592131194256
48.0 -0.0603644089571
48.5 -0.0614488100349
49.0 -0.0624872703472
49.5 -0.0635102799293
50.0 -0.0644180002991
50.5 -0.0653501352345
51.0 -0.0662453798427
51.5 -0.0671039542224
52.0 -0.067885871044
52.5 -0.0685971311827
53.0 -0.0692958066546
53.5 -0.0699102904049
54.0 -0.0704401412578
54.5 -0.0709727553423
55.0 -0.0713751354871
55.5 -0.0717127296311
56.0 -0.0720031187994
56.5 -0.0722177940265
57.0 -0.0723676492939
57.5 -0.0724229454201
58.0 -0.0724224374095
58.5 -0.0723561603516
59.0 -0.0721932145562
59.5 -0.0719497247742
60.0 -0.071624606712
60.5 -0.0712322210069
61.0 -0.0707391416504
61.5 -0.0701761670586
62.0 -0.0695699158955
62.5 -0.0689140347218
63.0 -0.0681659068825
63.5 -0.0673502043912
64.0 -0.0664502250443
64.5 -0.0655321242092
65.0 -0.0645297145091
65.5 -0.063457997506
66.0 -0.0623518419547
66.5 -0.0612013044653
67.0 -0.0599885694131
67.5 -0.0587974186812
68.0 -0.0575354490783
68.5 -0.0562622944574
69.0 -0.054977562691
69.5 -0.053648193897
70.0 -0.052289434179
70.5 -0.0508853600516
71.0 -0.0495060958415
71.5 -0.0481385762778
72.0 -0.0467208474497
72.5 -0.0453107914985
73.0 -0.0439516075792
73.5 -0.0426011346964
74.0 -0.0412296424067
74.5 -0.0398666181322
75.0 -0.0385122512752
75.5 -0.0372012066552
76.0 -0.0358868185398
76.5 -0.0345630275328
77.0 -0.0332917362897
77.5 -0.0320572079733
78.0 -0.0308331932042
78.5 -0.0296524394565
79.0 -0.0284484204036
79.5 -0.0273077880179
80.0 -0.0261747151749
80.5 -0.0250964789953
81.0 -0.024007281305
81.5 -0.0229663982628
82.0 -0.0219332415149
82.5 -0.0209483361598
83.0 -0.019968028823
83.5 -0.0190506535096
84.0 -0.0181901888607
84.5 -0.0173238192711
85.0 -0.0164632343654
85.5 -0.0157160097556
86.0 -0.0148527582199
86.5 -0.014086680028
87.0 -0.0133525418885
87.5 -0.0126038457826
88.0 -0.0119536484225
88.5 -0.0113047483278
89.0 -0.0106331322159
89.5 -0.0100815502816
90.0 -0.00946482227016
90.5 -0.00893234843741
91.0 -0.0083975156066
91.5 -0.00790301548448
92.0 -0.00745191006018
92.5 -0.00691773360869
93.0 -0.00640575120008
93.5 -0.00598590473344
94.0 -0.00552953990689
94.5 -0.00515972749878
95.0 -0.00481767230971
95.5 -0.00451527253089
96.0 -0.0042217949254
96.5 -0.00387694421089
97.0 -0.00360705790136
97.5 -0.00333148137329
98.0 -0.0030835905795
98.5 -0.00291160957446
99.0 -0.00266837804369
99.5 -0.00236451144537
100.0 -0.0021229330099
100.5 -0.00188653800769
101.0 -0.0016844862343
101.5 -0.00144762309101
102.0 -0.00135539618469
102.5 -0.00133843532706
103.0 -0.00123844897604
103.5 -0.00119374256295
104.0 -0.00116119897436
104.5 -0.00109147805467
105.0 -0.000766396588787
105.5 -0.000825587717905
106.0 -0.000847465582979
106.5 -0.00102656508891
107.0 -0.000944364522034
107.5 -0.000912701531995
108.0 -0.000981047527311
108.5 -0.00105251604585
109.0 -0.00111334953458
109.5 -0.00110490554407
110.0 -0.000865166414464
110.5 -0.00122394355297
111.0 -0.00141706562312
111.5 -0.00174895053463
112.0 -0.00181917444887
112.5 -0.00196791817651
113.0 -0.00208179828834
113.5 -0.00213731967689
114.0 -0.0016552048519
114.5 -0.00214040850852
115.0 -0.0024474402959
115.5 -0.00226592672453
116.0 -0.00255288978586
116.5 -0.00242813235374
117.0 -0.00273554009368
117.5 -0.00332119924359
118.0 -0.00278593290695
118.5 -0.000335405562254
119.0 0.00305646179474
119.5 0.0104397044177
120.0 0.00966057322744
120.5 0.00662191425511
121.0 0.00410898888886
121.5 -0.00100497817773
122.0 -0.00104785881314
122.5 -0.00289807782259
123.0 -0.00179815337262
123.5 -0.00161984080324
124.0 -0.00102471369783
124.5 -0.00133413620007
125.0 -0.000630781099204
125.5 -0.000583479032116
126.0 -0.000918139669821
126.5 -0.000965909477046
127.0 -0.0010852175847
127.5 -0.000750609933789
128.0 -0.000187522674281
128.5 -0.00010219988387
129.0 -0.000116331521816
129.5 0.000365256518123
130.0 0.000246596451959
130.5 0.000726595164089
131.0 0.000430350033746
131.5 0.000923930997999
132.0 0.000924037453196
132.5 0.00116446838129
133.0 0.0013515524882
133.5 0.00144426079003
134.0 0.00165156268491
134.5 0.00138857674058
135.0 0.00136973693712
135.5 0.00182834735986
136.0 0.00188895711249
136.5 0.00186284966809
137.0 0.0022382165935
137.5 0.00192228766745
138.0 0.00186200793742
138.5 0.00216575187889
139.0 0.00233692167691
139.5 0.00232272660239
140.0 0.0025692657714
140.5 0.00259350664018
141.0 0.00248216945611
141.5 0.00249359380269
142.0 0.00269070357371
142.5 0.00261928661532
143.0 0.00272340028981
143.5 0.00286638953569
144.0 0.00279985725952
144.5 0.00286783036954
145.0 0.00299851118201
145.5 0.0028914783468
146.0 0.00298545555071
146.5 0.0030471862251
147.0 0.00318169636212
147.5 0.00319663025061
148.0 0.00325599592565
148.5 0.00328170407915
149.0 0.00311594364543
149.5 0.00320946307633
150.0 0.00333723147384
150.5 0.00348484705028
151.0 0.00351213320932
151.5 0.00342857409594
152.0 0.0033600147855
152.5 0.00348458286201
153.0 0.00361014094509
153.5 0.00364143824056
154.0 0.00364640658853
154.5 0.0035318285061
155.0 0.00355193120961
155.5 0.00359085160191
156.0 0.00342616598505
156.5 0.00373975290029
157.0 0.00383829905781
157.5 0.00391968499899
158.0 0.00383932609184
158.5 0.00379398314694
159.0 0.00394699915686
159.5 0.00409599694775
160.0 0.00368672147616
160.5 0.00409809663715
161.0 0.0040058269337
161.5 0.00434417101222
162.0 0.00428635690412
162.5 0.00415797356554
163.0 0.0043050602688
163.5 0.00445723775165
164.0 0.0043430157284
164.5 0.00430475020163
165.0 0.00459874818033
165.5 0.00399264061755
166.0 0.00438457082666
166.5 0.00441519918076
167.0 0.00439881642876
167.5 0.00462333347033
168.0 0.00496488210221
168.5 0.00528034359487
169.0 0.00536057371641
169.5 0.0054922321198
170.0 0.0057175505557
170.5 0.00592033756703
171.0 0.00596804464595
171.5 0.00607261350709
172.0 0.00618930012622
172.5 0.00658715083453
173.0 0.00639487821752
173.5 0.00621947928053
174.0 0.00659134722879
174.5 0.00667613157252
175.0 0.00658212912694
175.5 0.00590241752066
176.0 0.00574144939849
176.5 0.00602135740731
177.0 0.00667745066178
177.5 0.00590244111967
178.0 0.00532151769004
178.5 0.00552026254252
179.0 0.00172668721748
179.5 -0.00109564098882
180.0 -0.00199291867824
180.5 -0.00344105676638
181.0 -0.000427905631966
181.5 0.00212929330691
182.0 0.00312453826224
182.5 0.0038332910854
183.0 0.00445478124867
183.5 0.00444035938096
184.0 0.00417409774583
184.5 0.00408055010701
185.0 0.00407470367801
185.5 0.00378840485249
186.0 0.00380841648983
186.5 0.0035689265449
187.0 0.00374638268028
187.5 0.00354933621318
188.0 0.00318207994749
188.5 0.00283786072512
189.0 0.00257383170006
189.5 0.00217756362028
190.0 0.00183432597491
190.5 0.0013831545364
191.0 0.00111121665779
191.5 0.000670104768275
192.0 0.000210415890706
192.5 -9.26090176563e-05
193.0 -0.000779310727879
193.5 -0.00150923335005
194.0 -0.00222615701415
194.5 -0.00303726173763
195.0 -0.00402441326288
195.5 -0.00566790610989
196.0 -0.00708404804561
196.5 -0.00889800574255
197.0 -0.0112103248519
197.5 -0.0133225967703
198.0 -0.0186834496448
198.5 -0.0262866911527
199.0 -0.0416392893079
199.5 -0.0684071226469
