0.0 0.00624417409885
0.5 0.0252016865279
1.0 0.0376102409118
1.5 0.0328592080486
2.0 0.029437828614
2.5 0.0264058034532
3.0 0.0244781496344
3.5 0.0233199382086
4.0 0.0220863946711
4.5 0.0205897283422
5.0 0.0196120987968
5.5 0.0188322493037
6.0 0.0180210136504
6.5 0.0172693644305
7.0 0.0166319363311
7.5 0.0159200395311
8.0 0.0152395676171
8.5 0.0147253994014
9.0 0.0141855087543
9.5 0.013635969306
10.0 0.0130818410974
10.5 0.0125957082961
11.0 0.0120047137877
11.5 0.0114878906232
12.0 0.0110051690446
12.5 0.0104874562879
13.0 0.00993238718832
13.5 0.00943618238153
14.0 0.00891980232251
14.5 0.0084007964
15.0 0.00787483696586
15.5 0.00732536679302
16.0 0.00674152577229
16.5 0.00620047589716
17.0 0.00564943098064
17.5 0.00505374004715
18.0 0.00443014106729
18.5 0.00382599471602
19.0 0.00319987689249
19.5 0.0025398939632
20.0 0.00188790922194
20.5 0.0012119385197
21.0 0.000520400793873
21.5 -0.000175325664721
22.0 -0.000905335610119
22.5 -0.00164852053582
23.0 -0.00242269552808
23.5 -0.00321085352628
24.0 -0.00401644835661
24.5 -0.00486540158125
25.0 -0.00569651782367
25.5 -0.0065552114344
26.0 -0.00744471497444
26.5 -0.00834654057921
27.0 -0.00927419262614
27.5 -0.010232475856
28.0 -0.0111905559441
28.5 -0.0121965028776
29.0 -0.0132254759993
29.5 -0.0142781852956
30.0 -0.0153288303228
30.5 -0.0164064362927
31.0 -0.0175245511133
31.5 -0.0186467662361
32.0 -0.0197946047775
32.5 -0.0209501782831
33.0 -0.0221355175225
33.5 -0.0233502996761
34.0 -0.0245852878186
34.5 -0.0258175863386
35.0 -0.0270832920087
35.5 -0.028366820838
36.0 -0.0296508515703
36.5 -0.0309446610885
37.0 -0.0322633990991
37.5 -0.0335931613164
38.0 -0.0349194335876
38.5 -0.0362691094314
39.0 -0.0376173002831
39.5 -0.0389937634489
40.0 -0.0403795768786
40.5 -0.0417357931399
41.0 -0.0430896522537
41.5 -0.0444540809639
42.0 -0.0458059546441
42.5 -0.0471500879409
43.0 -0.048489005287
43.5 -0.0498056180411
44.0 -0.051109853323
44.5 -0.0524007691539
45.0 -0.0536588012408
45.5 -0.0549125770471
46.0 -0.0561298052961
46.5 -0.0572858312851
47.0 -0.0584413211284
47.5 -0.0595520551663
48.0 -0.0606251190253
48.5 -0.0616484032108
49.0 -0.0626420953192
49.5 -0.0635955344444
50.0 -0.064437051704
50.5 -0.0652482395835
51.0 -0.0660004016864
51.5 -0.0666436287783
52.0 -0.0672604961796
52.5 -0.0678056975667
53.0 -0.0682975157775
53.5 -0.0687063224264
54.0 -0.0690365594785
54.5 -0.0692988261602
55.0 -0.0694413234716
55.5 -0.0695186435827
56.0 -0.0694987257626
56.5 -0.0694194967625
57.0 -0.0692627244577
57.5 -0.0690237190909
58.0 -0.0687290634669
58.5 -0.0683349581417
59.0 -0.0678469258698
59.5 -0.0673185879052
60.0 -0.0667023511418
60.5 -0.0659965592006
61.0 -0.0652640236898
61.5 -0.0644158722168
62.0 -0.0635483743829
62.5 -0.0626456484478
63.0 -0.0617079289969
63.5 -0.0606958303247
64.0 -0.0596233173554
64.5 -0.0585345113332
65.0 -0.0574058241993
65.5 -0.0562534242225
66.0 -0.0550149449556
66.5 -0.0537890353554
67.0 -0.0525639902272
67.5 -0.0513312282998
68.0 -0.0500421245938
68.5 -0.0487756217431
69.0 -0.047524313989
69.5 -0.0462527071813
70.0 -0.0449294230051
70.5 -0.0436447162026
71.0 -0.0423550578216
71.5 -0.0410725973851
72.0 -0.0397897941845
72.5 -0.0385316606654
73.0 -0.037323107657
73.5 -0.0361181694602
74.0 -0.034869880898
74.5 -0.0336875018195
75.0 -0.0325104809545
75.5 -0.0313751798259
76.0 -0.0302398539704
76.5 -0.0291006580528
77.0 -0.0280245972993
77.5 -0.0269534471521
78.0 -0.02587880555
78.5 -0.0248924795076
79.0 -0.0239055738032
79.5 -0.0229301644611
80.0 -0.0219773719944
80.5 -0.0210715816529
81.0 -0.0201819543583
81.5 -0.0193703186312
82.0 -0.0184776202605
82.5 -0.017592419986
83.0 -0.0168245392842
83.5 -0.0160483302114
84.0 -0.0153309193126
84.5 -0.0145717429412
85.0 -0.0138913419874
85.5 -0.0132279906485
86.0 -0.0125312650934
86.5 -0.0119236948979
87.0 -0.0113673914679
87.5 -0.0107423684429
88.0 -0.0101336440106
88.5 -0.00956575202361
89.0 -0.00902356680665
89.5 -0.00854581859478
90.0 -0.00807123535548
90.5 -0.00769033428225
91.0 -0.00720813208731
91.5 -0.00674791245833
92.0 -0.00632328269718
92.5 -0.00591956272538
93.0 -0.00556063095164
93.5 -0.00524019683899
94.0 -0.00490425635732
94.5 -0.00446458986525
95.0 -0.0041271877145
95.5 -0.00387207166363
96.0 -0.00365913389145
96.5 -0.00340131211878
97.0 -0.00320955742609
97.5 -0.00302803512788
98.0 -0.00281524327342
98.5 -0.00258438585975
99.0 -0.00233334092969
99.5 -0.00215204741847
100.0 -0.00194433288539
100.5 -0.00181736109226
101.0 -0.00167755620406
101.5 -0.00153570326843
102.0 -0.0014183528525
102.5 -0.00125211349513
103.0 -0.00113067272355
103.5 -0.00121143313952
104.0 -0.00119165150528
104.5 -0.00108969970047
105.0 -0.000959452142069
105.5 -0.000942642778803
106.0 -0.000891083414999
106.5 -0.000964494612624
107.0 -0.00094425323946
107.5 -0.000966558518307
108.0 -0.00104649368289
108.5 -0.00116953255795
109.0 -0.00123742307266
109.5 -0.00103213345567
110.0 -0.00139045626133
110.5 -0.0016065017709
111.0 -0.00138332442572
111.5 -0.00179846104509
112.0 -0.00202886327914
112.5 -0.00219438625899
113.0 -0.00222925949468
113.5 -0.00244302762106
114.0 -0.00237697861265
114.5 -0.00250135565105
115.0 -0.00244721384429
115.5 -0.00203106952499
116.0 -0.00191710382992
116.5 -0.00156421541
117.0 -0.00115717164601
117.5 -0.00239268146028
118.0 -0.00173515549746
118.5 -0.000697970667005
119.0 -0.000487296874113
119.5 0.00633033844834
120.0 0.00948376648695
120.5 0.0109765987891
121.0 0.00801224594716
121.5 -0.0012043291637
122.0 -0.00105044314199
122.5 -0.0038946126931
123.0 -0.00306401645389
123.5 -0.00262209033862
124.0 -0.00403272962961
124.5 -0.00301883529121
125.0 -0.00275167852159
125.5 -0.00258693937144
126.0 -0.00252807014407
126.5 -0.00254203383342
127.0 -0.00237968396087
127.5 -0.00191545983458
128.0 -0.00186370295283
128.5 -0.00199150258596
129.0 -0.0011310376104
129.5 -0.00104914422662
130.0 -0.00132188052058
130.5 -0.000615286301645
131.0 -0.000809275660835
131.5 -0.000438345111654
132.0 -7.58087231247e-05
132.5 -7.65652957924e-05
133.0 8.73531656325e-05
133.5 0.000520230470819
134.0 0.000514694847709
134.5 0.000302913403068
135.0 0.000564662209165
135.5 0.000889183326159
136.0 0.000970308241051
136.5 0.000980591424845
137.0 0.00122868632461
137.5 0.00138982444192
138.0 0.00150245271663
138.5 0.00153656070442
139.0 0.00170907674167
139.5 0.00164411859416
140.0 0.00186225019045
140.5 0.00214010380364
141.0 0.00207541475397
141.5 0.00192795542928
142.0 0.0020905977264
142.5 0.00220079374722
143.0 0.00224135586265
143.5 0.00222872971529
144.0 0.00228182755663
144.5 0.00228761906733
145.0 0.0024787857263
145.5 0.00264105427534
146.0 0.00291110083991
146.5 0.00266876636202
147.0 0.00256851862607
147.5 0.00260984030233
148.0 0.00269811094464
148.5 0.0028625764579
149.0 0.00298008506219
149.5 0.00301030900107
150.0 0.00328191614175
150.5 0.00321800174314
151.0 0.00316845781778
151.5 0.00312676109401
152.0 0.00317793562259
152.5 0.00322700554256
153.0 0.0031980989899
153.5 0.00326899612117
154.0 0.00342529860919
154.5 0.00328201916114
155.0 0.00343109090127
155.5 0.00362894877064
156.0 0.00346117231116
156.5 0.00355489980512
157.0 0.00372848939387
157.5 0.00384045547692
158.0 0.00373311881599
158.5 0.00373189145374
159.0 0.00383844032418
159.5 0.00386092691676
160.0 0.00417660562651
160.5 0.00384902907167
161.0 0.00395341190965
161.5 0.00410537286871
162.0 0.0042604085527
162.5 0.00443490478402
163.0 0.00434088968203
163.5 0.0042516812531
164.0 0.00442237840754
164.5 0.00453726452278
165.0 0.0047250052162
165.5 0.00488442070584
166.0 0.00448835752772
166.5 0.00513189055716
167.0 0.00513477537756
167.5 0.00513682436954
168.0 0.0050472571298
168.5 0.00514039265699
169.0 0.00551383540787
169.5 0.00584215660214
170.0 0.00601908778146
170.5 0.00605895944761
171.0 0.00633252207595
171.5 0.00595062428516
172.0 0.00630966834495
172.5 0.00696257646464
173.0 0.00724697928582
173.5 0.0074837341255
174.0 0.00770559967464
174.5 0.00770126069018
175.0 0.0071658014534
175.5 0.00750016639516
176.0 0.00808758559639
176.5 0.00911738835954
177.0 0.00996598416364
177.5 0.0119813739294
178.0 0.00884376941673
178.5 0.00923509648399
179.0 0.00564859781215
179.5 0.00197472683276
180.0 0.00112501043355
180.5 -0.00292572300172
181.0 -0.00360590701287
181.5 -0.000352866643112
182.0 0.000471064054096
182.5 0.003247015833
183.0 0.00306759777447
183.5 0.0032537892348
184.0 0.00318956447357
184.5 0.00370504879844
185.0 0.00337883506693
185.5 0.00309767123265
186.0 0.00314280263285
186.5 0.00287427879715
187.0 0.00312709896225
187.5 0.00284249267769
188.0 0.00232972378542
188.5 0.00218438397093
189.0 0.00213465370727
189.5 0.00171056727032
190.0 0.00137990897608
190.5 0.000983363600099
191.0 0.000705461632933
191.5 0.000259681984758
192.0 -0.000136630696019
192.5 -0.000460337777085
193.0 -0.00118399341321
193.5 -0.00173561854744
194.0 -0.00237736598869
194.5 -0.0031305431537
195.0 -0.00445210871023
195.5 -0.00598366176078
196.0 -0.0071975810032
196.5 -0.00876127786029
197.0 -0.0104263680239
197.5 -0.013409183741
198.0 -0.0192140014284
198.5 -0.0251498280402
199.0 -0.0407948825782
199.5 -0.0638781667902
