0.0 0.00743112138207
0.5 0.0252160551271
1.0 0.0369094481569
1.5 0.0320846586517
2.0 0.0286436171562
2.5 0.0256115824576
3.0 0.023649401025
3.5 0.0223697393007
4.0 0.021077090562
4.5 0.0199162963582
5.0 0.0187301383915
5.5 0.0178488031655
6.0 0.0169632034705
6.5 0.016128011093
7.0 0.0154331701443
7.5 0.0146966131533
8.0 0.0140160842017
8.5 0.013235283671
9.0 0.0126821373756
9.5 0.0120970984295
10.0 0.0114612705806
10.5 0.0108559873679
11.0 0.0102461663242
11.5 0.00960586418091
12.0 0.00896896203712
12.5 0.00839543811986
13.0 0.00780239947655
13.5 0.00717806216641
14.0 0.00648197737823
14.5 0.00587088512199
15.0 0.00523057049986
15.5 0.00455469070994
16.0 0.00388309782557
16.5 0.00322841834545
17.0 0.00251265447623
17.5 0.00175429408571
18.0 0.00102340780225
18.5 0.000250204980114
19.0 -0.000521260765833
19.5 -0.00131896603331
20.0 -0.00213656618713
20.5 -0.00297956933513
21.0 -0.00382397534416
21.5 -0.00470480872943
22.0 -0.00561484738237
22.5 -0.00653339987312
23.0 -0.0074881305047
23.5 -0.008469827408
24.0 -0.00947481211279
24.5 -0.0105257842296
25.0 -0.0115540409246
25.5 -0.0126167879192
26.0 -0.0137112750929
26.5 -0.01482976421
27.0 -0.0159825996234
27.5 -0.0171257815569
28.0 -0.0183013015808
28.5 -0.019516361858
29.0 -0.0207549315425
29.5 -0.021994785501
30.0 -0.0232459888375
30.5 -0.0245236214891
31.0 -0.0258146176804
31.5 -0.0271093510483
32.0 -0.0284305840014
32.5 -0.0297710465762
33.0 -0.0311111783212
33.5 -0.0324158239483
34.0 -0.0337610578489
34.5 -0.0351363560384
35.0 -0.0365129267057
35.5 -0.0378280239292
36.0 -0.0391443293105
36.5 -0.0404587623894
37.0 -0.0417649514921
37.5 -0.0430560888293
38.0 -0.0443170242864
38.5 -0.0455487864826
39.0 -0.0467687889969
39.5 -0.0479928164837
40.0 -0.0491538226885
40.5 -0.0502572306398
41.0 -0.0513262123092
41.5 -0.0523659022441
42.0 -0.053351937636
42.5 -0.0542780254223
43.0 -0.0551497906959
43.5 -0.055978974957
44.0 -0.0567820924783
44.5 -0.0575105311736
45.0 -0.058159126944
45.5 -0.0587758788448
46.0 -0.0593045481788
46.5 -0.059776750143
47.0 -0.0601809259767
47.5 -0.0605033846165
48.0 -0.0607782234393
48.5 -0.0609849779026
49.0 -0.061159457194
49.5 -0.0612445140113
50.0 -0.0612538144777
50.5 -0.0612424566231
51.0 -0.0611302824029
51.5 -0.06097023415
52.0 -0.0607764621887
52.5 -0.0605120532989
53.0 -0.0602078916676
53.5 -0.0598395929333
54.0 -0.0594375856312
54.5 -0.0589944242428
55.0 -0.0584683518888
55.5 -0.0579434478395
56.0 -0.057354148341
56.5 -0.0567496306865
57.0 -0.056098159535
57.5 -0.0554012212079
58.0 -0.0547138056113
58.5 -0.0539966832288
59.0 -0.0532304820451
59.5 -0.0524697016898
60.0 -0.0516720709178
60.5 -0.0508263396696
61.0 -0.049977666726
61.5 -0.0491177885982
62.0 -0.0482759359084
62.5 -0.0473940831192
63.0 -0.0465153743101
63.5 -0.0456346997494
64.0 -0.0447359824835
64.5 -0.0438285413398
65.0 -0.0429221572588
65.5 -0.0419969673292
66.0 -0.0410737695409
66.5 -0.0401705997391
67.0 -0.039233193845
67.5 -0.0383260910221
68.0 -0.0374255255558
68.5 -0.0365486099939
69.0 -0.0356475714118
69.5 -0.034760344682
70.0 -0.0338761443745
70.5 -0.0329714044074
71.0 -0.0320922350869
71.5 -0.0312388599521
72.0 -0.0303500902274
72.5 -0.0295056576445
73.0 -0.0287053532747
73.5 -0.0279133451927
74.0 -0.0270685102579
74.5 -0.0262812996656
75.0 -0.0254904356661
75.5 -0.0247257317348
76.0 -0.0239533494345
76.5 -0.0231646155083
77.0 -0.0224181727433
77.5 -0.0216885608131
78.0 -0.0209875606325
78.5 -0.0202798670342
79.0 -0.0196216786474
79.5 -0.0189708647666
80.0 -0.0183011833346
80.5 -0.0176757889871
81.0 -0.0170616777093
81.5 -0.0164073125992
82.0 -0.0157732823988
82.5 -0.0151972635474
83.0 -0.0146041868268
83.5 -0.0140597054817
84.0 -0.0135366279545
84.5 -0.0129926588552
85.0 -0.0124734962435
85.5 -0.0120416387852
86.0 -0.0114957684201
86.5 -0.011021061445
87.0 -0.010557638212
87.5 -0.0100978566038
88.0 -0.00967853282629
88.5 -0.00925031051794
89.0 -0.00887005565438
89.5 -0.00847676095489
90.0 -0.00808242801872
90.5 -0.00776929550942
91.0 -0.00746973869711
91.5 -0.00716345598498
92.0 -0.00679688734855
92.5 -0.00644536261366
93.0 -0.00614654223022
93.5 -0.00583364494325
94.0 -0.00544318708586
94.5 -0.00518848408874
95.0 -0.00500126206787
95.5 -0.00485712780345
96.0 -0.00455464431309
96.5 -0.00428970552136
97.0 -0.00416904981683
97.5 -0.00395571541797
98.0 -0.0036977104399
98.5 -0.00356082711706
99.0 -0.00344202599963
99.5 -0.00320687282549
100.0 -0.0028604467337
100.5 -0.00287906698119
101.0 -0.00277606001517
101.5 -0.00269162579653
102.0 -0.00263829091072
102.5 -0.00258061370256
103.0 -0.00249361269355
103.5 -0.00249485505606
104.0 -0.00239799201182
104.5 -0.00214131108927
105.0 -0.00213534472893
105.5 -0.00219798247605
106.0 -0.00222737055545
106.5 -0.00211328005979
107.0 -0.00215121694833
107.5 -0.00221401278058
108.0 -0.00223824185748
108.5 -0.00237055471324
109.0 -0.00247468417496
109.5 -0.00192481613115
110.0 -0.00242909981285
110.5 -0.002278156141
111.0 -0.00255423472084
111.5 -0.00261182386411
112.0 -0.00284075924185
112.5 -0.00304733652503
113.0 -0.00319920941912
113.5 -0.00331754525357
114.0 -0.00259356216672
114.5 -0.00331432495503
115.0 -0.00368963750492
115.5 -0.00212094042685
116.0 -0.00281941321154
116.5 -0.00363248417591
117.0 -0.00464036125388
117.5 -0.00408353616014
118.0 -0.00288681976309
118.5 -0.00174302217643
119.0 0.00108794780935
119.5 0.00807649271086
120.0 0.00730284733316
120.5 0.00397020804314
121.0 -0.000331347445041
121.5 -0.00313552902132
122.0 -0.00464119233116
122.5 -0.00496643147009
123.0 -0.00350292534914
123.5 -0.00317425715114
124.0 -0.00360332900354
124.5 -0.00335307811682
125.0 -0.00349478118027
125.5 -0.00391667772521
126.0 -0.0029152287468
126.5 -0.00280182018737
127.0 -0.0029124470537
127.5 -0.00275808964841
128.0 -0.00233334341232
128.5 -0.00220506937009
129.0 -0.00192865188161
129.5 -0.00162081961447
130.0 -0.000927493212728
130.5 -0.00168727929192
131.0 -0.0014111692617
131.5 -0.00101957730849
132.0 -0.000933508839211
132.5 -0.000668962135016
133.0 -0.000361633038914
133.5 -0.000326723845923
134.0 -9.91607990031e-05
134.5 -3.98449967278e-05
135.0 0.000292045264096
135.5 0.000377990157908
136.0 0.000770192228771
136.5 0.000306935620575
137.0 0.000475338407924
137.5 0.000674970574327
138.0 0.000817448020197
138.5 0.000973117323305
139.0 0.00117354289128
139.5 0.000833339618634
140.0 0.00113785681948
140.5 0.00115136389997
141.0 0.00136373416376
141.5 0.00149189766649
142.0 0.00159182088448
142.5 0.00167963311117
143.0 0.00187085549734
143.5 0.001866751038
144.0 0.00168692596737
144.5 0.00171206764546
145.0 0.00190802519878
145.5 0.00228150154974
146.0 0.00196900399728
146.5 0.0020577967882
147.0 0.00201756594791
147.5 0.00210179222188
148.0 0.00221774188469
148.5 0.00239090914799
149.0 0.00249365012092
149.5 0.00224763089865
150.0 0.00245797462068
150.5 0.0028102878279
151.0 0.00253857236987
151.5 0.00253941426963
152.0 0.0025470362257
152.5 0.00262356038533
153.0 0.00270169540158
153.5 0.00276001095042
154.0 0.00290021228487
154.5 0.00303179393543
155.0 0.00303300918998
155.5 0.00325328400861
156.0 0.0032059696191
156.5 0.00319681752099
157.0 0.00301598280006
157.5 0.0031121127355
158.0 0.00331156278647
158.5 0.00355082607363
159.0 0.00361419112051
159.5 0.00339403010829
160.0 0.00337759622019
160.5 0.00341546569379
161.0 0.00366542799472
161.5 0.00387724704754
162.0 0.00362861562299
162.5 0.00355378824347
163.0 0.00374816307041
163.5 0.00398759091104
164.0 0.00411304208865
164.5 0.0042169289452
165.0 0.0044159368428
165.5 0.00453465168741
166.0 0.00463398307814
166.5 0.00487775546461
167.0 0.00491454629447
167.5 0.00480897595199
168.0 0.00506667363707
168.5 0.00554114073118
169.0 0.00563723335215
169.5 0.00563146694203
170.0 0.00538283808093
170.5 0.00572225964349
171.0 0.00593526655298
171.5 0.00623805282109
172.0 0.00645800660105
172.5 0.00688878204578
173.0 0.00720912605692
173.5 0.0076098351979
174.0 0.00751491860527
174.5 0.00691716177599
175.0 0.00734645568384
175.5 0.00700572558726
176.0 0.00734754991718
176.5 0.00759818711941
177.0 0.00739310080725
177.5 0.00895727379564
178.0 0.00728934872434
178.5 0.00574112675068
179.0 0.00328083646495
179.5 0.000723139626189
180.0 -0.000569254917934
180.5 -0.00451233273149
181.0 -0.00498982895679
181.5 -0.00129325384511
182.0 0.000864012694279
182.5 0.00403826880921
183.0 0.00365845870699
183.5 0.00381562439225
184.0 0.0038342817638
184.5 0.0043800965809
185.0 0.00397477397033
185.5 0.00343259477145
186.0 0.00406773067554
186.5 0.00366866786069
187.0 0.00339772780274
187.5 0.00308896384529
188.0 0.00301440366279
188.5 0.00289277650788
189.0 0.00266210570345
189.5 0.0023492470873
190.0 0.00207569284458
190.5 0.00169769371161
191.0 0.00143027626302
191.5 0.00101044593059
192.0 0.000658356816828
192.5 0.000438505234087
193.0 -3.47858153305e-05
193.5 -0.000243094060778
194.0 -0.000944024399487
194.5 -0.00186123397464
195.0 -0.00235471870756
195.5 -0.00375232690031
196.0 -0.0047445821197
196.5 -0.00594378467832
197.0 -0.0075369364662
197.5 -0.00876058169918
198.0 -0.01161140604
198.5 -0.0165543602963
199.0 -0.0267777309903
199.5 -0.042386504398
