0.0 0.00684662136417
0.5 0.0342092592073
1.0 0.0448070850413
1.5 0.0382099190179
2.0 0.0341574175011
2.5 0.030646279515
3.0 0.028460509243
3.5 0.0266418421547
4.0 0.0251167056938
4.5 0.0234384309589
5.0 0.0222704046036
5.5 0.0213077086872
6.0 0.020321737489
6.5 0.0194333604115
7.0 0.0186532529938
7.5 0.0178815873701
8.0 0.0171980152723
8.5 0.01649196503
9.0 0.0158538434149
9.5 0.0150609932974
10.0 0.0144387117757
10.5 0.0138697390177
11.0 0.0131617906591
11.5 0.0125080155659
12.0 0.0118971947482
12.5 0.0112543900564
13.0 0.0106061429281
13.5 0.00995702172955
14.0 0.00931464497237
14.5 0.00858839304986
15.0 0.00792442613128
15.5 0.00721346797982
16.0 0.00651821211707
16.5 0.0057875894057
17.0 0.00506038829687
17.5 0.00429734841152
18.0 0.00350101664498
18.5 0.0026853659507
19.0 0.00185901296521
19.5 0.00100835687559
20.0 0.000150504877147
20.5 -0.000752966884516
21.0 -0.00166036052364
21.5 -0.00258763339812
22.0 -0.00354751382562
22.5 -0.00453550678653
23.0 -0.00553521521667
23.5 -0.00657680726771
24.0 -0.00764920287555
24.5 -0.00873753451174
25.0 -0.00984482768014
25.5 -0.0109640666471
26.0 -0.0121066323027
26.5 -0.0132786167928
27.0 -0.0144886648221
27.5 -0.0156801073991
28.0 -0.0169037937011
28.5 -0.0181739388687
29.0 -0.019444680809
29.5 -0.0207300431433
30.0 -0.022029579046
30.5 -0.023325038068
31.0 -0.0246514408966
31.5 -0.0259682644748
32.0 -0.0272869767819
32.5 -0.028618252155
33.0 -0.0299550943304
33.5 -0.0312943041976
34.0 -0.0325889301593
34.5 -0.0339280106416
35.0 -0.0352633651537
35.5 -0.0365631223007
36.0 -0.0378573508436
36.5 -0.0391289183541
37.0 -0.0403781950052
37.5 -0.0416071889853
38.0 -0.0428142555002
38.5 -0.0440222103837
39.0 -0.0451783293876
39.5 -0.0463280124609
40.0 -0.0474324922534
40.5 -0.048488904656
41.0 -0.049521897645
41.5 -0.0505359194875
42.0 -0.0514908833758
42.5 -0.0524094239859
43.0 -0.0533023664483
43.5 -0.0541381112649
44.0 -0.0549550485915
44.5 -0.0557119097321
45.0 -0.0564361395478
45.5 -0.057132840705
46.0 -0.0577722716517
46.5 -0.0583796410296
47.0 -0.058947588902
47.5 -0.059459037059
48.0 -0.0599513179734
48.5 -0.0603870846227
49.0 -0.0607815092713
49.5 -0.0611512059967
50.0 -0.061419825446
50.5 -0.0616819135139
51.0 -0.0619231006521
51.5 -0.0620992396426
52.0 -0.0622480149424
52.5 -0.0623505997818
53.0 -0.0624382911493
53.5 -0.0624588304101
54.0 -0.0624373704788
54.5 -0.0624039195856
55.0 -0.0623031714272
55.5 -0.0621824833703
56.0 -0.0619946509464
56.5 -0.0618000372776
57.0 -0.061538065996
57.5 -0.0612343316298
58.0 -0.0609355342172
58.5 -0.0606043306653
59.0 -0.0602163295302
59.5 -0.0597884592159
60.0 -0.0593201388813
60.5 -0.058831393987
61.0 -0.058314095007
61.5 -0.0577216307738
62.0 -0.0571100973021
62.5 -0.0565052279795
63.0 -0.0558613192005
63.5 -0.0551821853997
64.0 -0.054471685428
64.5 -0.0537222236819
65.0 -0.0529606632874
65.5 -0.0521676948506
66.0 -0.051349538098
66.5 -0.0505256125934
67.0 -0.0496536703814
67.5 -0.0487591062983
68.0 -0.0478701484195
68.5 -0.0469834986639
69.0 -0.0460565732804
69.5 -0.0451289924088
70.0 -0.0441402093227
70.5 -0.0431585478596
71.0 -0.0421783229456
71.5 -0.0412048054747
72.0 -0.040231495467
72.5 -0.0392306476978
73.0 -0.0382459818674
73.5 -0.0372353652275
74.0 -0.0362657337805
74.5 -0.0352742490332
75.0 -0.0342698422013
75.5 -0.0332837548629
76.0 -0.0322895969625
76.5 -0.0313029368782
77.0 -0.0303405359266
77.5 -0.0294008794304
78.0 -0.028451477872
78.5 -0.0275529925507
79.0 -0.0266506480716
79.5 -0.0256901301026
80.0 -0.0248092516537
80.5 -0.0239627414091
81.0 -0.0230834778679
81.5 -0.0222389209213
82.0 -0.0214128220613
82.5 -0.0205810668632
83.0 -0.0197806598826
83.5 -0.0189896314104
84.0 -0.0182280906632
84.5 -0.01752083055
85.0 -0.0167591954159
85.5 -0.0160961073277
86.0 -0.0154015772546
86.5 -0.0147496895497
87.0 -0.0141029227243
87.5 -0.0134439543967
88.0 -0.0128798016684
88.5 -0.0123051867545
89.0 -0.0117072527305
89.5 -0.0112431865406
90.0 -0.0105914492405
90.5 -0.0100886020198
91.0 -0.0096072076269
91.5 -0.0091168343058
92.0 -0.00864913446837
92.5 -0.00822777224299
93.0 -0.00783295295549
93.5 -0.00741570564205
94.0 -0.00698027148791
94.5 -0.00652272891659
95.0 -0.00622307958036
95.5 -0.00592847448442
96.0 -0.00571454118549
96.5 -0.00535111075594
97.0 -0.00508166633419
97.5 -0.00470953223801
98.0 -0.00435284269337
98.5 -0.00420755012823
99.0 -0.00403196141688
99.5 -0.00361520925517
100.0 -0.00334326174987
100.5 -0.00331761225369
101.0 -0.00330685110513
101.5 -0.00308897171382
102.0 -0.00294803038172
102.5 -0.00280557990779
103.0 -0.00248284852896
103.5 -0.00229038729842
104.0 -0.00236117531789
104.5 -0.00240978124286
105.0 -0.00227448397177
105.5 -0.00205893927401
106.0 -0.00208242100214
106.5 -0.00229153321821
107.0 -0.00225340397653
107.5 -0.00213728914297
108.0 -0.00206485412346
108.5 -0.0021745353616
109.0 -0.00219070563223
109.5 -0.00146113018587
110.0 -0.00163015872858
110.5 -0.00267674369778
111.0 -0.00262380059623
111.5 -0.00266397502906
112.0 -0.00264517096235
112.5 -0.00271666824563
113.0 -0.00279290317506
113.5 -0.00309205077133
114.0 -0.00296820863284
114.5 -0.0026884414913
115.0 -0.00308886125723
115.5 -0.00342117834356
116.0 -0.00328175332963
116.5 -0.0039808898685
117.0 -0.00369244464061
117.5 -0.00495846779343
118.0 -0.00459123807966
118.5 -0.00388745024581
119.0 -0.00274830289486
119.5 0.00453613722647
120.0 0.00682409169033
120.5 0.00656020375359
121.0 0.0054087921001
121.5 -0.00289882756108
122.0 -0.00411714799702
122.5 -0.00607177816491
123.0 -0.00338871404709
123.5 -0.00280303960528
124.0 -0.00299430280256
124.5 -0.00315943527031
125.0 -0.00229864630403
125.5 -0.00275277021649
126.0 -0.00250217680163
126.5 -0.0025040701246
127.0 -0.00224754660402
127.5 -0.00178423910165
128.0 -0.00184080251979
128.5 -0.00221702102081
129.0 -0.00153187855312
129.5 -0.0011278858466
130.0 -0.000686362864791
130.5 -0.000974875996519
131.0 -0.000696099474652
131.5 -0.000100701501282
132.0 -0.00026493008653
132.5 -5.31053031594e-05
133.0 0.0002953114302
133.5 0.000251218658171
134.0 0.000285906846777
134.5 0.000600179324252
135.0 0.000822652062183
135.5 0.000724990861357
136.0 0.000910914666619
136.5 0.000835242289916
137.0 0.00145482053619
137.5 0.00126896526109
138.0 0.00115516042354
138.5 0.0013678039685
139.0 0.00158890035794
139.5 0.00175197514281
140.0 0.00149649823781
140.5 0.00166845033018
141.0 0.00191839233545
141.5 0.00208347567162
142.0 0.00222594954881
142.5 0.00207844611684
143.0 0.00209787782029
143.5 0.00228785902995
144.0 0.00235790984081
144.5 0.00235213759958
145.0 0.00245344397174
145.5 0.00254798906033
146.0 0.00264900373578
146.5 0.00280117869794
147.0 0.00287449924705
147.5 0.002847271847
148.0 0.00289149633577
148.5 0.00294322079268
149.0 0.0028668426045
149.5 0.00290095525835
150.0 0.00269527520798
150.5 0.00306614561871
151.0 0.0030743033731
151.5 0.00320802577705
152.0 0.00343269082226
152.5 0.0032787432623
153.0 0.0032465731311
153.5 0.00339279442278
154.0 0.0034757923663
154.5 0.00369436125433
155.0 0.00363164876542
155.5 0.00366587296676
156.0 0.00358249362322
156.5 0.00362321908233
157.0 0.00356607579787
157.5 0.00367362510266
158.0 0.00383907091905
158.5 0.0040120954298
159.0 0.00409633340392
159.5 0.00419735933314
160.0 0.00429547635039
160.5 0.00373163279095
161.0 0.00432052519876
161.5 0.00442272899203
162.0 0.00451200806739
162.5 0.00467688768948
163.0 0.0047425435053
163.5 0.00470379823271
164.0 0.00462965417244
164.5 0.00451379903068
165.0 0.00469072503128
165.5 0.00495134527799
166.0 0.00509956759364
166.5 0.00500415315164
167.0 0.00515270134625
167.5 0.00557532791361
168.0 0.005969509725
168.5 0.00628586014105
169.0 0.00622831026528
169.5 0.00598146878942
170.0 0.00635950427888
170.5 0.00652308868577
171.0 0.00679969068678
171.5 0.0070926407777
172.0 0.00726368717189
172.5 0.00753747167883
173.0 0.00781551659212
173.5 0.00760736564067
174.0 0.00732402644661
174.5 0.00762413559569
175.0 0.00776655172849
175.5 0.00753281160995
176.0 0.00791142104968
176.5 0.00709813552207
177.0 0.0071792502962
177.5 0.00684986491758
178.0 0.00655786484212
178.5 0.0046163386116
179.0 -0.000149766942371
179.5 -0.000880372205643
180.0 0.00138420853162
180.5 0.000610715617995
181.0 0.00228870544807
181.5 0.00420157473042
182.0 0.00359258860006
182.5 0.00611969045184
183.0 0.00554381881774
183.5 0.00506336615831
184.0 0.0042950439199
184.5 0.00397385262021
185.0 0.00451017988709
185.5 0.00391824628947
186.0 0.00380530116819
186.5 0.00351730869207
187.0 0.00368918426466
187.5 0.00353402052137
188.0 0.00314772511952
188.5 0.00290269481737
189.0 0.00265794682146
189.5 0.00225536166199
190.0 0.00190222362454
190.5 0.00153547636025
191.0 0.00129214269414
191.5 0.000899427811135
192.0 0.000415411529119
192.5 5.88076678412e-05
193.0 -0.000514842881557
193.5 -0.00113492732238
194.0 -0.00203947789406
194.5 -0.00286798555068
195.0 -0.00376244000222
195.5 -0.00533734863099
196.0 -0.00652153130814
196.5 -0.00780385812492
197.0 -0.010899188591
197.5 -0.0134163107568
198.0 -0.0185736120354
198.5 -0.0258637494342
199.0 -0.0409449576504
199.5 -0.068210397632
