0.0 0.00727031217197
0.5 0.0350686535083
1.0 0.0465763317192
1.5 0.0397808740953
2.0 0.0356659173197
2.5 0.032261186188
3.0 0.0300751797158
3.5 0.0282285524059
4.0 0.0266776009347
4.5 0.024978508759
5.0 0.023858423533
5.5 0.0228677060084
6.0 0.021887900063
6.5 0.0210091519713
7.0 0.0202607089805
7.5 0.0194470954021
8.0 0.0186600905683
8.5 0.0180239163501
9.0 0.0174070002687
9.5 0.0167634577987
10.0 0.0160894918487
10.5 0.01547949533
11.0 0.0148490400702
11.5 0.0142272601433
12.0 0.0136274578053
12.5 0.0129821264237
13.0 0.0123079550528
13.5 0.0116865302803
14.0 0.0110433403409
14.5 0.0103964045768
15.0 0.00972928325966
15.5 0.00902951439465
16.0 0.00835189019998
16.5 0.00764713640373
17.0 0.006916172955
17.5 0.00614615477865
18.0 0.00537887081338
18.5 0.00457355576576
19.0 0.00377014564656
19.5 0.00293850992186
20.0 0.00206982171155
20.5 0.00117612528756
21.0 0.000272410010366
21.5 -0.000641032032171
22.0 -0.00159556695658
22.5 -0.00256415777864
23.0 -0.00357337913359
23.5 -0.0046089467838
24.0 -0.00567343781508
24.5 -0.00676182208672
25.0 -0.00786268356421
25.5 -0.00899133574943
26.0 -0.0101414889308
26.5 -0.0113104622866
27.0 -0.0125258670908
27.5 -0.013754378885
28.0 -0.0149682970113
28.5 -0.0162317382815
29.0 -0.0175152894557
29.5 -0.0188228627637
30.0 -0.0201236356789
30.5 -0.021443662115
31.0 -0.0227797722121
31.5 -0.0241187698394
32.0 -0.0254749522428
32.5 -0.0268361588164
33.0 -0.02820520065
33.5 -0.0295633692456
34.0 -0.0309588386375
34.5 -0.0323007700411
35.0 -0.033660516084
35.5 -0.0350160025287
36.0 -0.0363594930097
36.5 -0.0376856739715
37.0 -0.0389996461586
37.5 -0.0403092802963
38.0 -0.0416044023814
38.5 -0.0428605758825
39.0 -0.0441141931485
39.5 -0.0453532213058
40.0 -0.0465789301201
40.5 -0.0477595039817
41.0 -0.0489212843194
41.5 -0.0500840116212
42.0 -0.0511840196157
42.5 -0.0522427554124
43.0 -0.0532853156655
43.5 -0.054278186326
44.0 -0.0552591909505
44.5 -0.0562341629502
45.0 -0.0571446127869
45.5 -0.0580198484377
46.0 -0.0588311951764
46.5 -0.0596507281272
47.0 -0.060454979258
47.5 -0.0611730720716
48.0 -0.0618589403973
48.5 -0.0625323023633
49.0 -0.0631717459363
49.5 -0.0637358091682
50.0 -0.0642216079785
50.5 -0.0647284091223
51.0 -0.0652006760456
51.5 -0.065600818223
52.0 -0.0659788107251
52.5 -0.0663116161308
53.0 -0.0666118336772
53.5 -0.0668476094761
54.0 -0.0670288181321
54.5 -0.0671924866765
55.0 -0.0672821437143
55.5 -0.0673304653232
56.0 -0.0673547449317
56.5 -0.0672882821414
57.0 -0.0672005995812
57.5 -0.0670529613304
58.0 -0.0668834661651
58.5 -0.0666674549775
59.0 -0.0663882523548
59.5 -0.0660514121529
60.0 -0.065683392796
60.5 -0.0652647693807
61.0 -0.0647709076303
61.5 -0.064243849561
62.0 -0.0636813606926
62.5 -0.0630878024797
63.0 -0.0624573087897
63.5 -0.0617675562194
64.0 -0.0610086400931
64.5 -0.0602474132847
65.0 -0.0594144807281
65.5 -0.058553028252
66.0 -0.0576281243827
66.5 -0.0566928672185
67.0 -0.0557326652332
67.5 -0.0547437462236
68.0 -0.0537262445292
68.5 -0.0526900295225
69.0 -0.0516403227927
69.5 -0.0505462846187
70.0 -0.049422650827
70.5 -0.0482968679019
71.0 -0.0471647808059
71.5 -0.0459709489314
72.0 -0.0448070413804
72.5 -0.043622902886
73.0 -0.0424637257876
73.5 -0.0413100605461
74.0 -0.0401332924423
74.5 -0.0389728081851
75.0 -0.0378311801744
75.5 -0.0366294209569
76.0 -0.0354621519025
76.5 -0.0343163918397
77.0 -0.0331505152893
77.5 -0.0320047183393
78.0 -0.0309100964154
78.5 -0.0298177013279
79.0 -0.0287676787892
79.5 -0.0277174274824
80.0 -0.0266761643499
80.5 -0.0256668907313
81.0 -0.0246425050124
81.5 -0.0236724688004
82.0 -0.0226914623987
82.5 -0.0217440662835
83.0 -0.0208429293798
83.5 -0.0199555338631
84.0 -0.0190644546687
84.5 -0.018226474953
85.0 -0.0173952356805
85.5 -0.0166296363168
86.0 -0.015855502152
86.5 -0.0151216657096
87.0 -0.0144061166621
87.5 -0.0137229578979
88.0 -0.013041827219
88.5 -0.0123109265123
89.0 -0.0116816675502
89.5 -0.0111390415922
90.0 -0.010538288823
90.5 -0.00998719712831
91.0 -0.00944282471997
91.5 -0.00890493751717
92.0 -0.0083967728765
92.5 -0.00788395934467
93.0 -0.00739791140709
93.5 -0.00692588636312
94.0 -0.00643654960489
94.5 -0.00608003386768
95.0 -0.00579269280769
95.5 -0.00530242318109
96.0 -0.00504284376422
96.5 -0.00470032998299
97.0 -0.0044269887824
97.5 -0.00414073877025
98.0 -0.00385268822184
98.5 -0.00363183646423
99.0 -0.00336577452057
99.5 -0.00310437299789
100.0 -0.0028467170891
100.5 -0.00273140957318
101.0 -0.00250919880854
101.5 -0.00227875775027
102.0 -0.00225619519271
102.5 -0.00225116126306
103.0 -0.00201422910483
103.5 -0.00174537305288
104.0 -0.00154619490471
104.5 -0.00155628185388
105.0 -0.00153030067519
105.5 -0.00153823563639
106.0 -0.00154325439943
106.5 -0.00168508258973
107.0 -0.00156583973984
107.5 -0.00147761536607
108.0 -0.00146877552054
108.5 -0.00151339563539
109.0 -0.00164100565681
109.5 -0.00172398995048
110.0 -0.0016914882569
110.5 -0.00165967281169
111.0 -0.0017031914419
111.5 -0.00197170404778
112.0 -0.00204450112795
112.5 -0.0022755416535
113.0 -0.00215961648185
113.5 -0.00226962141937
114.0 -0.00260567462382
114.5 -0.00274089156812
115.0 -0.00271601807039
115.5 -0.00254857566811
116.0 -0.00263397047038
116.5 -0.00246114493424
117.0 -0.00223935763393
117.5 -0.00360203859252
118.0 -0.0037316381578
118.5 -0.00360624597705
119.0 -0.00106947089674
119.5 0.00624840409915
120.0 0.0071677451899
120.5 0.00679228062108
121.0 0.00433978232171
121.5 -0.000929895929389
122.0 -0.00437136684941
122.5 -0.00563153179755
123.0 -0.00394927600871
123.5 -0.00279758661371
124.0 -0.00243107368314
124.5 -0.00204133351001
125.0 -0.0031339618758
125.5 -0.00237262884703
126.0 -0.0022148018887
126.5 -0.00231588762159
127.0 -0.00216910105398
127.5 -0.00162724409536
128.0 -0.00112263146764
128.5 -0.00148080050653
129.0 -0.00190937386304
129.5 -0.00113323154315
130.0 -0.000565504011831
130.5 -0.00015285657549
131.0 -0.000426754561893
131.5 0.000163014496849
132.0 8.96910033958e-05
132.5 -2.96003029234e-05
133.0 0.000234545292344
133.5 0.000525437921119
134.0 0.000698335464378
134.5 0.000581303482257
135.0 0.0008413541103
135.5 0.00115213746702
136.0 0.00139440783589
136.5 0.0013806381789
137.0 0.00145201896473
137.5 0.00131245539906
138.0 0.00150326885904
138.5 0.00160845036004
139.0 0.00174529654822
139.5 0.00220261228944
140.0 0.00188986442402
140.5 0.00203117787284
141.0 0.00215200735394
141.5 0.00225559861263
142.0 0.00247405590292
142.5 0.0026733191069
143.0 0.00264673135126
143.5 0.00244239193809
144.0 0.00249439294313
144.5 0.00263344964677
145.0 0.00263387028679
145.5 0.00270408023683
146.0 0.00285466001138
146.5 0.00298002720797
147.0 0.00316029230865
147.5 0.00315196065817
148.0 0.00310923636463
148.5 0.00318498730354
149.0 0.00316810525902
149.5 0.003043049277
150.0 0.00318324340137
150.5 0.00338009667432
151.0 0.00357948912188
151.5 0.00352177529299
152.0 0.00353260035012
152.5 0.00363778408707
153.0 0.00368691781112
153.5 0.00369876710457
154.0 0.00376230583681
154.5 0.00369795085022
155.0 0.00361360975714
155.5 0.00363461209462
156.0 0.00387356281466
156.5 0.00385204854884
157.0 0.00398293394821
157.5 0.00399803366302
158.0 0.0041784017737
158.5 0.00444555896391
159.0 0.00439933326857
159.5 0.00442007781026
160.0 0.0043831608881
160.5 0.00418830618217
161.0 0.00467484620793
161.5 0.00472614493473
162.0 0.00479734648329
162.5 0.0048864174334
163.0 0.00497892455613
163.5 0.00508149850451
164.0 0.00521174318579
164.5 0.00529821830535
165.0 0.00517457179351
165.5 0.00525948234922
166.0 0.00535660453019
166.5 0.00532182721648
167.0 0.00558107456346
167.5 0.00610078135071
168.0 0.00637373390131
168.5 0.00645821912669
169.0 0.00651553980342
169.5 0.00666993391985
170.0 0.00688244020483
170.5 0.00699055510105
171.0 0.00716150063974
171.5 0.00749665856293
172.0 0.00764461400537
172.5 0.0080032632916
173.0 0.0084071421103
173.5 0.0083263406308
174.0 0.00821589569932
174.5 0.00880060065418
175.0 0.0091047081729
175.5 0.00887630058817
176.0 0.00917139812337
176.5 0.00939245326589
177.0 0.0101994930637
177.5 0.0116140405562
178.0 0.011503850949
178.5 0.00820463182879
179.0 0.00316261505917
179.5 0.000813153398752
180.0 -0.000866286184845
180.5 -0.00415282726549
181.0 -0.00249932913349
181.5 0.00026806532793
182.0 0.00126692512444
182.5 0.00233844282575
183.0 0.00239695345338
183.5 0.00297815761404
184.0 0.00296149247042
184.5 0.0031142580596
185.0 0.00391589168557
185.5 0.00347683247685
186.0 0.00334787862464
186.5 0.00375811000839
187.0 0.00361980709916
187.5 0.00322233606795
188.0 0.00277910871964
188.5 0.00274038041958
189.0 0.00250566710368
189.5 0.0021152928754
190.0 0.00187590568373
190.5 0.00151485809266
191.0 0.00123684416926
191.5 0.000840057227478
192.0 0.000365322219764
192.5 -3.01237804479e-07
193.0 -0.000639303154017
193.5 -0.00119523429312
194.0 -0.00200540863268
194.5 -0.00299432600679
195.0 -0.00392042952639
195.5 -0.00572756900439
196.0 -0.00699635270222
196.5 -0.00869628582473
197.0 -0.010934409112
197.5 -0.0131330505665
198.0 -0.0184775652122
198.5 -0.0258717487749
199.0 -0.0409305171961
199.5 -0.0679633178125
