0.0 0.00820438937248
0.5 0.0267571184971
1.0 0.0393671142094
1.5 0.0340207321976
2.0 0.030152418722
2.5 0.0272672388416
3.0 0.0259154790078
3.5 0.0245891992823
4.0 0.0233067881953
4.5 0.0218347076105
5.0 0.0208793991666
5.5 0.0200429694115
6.0 0.0191755044174
6.5 0.0184289731047
7.0 0.0176948634245
7.5 0.0169275938576
8.0 0.0163920556519
8.5 0.0157964297716
9.0 0.0152262725779
9.5 0.0146554219827
10.0 0.0140931859228
10.5 0.0135603324698
11.0 0.0130304266266
11.5 0.0124718194766
12.0 0.0119233124648
12.5 0.0114508507051
13.0 0.0109270489131
13.5 0.0103269437267
14.0 0.00980884769223
14.5 0.00928333347047
15.0 0.00874701436993
15.5 0.00817380502132
16.0 0.00760820313976
16.5 0.00703667555538
17.0 0.00645211926824
17.5 0.00584606217475
18.0 0.00522008411515
18.5 0.00457069119462
19.0 0.00393356524769
19.5 0.0032745279681
20.0 0.00261477549267
20.5 0.00191087237557
21.0 0.00120788652498
21.5 0.000482856266832
22.0 -0.000273237026422
22.5 -0.00101512056586
23.0 -0.00181464242425
23.5 -0.00260705973285
24.0 -0.00342638541046
24.5 -0.00428991026249
25.0 -0.00514213979406
25.5 -0.00601725944884
26.0 -0.00692750676508
26.5 -0.00784436215678
27.0 -0.00878198987425
27.5 -0.00974808092335
28.0 -0.0107144905448
28.5 -0.0117291459862
29.0 -0.0127683297864
29.5 -0.013832042951
30.0 -0.0148718737208
30.5 -0.0159520054626
31.0 -0.0170720824187
31.5 -0.0181977927705
32.0 -0.0193231829388
32.5 -0.0204737681094
33.0 -0.021656814823
33.5 -0.0228407733189
34.0 -0.0240750524175
34.5 -0.0253098849467
35.0 -0.0265320088817
35.5 -0.0277851613369
36.0 -0.0290628764106
36.5 -0.0303386014515
37.0 -0.0316157058822
37.5 -0.0329229968098
38.0 -0.0342528593694
38.5 -0.0355712590383
39.0 -0.0368907725889
39.5 -0.0382308935365
40.0 -0.0395607038595
40.5 -0.0409151791828
41.0 -0.0422486367923
41.5 -0.0435999521515
42.0 -0.0449358737121
42.5 -0.0462446151761
43.0 -0.0475557537401
43.5 -0.048889259477
44.0 -0.0502158058113
44.5 -0.0514922246287
45.0 -0.0527430428123
45.5 -0.0540065459204
46.0 -0.0552502468443
46.5 -0.0564453187279
47.0 -0.0576338392411
47.5 -0.0587993413058
48.0 -0.0599439462455
48.5 -0.0610330543819
49.0 -0.0620908191968
49.5 -0.0631231317913
50.0 -0.0640944983974
50.5 -0.0650269266519
51.0 -0.0658511563058
51.5 -0.0666757488935
52.0 -0.0674779994032
52.5 -0.068200861884
53.0 -0.0688604436695
53.5 -0.0694490914826
54.0 -0.0699814976083
54.5 -0.0704319185343
55.0 -0.0707648490148
55.5 -0.0710833513304
56.0 -0.0713202409155
56.5 -0.0714671922766
57.0 -0.0715510375579
57.5 -0.0715418802532
58.0 -0.0714873001877
58.5 -0.0713334525252
59.0 -0.071079121829
59.5 -0.0707561097357
60.0 -0.0703794557709
60.5 -0.0699179879139
61.0 -0.0693514624818
61.5 -0.0687280536282
62.0 -0.0680659392796
62.5 -0.0673080179567
63.0 -0.0665011187853
63.5 -0.0656060112657
64.0 -0.0646595900297
64.5 -0.0636817316099
65.0 -0.0626315760433
65.5 -0.0615103613764
66.0 -0.060356526749
66.5 -0.0591883645972
67.0 -0.0579574288119
67.5 -0.0567528537659
68.0 -0.0554693834777
68.5 -0.0541610890862
69.0 -0.0528642005444
69.5 -0.0515619987858
70.0 -0.0502349088728
70.5 -0.0488388903437
71.0 -0.0474774652973
71.5 -0.0461183873964
72.0 -0.0447472496485
72.5 -0.0434050432108
73.0 -0.0421074377453
73.5 -0.0407524646625
74.0 -0.0394254241202
74.5 -0.0381336231153
75.0 -0.0368273718887
75.5 -0.03556794036
76.0 -0.034309834096
76.5 -0.0330476512839
77.0 -0.0318369351843
77.5 -0.0306457289857
78.0 -0.0295021358308
78.5 -0.0283523325528
79.0 -0.027216233618
79.5 -0.0261392556913
80.0 -0.025080952469
80.5 -0.0240580023699
81.0 -0.0230250239574
81.5 -0.0220524493793
82.0 -0.0210869132658
82.5 -0.0201196867489
83.0 -0.0191829985488
83.5 -0.018324073898
84.0 -0.0174986287049
84.5 -0.016669689595
85.0 -0.0159134991633
85.5 -0.0150972331633
86.0 -0.0143220897621
86.5 -0.0136302332083
87.0 -0.0129442563095
87.5 -0.0122167037828
88.0 -0.0116008751387
88.5 -0.0109946156656
89.0 -0.0104100198579
89.5 -0.00977774164639
90.0 -0.009240675834
90.5 -0.00880833078422
91.0 -0.00834116813961
91.5 -0.00777825590119
92.0 -0.00728472131344
92.5 -0.00682523793241
93.0 -0.00640933342435
93.5 -0.00604097715002
94.0 -0.00568087441931
94.5 -0.00522475191007
95.0 -0.00488602509945
95.5 -0.00456120915452
96.0 -0.00430292601464
96.5 -0.0039707387363
97.0 -0.00369383824525
97.5 -0.00340782974251
98.0 -0.00312331208329
98.5 -0.00290033316055
99.0 -0.00268949627984
99.5 -0.00258291074662
100.0 -0.00250974984561
100.5 -0.00225420178489
101.0 -0.00207222998404
101.5 -0.00192273537184
102.0 -0.00177906330681
102.5 -0.00168034947359
103.0 -0.00154473819761
103.5 -0.00145652462296
104.0 -0.00132556505012
104.5 -0.00114103614759
105.0 -0.00115395505414
105.5 -0.00118636008443
106.0 -0.00117166092644
106.5 -0.00131978585823
107.0 -0.00136436688376
107.5 -0.00123966500121
108.0 -0.00122961189461
108.5 -0.00148111149052
109.0 -0.0016666464137
109.5 -0.00177641807115
110.0 -0.00192197705194
110.5 -0.00160102852119
111.0 -0.00199187446881
111.5 -0.00241796384238
112.0 -0.00248916700635
112.5 -0.00260316522991
113.0 -0.00272366294438
113.5 -0.00305979253356
114.0 -0.00305322465428
114.5 -0.00326408505286
115.0 -0.00353372460764
115.5 -0.00262629291433
116.0 -0.00341902170558
116.5 -0.00369144158691
117.0 -0.00397821583351
117.5 -0.0050636983063
118.0 -0.00468832754433
118.5 -0.00375054487255
119.0 -0.000525185394835
119.5 0.00718443344445
120.0 0.00847417742463
120.5 0.00841380887614
121.0 0.0057807697215
121.5 0.00184850813257
122.0 0.000992485299406
122.5 -0.00214681733341
123.0 -0.0017101790648
123.5 -0.00158659787363
124.0 -0.0012660319566
124.5 -0.0018249268947
125.0 -0.00135373672754
125.5 -0.00110008166162
126.0 -3.5204596216e-05
126.5 -0.00134212637889
127.0 -0.00122406147966
127.5 -0.000308763057419
128.0 4.81650690176e-05
128.5 -0.000351184846842
129.0 -0.000540257861843
129.5 8.75928007105e-06
130.0 0.000426434203597
130.5 0.000576861714464
131.0 0.000588622786111
131.5 0.000926768064311
132.0 0.00122414643732
132.5 0.00108906236577
133.0 0.0010417298416
133.5 0.00125363270838
134.0 0.00144668164602
134.5 0.00165462663031
135.0 0.00191366740115
135.5 0.0019894803737
136.0 0.00171977957433
136.5 0.00190959073992
137.0 0.00193701389547
137.5 0.00191266630735
138.0 0.0023432539632
138.5 0.00238306863877
139.0 0.00202185670654
139.5 0.00216638997641
140.0 0.0022369969214
140.5 0.00231308160342
141.0 0.00252338441595
141.5 0.00256154860213
142.0 0.00271659698901
142.5 0.00256604392627
143.0 0.00270798447728
143.5 0.00293806582608
144.0 0.00288336411404
144.5 0.00305360482301
145.0 0.00319009597149
145.5 0.00299158393133
146.0 0.00310999116453
146.5 0.00299470328439
147.0 0.00303874447423
147.5 0.00317774746712
148.0 0.00318127077432
148.5 0.0031538547516
149.0 0.00311493105435
149.5 0.00297804679187
150.0 0.00333984730548
150.5 0.00338547319161
151.0 0.00356880140928
151.5 0.00342527316349
152.0 0.00321848192958
152.5 0.00338880727227
153.0 0.00356849214822
153.5 0.00355700027739
154.0 0.00351381481217
154.5 0.00337798166377
155.0 0.00339268423316
155.5 0.00359485031231
156.0 0.00369487923383
156.5 0.00375195103243
157.0 0.00384583199427
157.5 0.00382902542844
158.0 0.00365851187303
158.5 0.00379387201205
159.0 0.00408922833455
159.5 0.00401101552492
160.0 0.00402575769742
160.5 0.00397132934858
161.0 0.00445227539647
161.5 0.00454284874261
162.0 0.00421487148469
162.5 0.0044354674969
163.0 0.00454551070275
163.5 0.00435365937434
164.0 0.00437873323547
164.5 0.00460617247266
165.0 0.00428305433785
165.5 0.00440648759896
166.0 0.00484081014113
166.5 0.00495294814408
167.0 0.00449588589122
167.5 0.00472409527113
168.0 0.00518177285563
168.5 0.00550289602668
169.0 0.00562143572349
169.5 0.00569507313067
170.0 0.00579171518615
170.5 0.00584213679616
171.0 0.00613781540204
171.5 0.00576934044469
172.0 0.00617670734842
172.5 0.00677551360774
173.0 0.00659795882072
173.5 0.00642238102404
174.0 0.00683016643683
174.5 0.0069997698903
175.0 0.00699093273845
175.5 0.00649491408828
176.0 0.00522279510395
176.5 0.0053418133092
177.0 0.00530665950764
177.5 0.00607233462848
178.0 0.00458164697191
178.5 0.00346334477105
179.0 -0.000826437697498
179.5 -0.00310345400125
180.0 -0.00159548138851
180.5 -0.000721517127758
181.0 0.00289184768239
181.5 0.00356126116149
182.0 0.00386774273456
182.5 0.00506217670296
183.0 0.00445923979187
183.5 0.00454868940159
184.0 0.00430530504855
184.5 0.00422791871033
185.0 0.00423588303478
185.5 0.00394139575049
186.0 0.00392011953676
186.5 0.00369627265066
187.0 0.00396825189718
187.5 0.00369677473122
188.0 0.00322479863748
188.5 0.00293215625024
189.0 0.00274727722734
189.5 0.00252557494342
190.0 0.00212776733349
190.5 0.00170639377617
191.0 0.00143280300442
191.5 0.000982206495237
192.0 0.000566559047613
192.5 0.000248437306539
193.0 -0.00034423635401
193.5 -0.0010101436412
194.0 -0.00179927770424
194.5 -0.00259372744853
195.0 -0.00324183384295
195.5 -0.00547875012816
196.0 -0.00666352898557
196.5 -0.00772051173051
197.0 -0.0106673935662
197.5 -0.0130928269036
198.0 -0.018054424232
198.5 -0.0250386985823
199.0 -0.0397693739511
199.5 -0.0654410256006
