0.0 0.00759874084741
0.5 0.0254482503201
1.0 0.0373274077236
1.5 0.0325197150818
2.0 0.0287360651945
2.5 0.0256926402227
3.0 0.0243293652497
3.5 0.0228017228907
4.0 0.0214156548965
4.5 0.0202009364055
5.0 0.0190214519876
5.5 0.0181350818169
6.0 0.0170853902119
6.5 0.0162733327618
7.0 0.0156450075021
7.5 0.0149302141204
8.0 0.0142465782712
8.5 0.013460957212
9.0 0.012894941672
9.5 0.0122839974835
10.0 0.0116494178355
10.5 0.0110361762272
11.0 0.0103937940624
11.5 0.0097971636501
12.0 0.00919459550591
12.5 0.0085653619547
13.0 0.00789171187429
13.5 0.0072835795671
14.0 0.00664331574914
14.5 0.00601024275293
15.0 0.00528434096731
15.5 0.00459122637606
16.0 0.00391891681157
16.5 0.00321044374407
17.0 0.00250527495572
17.5 0.00176537867239
18.0 0.000996691312897
18.5 0.000214766750483
19.0 -0.000580020757111
19.5 -0.00140895198936
20.0 -0.00225230621405
20.5 -0.00311603906351
21.0 -0.0039821123681
21.5 -0.0048900424694
22.0 -0.00583278730748
22.5 -0.00676615601153
23.0 -0.00776259543747
23.5 -0.00875699487597
24.0 -0.00978275959978
24.5 -0.0108437792582
25.0 -0.0119092002236
25.5 -0.0129912258326
26.0 -0.0141035731273
26.5 -0.0152338464663
27.0 -0.0163983700708
27.5 -0.0175808338213
28.0 -0.0187856419909
28.5 -0.0200206473947
29.0 -0.0212604798713
29.5 -0.0225440861219
30.0 -0.0238287607539
30.5 -0.0251060233313
31.0 -0.026404696253
31.5 -0.0277138432212
32.0 -0.029047224497
32.5 -0.0303538889688
33.0 -0.0316694921935
33.5 -0.0330288150922
34.0 -0.0343669019067
34.5 -0.0356942936487
35.0 -0.0370243927425
35.5 -0.0383447994056
36.0 -0.0396631691172
36.5 -0.0409430282595
37.0 -0.0422042777677
37.5 -0.0434521048639
38.0 -0.0446701293805
38.5 -0.0458577151198
39.0 -0.0470173410545
39.5 -0.0481727842509
40.0 -0.0492566131886
40.5 -0.0503133290559
41.0 -0.0513118758434
41.5 -0.0522949442819
42.0 -0.0532169135864
42.5 -0.0540901928645
43.0 -0.054924419281
43.5 -0.0556822208611
44.0 -0.0564046755761
44.5 -0.0570734332361
45.0 -0.0576280841192
45.5 -0.0581428159282
46.0 -0.0586173695988
46.5 -0.0590492212127
47.0 -0.0594168283794
47.5 -0.059702409358
48.0 -0.059945094678
48.5 -0.0601216826135
49.0 -0.0602564953499
49.5 -0.060348298976
50.0 -0.0603247009861
50.5 -0.0602811390756
51.0 -0.0601836201916
51.5 -0.0600264645004
52.0 -0.0598466656634
52.5 -0.0596127555679
53.0 -0.0593512612818
53.5 -0.0590157001689
54.0 -0.0586232741698
54.5 -0.0582138262103
55.0 -0.0577477141279
55.5 -0.0572663247782
56.0 -0.0567095415947
56.5 -0.0561669071857
57.0 -0.0555836969155
57.5 -0.054958601101
58.0 -0.0543443988573
58.5 -0.0536891420744
59.0 -0.0529914796001
59.5 -0.0523002742119
60.0 -0.0515697841947
60.5 -0.0508142602752
61.0 -0.0500447799956
61.5 -0.0492563344746
62.0 -0.0484700301258
62.5 -0.0476716805369
63.0 -0.0468529181694
63.5 -0.046018801448
64.0 -0.045201028804
64.5 -0.044371523734
65.0 -0.0434972494609
65.5 -0.0426325476539
66.0 -0.0417617951045
66.5 -0.0409149508514
67.0 -0.04003516859
67.5 -0.0391657794872
68.0 -0.0382957217938
68.5 -0.0374699837071
69.0 -0.036612981519
69.5 -0.0357665469251
70.0 -0.0349110433711
70.5 -0.0340350290897
71.0 -0.0331881021441
71.5 -0.0323219720557
72.0 -0.0314721975744
72.5 -0.0306489489045
73.0 -0.029848391688
73.5 -0.0290475093573
74.0 -0.0282760469622
74.5 -0.027482970664
75.0 -0.0266778709358
75.5 -0.0259185108485
76.0 -0.0251004709318
76.5 -0.024324350534
77.0 -0.0235727881238
77.5 -0.0228379032588
78.0 -0.022168431949
78.5 -0.0214479461803
79.0 -0.0207823121189
79.5 -0.0200701465558
80.0 -0.0194032604422
80.5 -0.0187582347127
81.0 -0.018095850379
81.5 -0.0174781505681
82.0 -0.0168712822843
82.5 -0.0162441505311
83.0 -0.0155930651356
83.5 -0.0150413615939
84.0 -0.0145350869634
84.5 -0.0140322671847
85.0 -0.0134129942906
85.5 -0.0129455705378
86.0 -0.0124288753936
86.5 -0.0119427398316
87.0 -0.0114514789035
87.5 -0.0109408109821
88.0 -0.0105099919781
88.5 -0.0100592615291
89.0 -0.00966416380054
89.5 -0.00928703145161
90.0 -0.00879320134471
90.5 -0.00846387331147
91.0 -0.00805814737069
91.5 -0.00767209759276
92.0 -0.00736280747795
92.5 -0.00705545865857
93.0 -0.00677559111634
93.5 -0.00648544253114
94.0 -0.00605604604365
94.5 -0.0057740236067
95.0 -0.00549603805199
95.5 -0.00525018446271
96.0 -0.00503609767274
96.5 -0.0047868496797
97.0 -0.00462265009567
97.5 -0.00440956652981
98.0 -0.0041731515883
98.5 -0.0039955970173
99.0 -0.003759887731
99.5 -0.00359397129218
100.0 -0.00340479973514
100.5 -0.00330333547417
101.0 -0.00320277629315
101.5 -0.00311961239805
102.0 -0.00303135301152
102.5 -0.00297254856754
103.0 -0.00286265322318
103.5 -0.00278100516846
104.0 -0.00264641078257
104.5 -0.00247532641541
105.0 -0.0022647077618
105.5 -0.00237680367681
106.0 -0.00233864259626
106.5 -0.00260913222996
107.0 -0.00244122108094
107.5 -0.00233074273303
108.0 -0.00244353568533
108.5 -0.0024528591531
109.0 -0.00239878209455
109.5 -0.00269963321168
110.0 -0.00297323952237
110.5 -0.00280298626151
111.0 -0.00232325862208
111.5 -0.00283654006223
112.0 -0.00311044417308
112.5 -0.00326144722553
113.0 -0.0033809084903
113.5 -0.00341982773222
114.0 -0.00300530297524
114.5 -0.00350231587709
115.0 -0.00379327940632
115.5 -0.00324595753956
116.0 -0.00360944001109
116.5 -0.00372584992591
117.0 -0.00392401516822
117.5 -0.00579065816966
118.0 -0.0053236219868
118.5 -0.00389823014164
119.0 -0.00232676985367
119.5 0.00426115842635
120.0 0.00664773252308
120.5 0.00611008239012
121.0 0.0051572004256
121.5 -0.000203830465097
122.0 -0.00413544069183
122.5 -0.00608188974317
123.0 -0.00480950853625
123.5 -0.0041580019351
124.0 -0.00365387956363
124.5 -0.00325212806335
125.0 -0.00308824477528
125.5 -0.00275968195083
126.0 -0.00252396583852
126.5 -0.00307620032319
127.0 -0.00296081740412
127.5 -0.00257762213401
128.0 -0.00230883422678
128.5 -0.00198282544056
129.0 -0.00164876297223
129.5 -0.00211489836347
130.0 -0.00189557716414
130.5 -0.000953276698752
131.0 -0.000786469685224
131.5 -0.000937481037909
132.0 -0.00105495500704
132.5 -0.000812828280118
133.0 -0.000420955622538
133.5 -0.000181437146445
134.0 -1.76812549029e-05
134.5 0.000140459486595
135.0 0.000384310189808
135.5 0.000591472364981
136.0 0.000433964141642
136.5 0.000465646608095
137.0 0.00054669975988
137.5 0.000599276872631
138.0 0.000835062795588
138.5 0.00093312869534
139.0 0.000917870665166
139.5 0.000888607377387
140.0 0.0014017847305
140.5 0.00140722800012
141.0 0.00165944212628
141.5 0.00174986217222
142.0 0.00161696201858
142.5 0.00161350749974
143.0 0.00173187518698
143.5 0.00172812966905
144.0 0.00179393355046
144.5 0.00194930038788
145.0 0.00196717286202
145.5 0.0017189371208
146.0 0.00208749268127
146.5 0.00217449566911
147.0 0.00215476912869
147.5 0.00223754833025
148.0 0.00242359877457
148.5 0.00251018639643
149.0 0.00240320352642
149.5 0.00244238650378
150.0 0.00246796571826
150.5 0.00252214476019
151.0 0.0025169069787
151.5 0.00256107383045
152.0 0.00272430388798
152.5 0.00296327816866
153.0 0.00294827883224
153.5 0.00279571236997
154.0 0.00282366735405
154.5 0.00284084546159
155.0 0.00299574000379
155.5 0.00321959552088
156.0 0.00333536478102
156.5 0.00334044005225
157.0 0.00320895437104
157.5 0.00310127007358
158.0 0.00319292586036
158.5 0.00338288355163
159.0 0.0033914691886
159.5 0.00344504044225
160.0 0.00333159170718
160.5 0.00383409028438
161.0 0.0038594561406
161.5 0.003940562318
162.0 0.00389621081068
162.5 0.0037493432531
163.0 0.00375083204899
163.5 0.00395883463035
164.0 0.00417729159381
164.5 0.00429337542877
165.0 0.0042296106168
165.5 0.00445465043849
166.0 0.00454738870943
166.5 0.00497085293972
167.0 0.00506361002852
167.5 0.00533225191187
168.0 0.00554019236417
168.5 0.00560903404777
169.0 0.00568044399235
169.5 0.00582944336879
170.0 0.00596080595429
170.5 0.00605040475172
171.0 0.00636689417185
171.5 0.00616627376371
172.0 0.00640960983007
172.5 0.00693394730199
173.0 0.00729771033112
173.5 0.00766204135897
174.0 0.00789473188766
174.5 0.00799330164219
175.0 0.00810460660759
175.5 0.00761655264591
176.0 0.0076909687466
176.5 0.0078474450771
177.0 0.00775285902134
177.5 0.0096138965028
178.0 0.00816981334012
178.5 0.00672643735257
179.0 0.00194675498898
179.5 -0.00150072440962
180.0 -0.00284329712642
180.5 -0.00508990393644
181.0 -0.00227893641251
181.5 -0.00039730653279
182.0 0.000257817238023
182.5 0.00298616924205
183.0 0.00240335751339
183.5 0.00292554120205
184.0 0.0029339990147
184.5 0.00301448435611
185.0 0.00314405556686
185.5 0.0029852928046
186.0 0.00300615460692
186.5 0.00275834595524
187.0 0.0029401844444
187.5 0.00286329412459
188.0 0.0025618970265
188.5 0.00220060385944
189.0 0.00196350678318
189.5 0.00160917763183
190.0 0.00129168993745
190.5 0.000885155932977
191.0 0.000594309264486
191.5 0.000136510355787
192.0 -0.000285217106011
192.5 -0.000662427092166
193.0 -0.00134867687088
193.5 -0.00191199338747
194.0 -0.00262064969613
194.5 -0.0034178790041
195.0 -0.00431015818816
195.5 -0.00566283540861
196.0 -0.00767893880949
196.5 -0.0093113529967
197.0 -0.0114869926336
197.5 -0.0138016868337
198.0 -0.0192885158543
198.5 -0.0253474138138
199.0 -0.0410308521362
199.5 -0.0638074789627
