0.0 0.00660738036312
0.5 0.0349714506892
1.0 0.0467233774255
1.5 0.0400797507204
2.0 0.0358383188827
2.5 0.0319655254727
3.0 0.0294088141122
3.5 0.0280281791105
4.0 0.0264145610125
4.5 0.0252705837143
5.0 0.024033956451
5.5 0.0230582147437
6.0 0.0220968751815
6.5 0.0212141474401
7.0 0.0204934420803
7.5 0.0196882095869
8.0 0.0190222213903
8.5 0.0184522422331
9.0 0.0176538123545
9.5 0.0171658046356
10.0 0.0165621102629
10.5 0.0160064310122
11.0 0.0153246918756
11.5 0.0147057704444
12.0 0.0141831142149
12.5 0.0136197540308
13.0 0.0130405856397
13.5 0.0124592356399
14.0 0.0118683184786
14.5 0.0112961756318
15.0 0.010631480475
15.5 0.0100045485131
16.0 0.00940425139754
16.5 0.00872971295765
17.0 0.00806914865819
17.5 0.00740312529026
18.0 0.00670219306479
18.5 0.00597040810185
19.0 0.00525755961487
19.5 0.00451075233844
20.0 0.00374519997347
20.5 0.00295912756508
21.0 0.00216340164446
21.5 0.00133842312288
22.0 0.000486199162785
22.5 -0.000384552441665
23.0 -0.00126325733872
23.5 -0.00218651438907
24.0 -0.00313853052524
24.5 -0.00410485881497
25.0 -0.0050744095233
25.5 -0.00607823870017
26.0 -0.00709876778182
26.5 -0.00814760541987
27.0 -0.00922457633103
27.5 -0.0102925581843
28.0 -0.0114102114264
28.5 -0.0125623119145
29.0 -0.0136985659309
29.5 -0.014874077953
30.0 -0.0160651436503
30.5 -0.0172902334212
31.0 -0.0185037380198
31.5 -0.0197297102538
32.0 -0.0209906536754
32.5 -0.0222525170299
33.0 -0.0235460984877
33.5 -0.0248545854467
34.0 -0.0261238837424
34.5 -0.0274515906372
35.0 -0.0287854319315
35.5 -0.0301286345904
36.0 -0.0314534439144
36.5 -0.0327806372345
37.0 -0.0341191517729
37.5 -0.0354734783612
38.0 -0.0368391226698
38.5 -0.0382075560624
39.0 -0.039545866193
39.5 -0.0409023214391
40.0 -0.0422746061957
40.5 -0.0435838838004
41.0 -0.0449026308004
41.5 -0.0462286072607
42.0 -0.0475301899382
42.5 -0.048830890528
43.0 -0.0501326060955
43.5 -0.0513976211695
44.0 -0.0526668233005
44.5 -0.0539208178855
45.0 -0.0551632422769
45.5 -0.0563430457278
46.0 -0.0574983646152
46.5 -0.0586376285924
47.0 -0.0597742230438
47.5 -0.0608878843771
48.0 -0.0619918650265
48.5 -0.0630330590562
49.0 -0.0640256496178
49.5 -0.0650099743161
50.0 -0.0658742981713
50.5 -0.0667696770892
51.0 -0.0676218040338
51.5 -0.0684409781248
52.0 -0.0691967182739
52.5 -0.06988762255
53.0 -0.0705631055196
53.5 -0.0711534442301
54.0 -0.0716605650015
54.5 -0.0721767630016
55.0 -0.0725637875559
55.5 -0.0729030207246
56.0 -0.073205761338
56.5 -0.0734050949478
57.0 -0.0735636913475
57.5 -0.0736570071125
58.0 -0.0736685695813
58.5 -0.0736010022105
59.0 -0.0734777991242
59.5 -0.0732782842854
60.0 -0.0729978729091
60.5 -0.072612143047
61.0 -0.0721599156982
61.5 -0.0716500686689
62.0 -0.0710791564432
62.5 -0.0704440036228
63.0 -0.069736714906
63.5 -0.0689585847671
64.0 -0.06814301798
64.5 -0.0672568690554
65.0 -0.0662810706603
65.5 -0.0652553906779
66.0 -0.0641429567547
66.5 -0.0629863281653
67.0 -0.0618281784574
67.5 -0.0606015685039
68.0 -0.0593465557245
68.5 -0.0580686787366
69.0 -0.0567690250121
69.5 -0.0554464880565
70.0 -0.0540905596726
70.5 -0.0526958414459
71.0 -0.0512844867197
71.5 -0.0498770512548
72.0 -0.0484624052106
72.5 -0.0470155465948
73.0 -0.0456146961267
73.5 -0.0442076276006
74.0 -0.0428179643285
74.5 -0.0414358067547
75.0 -0.0400042662451
75.5 -0.0386398509029
76.0 -0.0372629334127
76.5 -0.0358996495032
77.0 -0.0345758564541
77.5 -0.0332805446913
78.0 -0.0319962067504
78.5 -0.0307622127798
79.0 -0.0295060181135
79.5 -0.0283172994383
80.0 -0.027157393701
80.5 -0.0260387528251
81.0 -0.0248424975571
81.5 -0.0237730450695
82.0 -0.0226951316314
82.5 -0.021611450412
83.0 -0.0205981740812
83.5 -0.0196325599
84.0 -0.0187369717502
84.5 -0.0178287868788
85.0 -0.0169486574585
85.5 -0.0161244560647
86.0 -0.0153005080377
86.5 -0.0144802303912
87.0 -0.0136910660907
87.5 -0.0128879349169
88.0 -0.0121891347164
88.5 -0.011484194294
89.0 -0.0108381984918
89.5 -0.0101903612831
90.0 -0.00956131994698
90.5 -0.00901196045137
91.0 -0.00843519663359
91.5 -0.00791250253102
92.0 -0.00742204596843
92.5 -0.00693100574474
93.0 -0.00645956212656
93.5 -0.00597948266531
94.0 -0.00543678967755
94.5 -0.0049902580888
95.0 -0.00462067003789
95.5 -0.00428239682833
96.0 -0.0039566559442
96.5 -0.00362288380737
97.0 -0.0034049958412
97.5 -0.00311589282692
98.0 -0.00278087395624
98.5 -0.00248659046233
99.0 -0.00215499615081
99.5 -0.00195754088559
100.0 -0.00179748837665
100.5 -0.00158738311593
101.0 -0.00126320269611
101.5 -0.00114002737057
102.0 -0.00105270482055
102.5 -0.00101052228228
103.0 -0.000928135741631
103.5 -0.000826731123929
104.0 -0.000593229613472
104.5 -0.000352372830143
105.0 -0.000390332766884
105.5 -0.000421361891107
106.0 -0.000407589559074
106.5 -0.000469231737149
107.0 -0.000353454920173
107.5 -0.000308582070993
108.0 -0.000378480601917
108.5 -0.000333608040293
109.0 -0.000206880396036
109.5 -0.000446243424932
110.0 -0.000592723852783
110.5 -0.000680012552834
111.0 -0.000796931744496
111.5 -0.000593258557494
112.0 -0.000677885282705
112.5 -0.000943133958359
113.0 -0.00112385268719
113.5 -0.00137112413357
114.0 -0.00128180686765
114.5 -0.00147679405178
115.0 -0.0016549570144
115.5 -0.00148563659006
116.0 -0.000660997702241
116.5 -0.00071858950507
117.0 -0.000789956494685
117.5 -0.00207328461303
118.0 -0.00073107711404
118.5 0.00160125412667
119.0 0.00320700777456
119.5 0.00784208444058
120.0 0.00602072603935
120.5 0.00438000908611
121.0 0.00408203407677
121.5 -0.00374594991324
122.0 -0.00409460075255
122.5 -0.00655347799601
123.0 -0.00548134795764
123.5 -0.00420120840482
124.0 -0.00266009181716
124.5 -0.00193302453944
125.0 -0.00259862438544
125.5 -0.00186845570596
126.0 -0.00150417480889
126.5 -0.0012965994506
127.0 -0.0014615293516
127.5 -0.00114952135914
128.0 -0.00107486729431
128.5 -0.00134441196806
129.0 -0.000735548294003
129.5 -0.000573659216457
130.0 -0.000378414959243
130.5 -3.96359307118e-05
131.0 0.00032000529697
131.5 0.000251172770646
132.0 0.00019761758422
132.5 0.000625259190514
133.0 0.000885619654284
133.5 0.000694802062263
134.0 0.000720285306727
134.5 0.000956349237519
135.0 0.00115887363371
135.5 0.00161497351242
136.0 0.00178692451787
136.5 0.00145517742375
137.0 0.00146858221193
137.5 0.00151116450158
138.0 0.00176613795508
138.5 0.00183466084376
139.0 0.00187197135164
139.5 0.0019641419589
140.0 0.00206557611173
140.5 0.00226144439231
141.0 0.00228188768617
141.5 0.00229864298626
142.0 0.00233842902934
142.5 0.00233433515801
143.0 0.00245480396128
143.5 0.00259202548958
144.0 0.00267440015605
144.5 0.00272098673124
145.0 0.00271104120737
145.5 0.00302416762645
146.0 0.0026464350325
146.5 0.00272711517506
147.0 0.0030053578913
147.5 0.00307427391455
148.0 0.00296218414486
148.5 0.0028953523602
149.0 0.00291554124132
149.5 0.00301324210445
150.0 0.00301179230696
150.5 0.00314790117211
151.0 0.00327302009596
151.5 0.00352031813616
152.0 0.00340174179159
152.5 0.00323947683767
153.0 0.00323998404295
153.5 0.00323978130177
154.0 0.00322757209087
154.5 0.00343290749504
155.0 0.00365000035574
155.5 0.00353739112527
156.0 0.00356092453145
156.5 0.00345441340047
157.0 0.00363690833604
157.5 0.00357921949551
158.0 0.00359198680763
158.5 0.0038825575002
159.0 0.00393989255038
159.5 0.00368192852516
160.0 0.00346057785315
160.5 0.00371097185733
161.0 0.0036859997532
161.5 0.0041109618326
162.0 0.00422002222716
162.5 0.00379661146088
163.0 0.0038701858828
163.5 0.0042836099535
164.0 0.00427609606591
164.5 0.0042539684322
165.0 0.00455543895121
165.5 0.00390709411038
166.0 0.00410924924074
166.5 0.00454234759879
167.0 0.00428528599974
167.5 0.00461719120808
168.0 0.00505896431649
168.5 0.0052493163918
169.0 0.00526016867935
169.5 0.0053187072203
170.0 0.00543143169239
170.5 0.00493153228199
171.0 0.00539458955514
171.5 0.00565168620938
172.0 0.00562506983705
172.5 0.00582562826746
173.0 0.00598935460873
173.5 0.00604352494771
174.0 0.0061673092292
174.5 0.00607363528306
175.0 0.00538476811353
175.5 0.00555306909776
176.0 0.00591965632763
176.5 0.00662619853516
177.0 0.00606731208158
177.5 0.00654183033366
178.0 0.00688187347779
178.5 0.00549391189013
179.0 0.00199484061086
179.5 -0.00115820861357
180.0 0.000151462166556
180.5 0.000649478401087
181.0 0.00388215407168
181.5 0.00588483881825
182.0 0.00522053594798
182.5 0.00686126807531
183.0 0.00571905802545
183.5 0.00562552296356
184.0 0.00539768960512
184.5 0.00474275035675
185.0 0.004463292293
185.5 0.0040519467574
186.0 0.00390138150776
186.5 0.00428352883904
187.0 0.00404667692759
187.5 0.00360429946224
188.0 0.0034140302979
188.5 0.00332140959067
189.0 0.00288404351865
189.5 0.00258842923935
190.0 0.00244751016783
190.5 0.0019259211747
191.0 0.00161687470947
191.5 0.00124126635467
192.0 0.000805608994568
192.5 0.000440469444072
193.0 -0.000299131063059
193.5 -0.000761448453872
194.0 -0.00150633897181
194.5 -0.00253784547884
195.0 -0.00345943355427
195.5 -0.00508522464948
196.0 -0.00632579932795
196.5 -0.00792012755116
197.0 -0.00962648111761
197.5 -0.012659392529
198.0 -0.018550180163
198.5 -0.0246623494317
199.0 -0.0406513122679
199.5 -0.0650409322496
