0.0 0.00514052090413
0.5 0.0319787127371
1.0 0.0408935600056
1.5 0.0344231951433
2.0 0.0303715572907
2.5 0.0271176005823
3.0 0.0250570090171
3.5 0.0232894688833
4.0 0.0218188168119
4.5 0.0201913355015
5.0 0.0190568461441
5.5 0.018167193834
6.0 0.0172582169784
6.5 0.0164413919316
7.0 0.0156016247272
7.5 0.0147677201796
8.0 0.0141723083036
8.5 0.0135125674462
9.0 0.0128815250221
9.5 0.0122515190889
10.0 0.0116099665878
10.5 0.0110072462467
11.0 0.0103899706332
11.5 0.0097887668798
12.0 0.00921129321295
12.5 0.0085796606094
13.0 0.00792174517756
13.5 0.00733491463046
14.0 0.00671612041368
14.5 0.00609667864162
15.0 0.00547381636607
15.5 0.00480773582201
16.0 0.0041420847801
16.5 0.00348603810679
17.0 0.00279360789427
17.5 0.00206935798216
18.0 0.00135395657032
18.5 0.000605060608168
19.0 -0.000138641919063
19.5 -0.000910655469393
20.0 -0.0017233609831
20.5 -0.00254503027332
21.0 -0.00336693861374
21.5 -0.00422626909527
22.0 -0.00511632554092
22.5 -0.00599205400523
23.0 -0.00692720844096
23.5 -0.00788944314746
24.0 -0.00887580681586
24.5 -0.00987379198471
25.0 -0.0108856295736
25.5 -0.0119263144476
26.0 -0.0129869602641
26.5 -0.0140768502525
27.0 -0.0152016730686
27.5 -0.016318675721
28.0 -0.0174750270552
28.5 -0.0186672292699
29.0 -0.0198684081206
29.5 -0.0210895525842
30.0 -0.0223199500738
30.5 -0.0235880734561
31.0 -0.0248722308571
31.5 -0.0261623555178
32.0 -0.0274778479615
32.5 -0.0287873445636
33.0 -0.0301191744694
33.5 -0.0314631197619
34.0 -0.0327919698095
34.5 -0.0341629819077
35.0 -0.0355296332394
35.5 -0.0368816100541
36.0 -0.0382317412772
36.5 -0.0395825449752
37.0 -0.0409392780315
37.5 -0.0422693189636
38.0 -0.0435546171094
38.5 -0.0448467007608
39.0 -0.0461365547896
39.5 -0.0474165617619
40.0 -0.0486135133968
40.5 -0.0497832054196
41.0 -0.050937074928
41.5 -0.0520633918855
42.0 -0.0531424356659
42.5 -0.0541676506858
43.0 -0.0551422611761
43.5 -0.0560783106736
44.0 -0.0569715583503
44.5 -0.0577774105303
45.0 -0.0585304081367
45.5 -0.0592008159138
46.0 -0.0598298295474
46.5 -0.0603984952135
47.0 -0.0609004487034
47.5 -0.0613267908663
48.0 -0.0617113483017
48.5 -0.0620068785374
49.0 -0.0622281546749
49.5 -0.0624091418549
50.0 -0.0624567026469
50.5 -0.0624685260105
51.0 -0.0624083191986
51.5 -0.0623213260728
52.0 -0.0621604465375
52.5 -0.0619093677281
53.0 -0.061617272859
53.5 -0.0612681705848
54.0 -0.0608835976666
54.5 -0.0604296869062
55.0 -0.0599076307371
55.5 -0.0593446450489
56.0 -0.0587526030161
56.5 -0.0581149376954
57.0 -0.0574381717288
57.5 -0.0567158942442
58.0 -0.0560026316679
58.5 -0.0552363192375
59.0 -0.0544193092343
59.5 -0.0536063789923
60.0 -0.0527460440551
60.5 -0.0518462772997
61.0 -0.0509566408828
61.5 -0.0500138463731
62.0 -0.0490716518741
62.5 -0.0481518718174
63.0 -0.0472106085138
63.5 -0.0462579225095
64.0 -0.0453075016747
64.5 -0.0443514238454
65.0 -0.0433695589559
65.5 -0.0423954909417
66.0 -0.0413875359622
66.5 -0.0404037693455
67.0 -0.0394152473336
67.5 -0.0384679180126
68.0 -0.0375010007102
68.5 -0.0365442324439
69.0 -0.0355969229878
69.5 -0.0346762624907
70.0 -0.0337542369949
70.5 -0.0328252112918
71.0 -0.031866828536
71.5 -0.0309534379143
72.0 -0.0300494708485
72.5 -0.0291669020428
73.0 -0.0283271864774
73.5 -0.0274999084617
74.0 -0.0266527256528
74.5 -0.0258147266015
75.0 -0.0249981226848
75.5 -0.0241995444202
76.0 -0.0233971309874
76.5 -0.0226233207837
77.0 -0.0218546852054
77.5 -0.021082560033
78.0 -0.0203672478017
78.5 -0.019648569128
79.0 -0.0189991508369
79.5 -0.0183448281896
80.0 -0.0176605220841
80.5 -0.0170147456518
81.0 -0.0163718191966
81.5 -0.015803219498
82.0 -0.0151516979716
82.5 -0.0144927513471
83.0 -0.013928102129
83.5 -0.0133962534779
84.0 -0.012909289682
84.5 -0.0124146784538
85.0 -0.0118396690829
85.5 -0.0113714508427
86.0 -0.0108543244151
86.5 -0.0104131496903
87.0 -0.0099994306931
87.5 -0.00957893930356
88.0 -0.00915386034601
88.5 -0.00868366614543
89.0 -0.00829753504967
89.5 -0.00788018629791
90.0 -0.00749581736337
90.5 -0.00721909698639
91.0 -0.00687568981285
91.5 -0.00655054483956
92.0 -0.00625565653793
92.5 -0.00594909706148
93.0 -0.00562680585973
93.5 -0.00529626259895
94.0 -0.0050202857804
94.5 -0.00478057545498
95.0 -0.00461306362024
95.5 -0.00427620331542
96.0 -0.00411807112733
96.5 -0.0039384933087
97.0 -0.00370381305211
97.5 -0.00348290080202
98.0 -0.00330837060281
98.5 -0.00315906511599
99.0 -0.00304682494158
99.5 -0.00299330014879
100.0 -0.00269364128173
100.5 -0.00259523926803
101.0 -0.00236119709875
101.5 -0.00230824683352
102.0 -0.00225436950583
102.5 -0.00225619940058
103.0 -0.00219828373532
103.5 -0.00217097330769
104.0 -0.00217779940571
104.5 -0.00216570096821
105.0 -0.00199588456349
105.5 -0.00178049351402
106.0 -0.00187377463175
106.5 -0.00202746145596
107.0 -0.00207365347869
107.5 -0.00208816688466
108.0 -0.00215619315666
108.5 -0.00210219833183
109.0 -0.00195721467801
109.5 -0.00218891283622
110.0 -0.00227804656214
110.5 -0.00234702944993
111.0 -0.00247868823367
111.5 -0.0028056319488
112.0 -0.00292497490544
112.5 -0.00305554917794
113.0 -0.00290550972895
113.5 -0.00283687771982
114.0 -0.0030315478101
114.5 -0.00380571097502
115.0 -0.00429052692492
115.5 -0.00273533802529
116.0 -0.00352272689034
116.5 -0.00345398881335
117.0 -0.00412902181644
117.5 -0.00382084228774
118.0 -0.00302982706782
118.5 -0.00125175573582
119.0 0.00137697655539
119.5 0.00787630084007
120.0 0.0083909538841
120.5 0.0064923536784
121.0 0.00405371706768
121.5 -0.000170553531646
122.0 -0.002953565307
122.5 -0.00419188694703
123.0 -0.00477772364816
123.5 -0.00428517839281
124.0 -0.00432410512303
124.5 -0.00377198610079
125.0 -0.00345059570971
125.5 -0.00270441797585
126.0 -0.00267434849992
126.5 -0.00334969897841
127.0 -0.00334511218789
127.5 -0.0026264116501
128.0 -0.002480341777
128.5 -0.00280621366147
129.0 -0.00203977447933
129.5 -0.00159373750544
130.0 -0.0011452125053
130.5 -0.00084609085404
131.0 -0.00163606197231
131.5 -0.00115882214897
132.0 -0.00066847558292
132.5 -0.000499304413644
133.0 -0.000341574783313
133.5 -0.000373785305129
134.0 -0.000347399540118
134.5 0.000277087467339
135.0 0.000337371541669
135.5 0.000428564478177
136.0 0.000405405203573
136.5 0.000433938214012
137.0 0.000974130198948
137.5 0.000807732313902
138.0 0.000742773793586
138.5 0.000890120428323
139.0 0.000887650579457
139.5 0.000924965177845
140.0 0.00129433586575
140.5 0.00132012899664
141.0 0.00148461131524
141.5 0.00142168491994
142.0 0.00183320602937
142.5 0.00169181155865
143.0 0.00166854161557
143.5 0.00178938477649
144.0 0.00171095172801
144.5 0.00200899282512
145.0 0.00194574097241
145.5 0.00197567622169
146.0 0.0019647139691
146.5 0.00212024573334
147.0 0.0022162877211
147.5 0.00227706134442
148.0 0.00215740617319
148.5 0.00213933356283
149.0 0.00235214866428
149.5 0.00239352696929
150.0 0.00252534547314
150.5 0.00264347199867
151.0 0.00254956855392
151.5 0.00252698420066
152.0 0.00256319265586
152.5 0.00246078605121
153.0 0.00263228072389
153.5 0.00282856571238
154.0 0.00280833588948
154.5 0.00304731165635
155.0 0.0029163230246
155.5 0.00322695636977
156.0 0.00320691246301
156.5 0.00333765695115
157.0 0.00330424021932
157.5 0.00312873680013
158.0 0.00311540747525
158.5 0.00332032809129
159.0 0.00340259603205
159.5 0.00345263590142
160.0 0.0035185756032
160.5 0.00373580541026
161.0 0.00363795684068
161.5 0.0035578593242
162.0 0.00361754954069
162.5 0.00365936653812
163.0 0.00383748239292
163.5 0.00410366357638
164.0 0.00428736435325
164.5 0.00449299056296
165.0 0.00469984806839
165.5 0.0046569754946
166.0 0.00458017321158
166.5 0.00479617045549
167.0 0.00463130580858
167.5 0.00477163777867
168.0 0.0051021311853
168.5 0.00534001570825
169.0 0.00545489031875
169.5 0.00562106888386
170.0 0.00578513588913
170.5 0.00601562183203
171.0 0.00629648270157
171.5 0.00587515974682
172.0 0.00626298694442
172.5 0.0068108619428
173.0 0.00697886645507
173.5 0.00713393555822
174.0 0.00727646610123
174.5 0.00732727430953
175.0 0.0074744233311
175.5 0.0071197916091
176.0 0.0072657452432
176.5 0.00735418701886
177.0 0.00719842406095
177.5 0.0082327317605
178.0 0.00670236030572
178.5 0.00585528285644
179.0 0.00141626827639
179.5 -0.00157817160816
180.0 -0.00239897080196
180.5 -0.00382494327363
181.0 -0.000845888527579
181.5 0.00184266298173
182.0 0.0026312984044
182.5 0.00281115559378
183.0 0.00358296362856
183.5 0.00394462635585
184.0 0.00392973475604
184.5 0.00384406256104
185.0 0.00376512764899
185.5 0.00354074188147
186.0 0.00359859568655
186.5 0.0033648061756
187.0 0.0036687738103
187.5 0.00342463971297
188.0 0.00296588996483
188.5 0.00277913403359
189.0 0.00251494743888
189.5 0.00220534114808
190.0 0.00192095099966
190.5 0.00162858924507
191.0 0.00146632535586
191.5 0.00115956589497
192.0 0.00077094652994
192.5 0.00049066699323
193.0 -2.21734325123e-05
193.5 -0.000345273772098
194.0 -0.00103583371562
194.5 -0.00174789975942
195.0 -0.00239059354011
195.5 -0.00373624397393
196.0 -0.00461679312984
196.5 -0.00556637139758
197.0 -0.00638920375685
197.5 -0.00815579874792
198.0 -0.0123010529927
198.5 -0.017263537171
199.0 -0.0265203976012
199.5 -0.0437076574019
