0.0 0.00804049386771
0.5 0.0260545341545
1.0 0.0382374084131
1.5 0.0334212990818
2.0 0.0299364060743
2.5 0.0270761754729
3.0 0.0253154210391
3.5 0.0235062818132
4.0 0.0224260673589
4.5 0.0213792116119
5.0 0.0202281681521
5.5 0.0193592820436
6.0 0.0184939863979
6.5 0.0177269258864
7.0 0.017074072485
7.5 0.0163877559577
8.0 0.0158106653316
8.5 0.0152373766843
9.0 0.0145582805684
9.5 0.0140615014356
10.0 0.0135243916388
10.5 0.0130156474925
11.0 0.0124873517492
11.5 0.0119658371151
12.0 0.0114545580484
12.5 0.0109351238513
13.0 0.0104194096937
13.5 0.00989471788407
14.0 0.00937948690687
14.5 0.00879223253372
15.0 0.00827493534227
15.5 0.00772034974267
16.0 0.00718947613748
16.5 0.00663316625481
17.0 0.00608946839815
17.5 0.00549443634224
18.0 0.00486573085698
18.5 0.00425195302418
19.0 0.00362155192552
19.5 0.00297440452459
20.0 0.00230275299963
20.5 0.00162967069235
21.0 0.000945886160099
21.5 0.000232495958978
22.0 -0.000507348292215
22.5 -0.0012323071748
23.0 -0.00201858695165
23.5 -0.0027976031117
24.0 -0.0035988957991
24.5 -0.00443992332449
25.0 -0.00529201863193
25.5 -0.00616051009842
26.0 -0.00703077548082
26.5 -0.00792194250674
27.0 -0.00885165288909
27.5 -0.00979553317875
28.0 -0.010768588908
28.5 -0.0117781792674
29.0 -0.0127620164865
29.5 -0.0138047853166
30.0 -0.0148602129937
30.5 -0.0159422992923
31.0 -0.0170341035125
31.5 -0.0181328194253
32.0 -0.0192705084476
32.5 -0.0204355415337
33.0 -0.0216209139691
33.5 -0.0227883835866
34.0 -0.024009541887
34.5 -0.0252291540569
35.0 -0.0264656159837
35.5 -0.0277156036235
36.0 -0.0290002834192
36.5 -0.0302870874443
37.0 -0.0315802485611
37.5 -0.0329038203877
38.0 -0.034244371976
38.5 -0.0355686450361
39.0 -0.0368880725029
39.5 -0.0382378058688
40.0 -0.0395835170472
40.5 -0.0409639770671
41.0 -0.0422967839169
41.5 -0.043636947532
42.0 -0.0449820290042
42.5 -0.0463191906082
43.0 -0.0476484264051
43.5 -0.0489750940752
44.0 -0.0502959281694
44.5 -0.0515765101424
45.0 -0.0528628016797
45.5 -0.0541131077559
46.0 -0.0553378682842
46.5 -0.0565485932038
47.0 -0.0577370295228
47.5 -0.0588934847475
48.0 -0.060030001301
48.5 -0.0610899129818
49.0 -0.0621007578739
49.5 -0.0631325252812
50.0 -0.0640357458072
50.5 -0.0648848107693
51.0 -0.0657161670024
51.5 -0.0664913902932
52.0 -0.0672114230994
52.5 -0.0678513720835
53.0 -0.068445875658
53.5 -0.0689584788783
54.0 -0.0694001280074
54.5 -0.0697781995714
55.0 -0.0700470304707
55.5 -0.0702467859364
56.0 -0.0703749355734
56.5 -0.0704049472644
57.0 -0.0703859003388
57.5 -0.0702854620241
58.0 -0.0701069208843
58.5 -0.0698385925386
59.0 -0.0695049403627
59.5 -0.0691017518891
60.0 -0.068598652338
60.5 -0.0680167389492
61.0 -0.0673849523909
61.5 -0.0666392142244
62.0 -0.0658495637013
62.5 -0.0650183350958
63.0 -0.0641367429639
63.5 -0.0631863872708
64.0 -0.0621652571806
64.5 -0.0611377973023
65.0 -0.0600492489834
65.5 -0.0589192001228
66.0 -0.0577170857993
66.5 -0.056484998487
67.0 -0.0552543697673
67.5 -0.054016770183
68.0 -0.0527469307677
68.5 -0.0514576725975
69.0 -0.0501454385122
69.5 -0.0488529789187
70.0 -0.0475343277563
70.5 -0.0462000480729
71.0 -0.0448817472896
71.5 -0.0435496026315
72.0 -0.0421879876784
72.5 -0.0408783780752
73.0 -0.0396063377978
73.5 -0.0383555720035
74.0 -0.0370956759446
74.5 -0.0358657873568
75.0 -0.0346010665273
75.5 -0.0333968282205
76.0 -0.0321746492112
76.5 -0.0309852226342
77.0 -0.0298347710492
77.5 -0.0287180981256
78.0 -0.0276032025193
78.5 -0.0265454781055
79.0 -0.0254992644966
79.5 -0.0244686307031
80.0 -0.0234776013388
80.5 -0.0224474291656
81.0 -0.0214830318488
81.5 -0.0206046048627
82.0 -0.0197184521172
82.5 -0.0187938020172
83.0 -0.017934281662
83.5 -0.0171104455518
84.0 -0.0163291435522
84.5 -0.0155061761872
85.0 -0.0147710402189
85.5 -0.014057278692
86.0 -0.0133137263456
86.5 -0.0126747001523
87.0 -0.0120621918398
87.5 -0.0113510253152
88.0 -0.0107240094728
88.5 -0.0101298114277
89.0 -0.00960396716949
89.5 -0.00906631212697
90.0 -0.00854191871735
90.5 -0.00808308858292
91.0 -0.00764944124838
91.5 -0.00711899584055
92.0 -0.00666290270937
92.5 -0.00626048816973
93.0 -0.00591906614546
93.5 -0.00557134529413
94.0 -0.00502563367546
94.5 -0.00466040872528
95.0 -0.00433577597299
95.5 -0.00402307377319
96.0 -0.00381329085744
96.5 -0.00353393765975
97.0 -0.00334941666688
97.5 -0.00309590139063
98.0 -0.00275607900558
98.5 -0.00248388666945
99.0 -0.00230932370858
99.5 -0.00215231160342
100.0 -0.00194032078458
100.5 -0.0018155438467
101.0 -0.00168272190952
101.5 -0.00158241521708
102.0 -0.00149420604583
102.5 -0.0013872743189
103.0 -0.0012113520023
103.5 -0.00110453893242
104.0 -0.000944381533955
104.5 -0.000737806689649
105.0 -0.000840971155377
105.5 -0.000809659810223
106.0 -0.000824942798637
106.5 -0.000988070159202
107.0 -0.000940741306032
107.5 -0.000877127837065
108.0 -0.000888444405767
108.5 -0.0009646111724
109.0 -0.000968592594134
109.5 -0.000704552432012
110.0 -0.00106460202077
110.5 -0.00121554813314
111.0 -0.00128353750636
111.5 -0.00151571465314
112.0 -0.00173234154117
112.5 -0.00167866905128
113.0 -0.00163737830124
113.5 -0.00213380815818
114.0 -0.00221940092595
114.5 -0.00260217247749
115.0 -0.00272752937143
115.5 -0.0015711737237
116.0 -0.00211481200355
116.5 -0.00244539362865
117.0 -0.00294105105611
117.5 -0.00397791904868
118.0 -0.00156119774243
118.5 -0.000406176695336
119.0 0.000906785779506
119.5 0.00766496100741
120.0 0.00747466163904
120.5 0.00598878959265
121.0 0.00541131217442
121.5 0.000646791825375
122.0 -0.00381187462143
122.5 -0.00491171825809
123.0 -0.00187285571313
123.5 -0.00167553968468
124.0 -0.00329936700702
124.5 -0.00224988794103
125.0 -0.0020653853172
125.5 -0.00175163893866
126.0 -0.00147334534815
126.5 -0.000924441720215
127.0 -0.00180402980688
127.5 -0.00183891415493
128.0 -0.00119671108156
128.5 -0.00067557680525
129.0 -0.000262749762342
129.5 -0.000924628975973
130.0 -0.000453667260764
130.5 -0.000419888433967
131.0 2.62897005712e-05
131.5 0.000279441813547
132.0 0.000169741173984
132.5 0.000323333087998
133.0 0.000666196257924
133.5 0.000893792116756
134.0 0.00118064186336
134.5 0.00146477827086
135.0 0.000853657254041
135.5 0.00105393394003
136.0 0.00143449969572
136.5 0.0013558834482
137.0 0.00154647610038
137.5 0.00172509385981
138.0 0.00185080322869
138.5 0.00168423252187
139.0 0.00173035168691
139.5 0.00196594371022
140.0 0.00192931173902
140.5 0.00207579314858
141.0 0.00224053382183
141.5 0.00206964524759
142.0 0.00231627781318
142.5 0.00239077283066
143.0 0.00249681255217
143.5 0.00249092322108
144.0 0.00232899941614
144.5 0.00257801782612
145.0 0.00281578987699
145.5 0.00260130235333
146.0 0.0026507870527
146.5 0.00273300709626
147.0 0.00297772677987
147.5 0.00291887001199
148.0 0.00267861556454
148.5 0.00272676921951
149.0 0.00296910213173
149.5 0.00298522528659
150.0 0.00316350156136
150.5 0.00318953024583
151.0 0.00331051981691
151.5 0.00326412019181
152.0 0.00328384848138
152.5 0.00312152411915
153.0 0.00325335257141
153.5 0.00352236389119
154.0 0.00346797986219
154.5 0.00337771040587
155.0 0.00343212650696
155.5 0.00348837970416
156.0 0.00355454765644
156.5 0.00329244149806
157.0 0.00349890526718
157.5 0.00347288651209
158.0 0.0033849152599
158.5 0.00355812372877
159.0 0.00368841233754
159.5 0.00373621018602
160.0 0.00381432858474
160.5 0.003798356554
161.0 0.00396763689017
161.5 0.00418730216343
162.0 0.00437931352883
162.5 0.00434871394772
163.0 0.00411848143565
163.5 0.00392676775422
164.0 0.00404107467465
164.5 0.00444821303054
165.0 0.00453983250641
165.5 0.00458894365524
166.0 0.00437072394846
166.5 0.00473128098792
167.0 0.00432964188423
167.5 0.00440722197131
168.0 0.00479641182881
168.5 0.0050685610309
169.0 0.00526457253018
169.5 0.00550366950206
170.0 0.00573306158186
170.5 0.00600076340824
171.0 0.00618785640789
171.5 0.00626663328701
172.0 0.00645218693781
172.5 0.00693813230714
173.0 0.00680326909185
173.5 0.00692521419926
174.0 0.00751706875712
174.5 0.00777571277409
175.0 0.00805988573249
175.5 0.00677157809942
176.0 0.00749729090295
176.5 0.00823285257242
177.0 0.00911175865414
177.5 0.00953532926015
178.0 0.00535956950095
178.5 0.00461700234226
179.0 -0.00189062131906
179.5 -0.00368084630294
180.0 -0.0026243940324
180.5 -0.00421646627694
181.0 -0.00222659343606
181.5 0.000481123201723
182.0 0.00208393254526
182.5 0.00264563751979
183.0 0.00358672545767
183.5 0.00396600099945
184.0 0.00379584462291
184.5 0.003739277701
185.0 0.00363900977521
185.5 0.00411052352658
186.0 0.00382978342437
186.5 0.00343989895765
187.0 0.0036845626588
187.5 0.00343879302368
188.0 0.00299795829011
188.5 0.00287075538185
189.0 0.0024723780589
189.5 0.00210620164422
190.0 0.00182880494648
190.5 0.00129821754469
191.0 0.00103588607021
191.5 0.000640600493966
192.0 0.000169595828069
192.5 -0.000191555318992
193.0 -0.000844672218491
193.5 -0.00156705987655
194.0 -0.00239126534969
194.5 -0.00327393897952
195.0 -0.00402108129985
195.5 -0.00568997068582
196.0 -0.0069448834747
196.5 -0.00817194254867
197.0 -0.0111537728226
197.5 -0.0136867458154
198.0 -0.0192088609186
198.5 -0.0265435248828
199.0 -0.0412869939457
199.5 -0.0664153853242
