0.0 0.00779426608478
0.5 0.0257545521077
1.0 0.0381701602956
1.5 0.0328969453553
2.0 0.0293521388127
2.5 0.0267855459838
3.0 0.0251138810906
3.5 0.0236131103216
4.0 0.0222526902683
4.5 0.0206964877473
5.0 0.0196348716308
5.5 0.0187762600235
6.0 0.0178851777792
6.5 0.0169044430917
7.0 0.0161526082074
7.5 0.0154491599766
8.0 0.0147892124393
8.5 0.0141176716733
9.0 0.0134897020813
9.5 0.0128800111219
10.0 0.0121038676422
10.5 0.0115267978183
11.0 0.0109156182296
11.5 0.0103025830018
12.0 0.00970470193466
12.5 0.00904852032157
13.0 0.00834785630513
13.5 0.00773590874973
14.0 0.00707902469387
14.5 0.00642228666434
15.0 0.00578099652047
15.5 0.00504092539478
16.0 0.00434276130838
16.5 0.00363304052969
17.0 0.00289411484456
17.5 0.00212849025223
18.0 0.0013479658393
18.5 0.000559937074797
19.0 -0.000240130119947
19.5 -0.00109740418402
20.0 -0.00195277832562
20.5 -0.00283684412553
21.0 -0.00372502455759
21.5 -0.00464925714539
22.0 -0.00559436146519
22.5 -0.0065466075989
23.0 -0.0075393698652
23.5 -0.00856576273528
24.0 -0.0096220509849
24.5 -0.0106932342977
25.0 -0.0117801597165
25.5 -0.012896349172
26.0 -0.0140277404875
26.5 -0.0151801019781
27.0 -0.0163507239541
27.5 -0.0175359608813
28.0 -0.0187560449974
28.5 -0.0200143593279
29.0 -0.0212611179114
29.5 -0.0225694096461
30.0 -0.0238230703551
30.5 -0.0251102983148
31.0 -0.0264333477078
31.5 -0.0277563577366
32.0 -0.0290624445351
32.5 -0.0303718272146
33.0 -0.0316943356473
33.5 -0.0330138888617
34.0 -0.0343329303925
34.5 -0.0356656489007
35.0 -0.0369846258113
35.5 -0.0382720635171
36.0 -0.0395564707542
36.5 -0.040811278827
37.0 -0.0420405847996
37.5 -0.0432698649645
38.0 -0.0444695749009
38.5 -0.0456005826971
39.0 -0.0467370696356
39.5 -0.0478620366148
40.0 -0.0489120483423
40.5 -0.0499538040617
41.0 -0.0509140441084
41.5 -0.0518376841814
42.0 -0.0527130722072
42.5 -0.0535495873761
43.0 -0.0543362194341
43.5 -0.0550478082208
44.0 -0.0557523462265
44.5 -0.0564021629929
45.0 -0.0569448798386
45.5 -0.0574736201528
46.0 -0.0579435802647
46.5 -0.0583418837261
47.0 -0.0587172201379
47.5 -0.05902565172
48.0 -0.059275985917
48.5 -0.0594623119891
49.0 -0.0596308222915
49.5 -0.0597486857714
50.0 -0.0597905460074
50.5 -0.0598009302702
51.0 -0.0597309672096
51.5 -0.0596350802983
52.0 -0.0595235817142
52.5 -0.059348620245
53.0 -0.0591477111689
53.5 -0.0588942971818
54.0 -0.0585998293585
54.5 -0.0582784604405
55.0 -0.0579012694326
55.5 -0.057508819145
56.0 -0.0570499944005
56.5 -0.0565923260543
57.0 -0.0560802554119
57.5 -0.0555370443848
58.0 -0.0550049398944
58.5 -0.0544559118258
59.0 -0.0538589835421
59.5 -0.0532303653752
60.0 -0.0525716447225
60.5 -0.0518960651419
61.0 -0.0511925512057
61.5 -0.0504910978793
62.0 -0.0497976854799
62.5 -0.0490544403754
63.0 -0.0483224915033
63.5 -0.0475578211399
64.0 -0.0467697022814
64.5 -0.0459944058775
65.0 -0.0452003839167
65.5 -0.0443916491114
66.0 -0.0435575821454
66.5 -0.0426993407343
67.0 -0.0418661178323
67.5 -0.0410696715954
68.0 -0.0402190168268
68.5 -0.0393785833836
69.0 -0.0385442969925
69.5 -0.0377239941223
70.0 -0.036897610271
70.5 -0.035994221754
71.0 -0.0351470531445
71.5 -0.0343100558538
72.0 -0.0334310445145
72.5 -0.0325752059491
73.0 -0.0317505225381
73.5 -0.0309422902918
74.0 -0.0301331841294
74.5 -0.0293195819873
75.0 -0.0284973317856
75.5 -0.0277012767553
76.0 -0.026903650829
76.5 -0.0261188611294
77.0 -0.0253015277201
77.5 -0.0245057312313
78.0 -0.0237948580309
78.5 -0.0230575684672
79.0 -0.0223428596354
79.5 -0.0216274937277
80.0 -0.020949402909
80.5 -0.0202109812176
81.0 -0.0195127056067
81.5 -0.0188550668073
82.0 -0.0181748983198
82.5 -0.0175356925934
83.0 -0.0169274714928
83.5 -0.0162991248659
84.0 -0.015640926354
84.5 -0.0151020005023
85.0 -0.0144879175707
85.5 -0.0139412439369
86.0 -0.0133852650524
86.5 -0.0128726101866
87.0 -0.0123579070438
87.5 -0.0118393868843
88.0 -0.0113711994723
88.5 -0.0108787442242
89.0 -0.0103728644383
89.5 -0.00994960822558
90.0 -0.00958519346057
90.5 -0.00916248833586
91.0 -0.00875066545557
91.5 -0.00834970693422
92.0 -0.00796251146967
92.5 -0.00754968897597
93.0 -0.00718249199492
93.5 -0.00686421859672
94.0 -0.0065552247844
94.5 -0.00628620233585
95.0 -0.00589925578661
95.5 -0.00568846197914
96.0 -0.00546393140501
96.5 -0.00522197153964
97.0 -0.00496332501673
97.5 -0.00469132721401
98.0 -0.00450125233003
98.5 -0.00432842539785
99.0 -0.0039693732661
99.5 -0.00380431316368
100.0 -0.00370640840467
100.5 -0.00356779413728
101.0 -0.00337326410612
101.5 -0.00308371433788
102.0 -0.003000446287
102.5 -0.0029881422777
103.0 -0.00279443080893
103.5 -0.0026604562445
104.0 -0.00265908378942
104.5 -0.00264465589103
105.0 -0.00270010573845
105.5 -0.00246467672305
106.0 -0.00254852999685
106.5 -0.00264086633889
107.0 -0.00267163920703
107.5 -0.00272625596045
108.0 -0.00269643841193
108.5 -0.00263998666522
109.0 -0.00281530361561
109.5 -0.00274220075507
110.0 -0.00268161028355
110.5 -0.0026468081003
111.0 -0.00265843946217
111.5 -0.00311837789155
112.0 -0.00319740021951
112.5 -0.0032501277382
113.0 -0.0032534140594
113.5 -0.00344898457377
114.0 -0.00328056687562
114.5 -0.00328479367117
115.0 -0.00328228960551
115.5 -0.00229340871634
116.0 -0.00304233074107
116.5 -0.00343796206408
117.0 -0.0038999013483
117.5 -0.0055388272847
118.0 -0.00394328501616
118.5 -0.00323183750557
119.0 0.00134007035871
119.5 0.010023489191
120.0 0.00873379045966
120.5 0.00557533376521
121.0 0.00263983679177
121.5 0.000583711618063
122.0 -0.00369921379189
122.5 -0.00333608262819
123.0 -0.00293614437717
123.5 -0.00276715559519
124.0 -0.0024947782762
124.5 -0.00299151973189
125.0 -0.00287501808788
125.5 -0.00251075118958
126.0 -0.00210080164754
126.5 -0.0023777884244
127.0 -0.00292792130267
127.5 -0.00275341968397
128.0 -0.00209577941659
128.5 -0.00190474770646
129.0 -0.00208850454369
129.5 -0.00181671629419
130.0 -0.00109520927414
130.5 -0.00102825649451
131.0 -0.0012134664596
131.5 -0.000832962833144
132.0 -0.000485738845121
132.5 -0.000411585508203
133.0 -0.000269543795376
133.5 -3.18402233148e-05
134.0 0.000216827859823
134.5 0.000218831426807
135.0 0.000181375657398
135.5 0.000531029350803
136.0 0.000866998092064
136.5 0.000517057185768
137.0 0.000586695125705
137.5 0.00074049899515
138.0 0.00110714275375
138.5 0.0011676869894
139.0 0.00100092781646
139.5 0.00104828121022
140.0 0.00140089926229
140.5 0.00143894264434
141.0 0.00134409263331
141.5 0.00133836809892
142.0 0.00151002177486
142.5 0.00171221353572
143.0 0.00177730531546
143.5 0.00166325705602
144.0 0.00171355975746
144.5 0.00185531766595
145.0 0.00193101668555
145.5 0.00187389807271
146.0 0.00205685698936
146.5 0.00169644355571
147.0 0.00195275942934
147.5 0.00224215236881
148.0 0.00230649585537
148.5 0.00238276625319
149.0 0.00243033232053
149.5 0.00224919821824
150.0 0.00220798159684
150.5 0.00233059890603
151.0 0.00228428468461
151.5 0.00251183551036
152.0 0.00260929227358
152.5 0.00253231723171
153.0 0.0026039819786
153.5 0.00280046869948
154.0 0.00284354502377
154.5 0.00272066967908
155.0 0.00283913905831
155.5 0.00270437270308
156.0 0.00277151723513
156.5 0.00278994643823
157.0 0.00281723845083
157.5 0.00278285583429
158.0 0.00269658705414
158.5 0.00277833418265
159.0 0.00291044846211
159.5 0.00300276702776
160.0 0.00318803266561
160.5 0.0031072203247
161.0 0.00308668380422
161.5 0.00327299766865
162.0 0.00335591543247
162.5 0.00340922703786
163.0 0.00343007623457
163.5 0.00327959710127
164.0 0.00307153685662
164.5 0.00317580862658
165.0 0.00341221431213
165.5 0.00359284331086
166.0 0.00361762858419
166.5 0.00383591797738
167.0 0.00388505415196
167.5 0.00415206105935
168.0 0.00437137514488
168.5 0.00451842062808
169.0 0.00464181906614
169.5 0.0048312770112
170.0 0.00488433257391
170.5 0.00479253576901
171.0 0.00489607207041
171.5 0.00504028989863
172.0 0.00468406854681
172.5 0.00499583347667
173.0 0.00529903790256
173.5 0.00551580581131
174.0 0.00558765165904
174.5 0.00547377871591
175.0 0.00538015394464
175.5 0.00480891504857
176.0 0.00457984104058
176.5 0.00448494453505
177.0 0.00438957158883
177.5 0.00655321436146
178.0 0.00439348414903
178.5 0.0017139043677
179.0 -0.0019938419324
179.5 -0.0012572835591
180.0 0.000598009274484
180.5 -0.000898859965005
181.0 0.000941264001412
181.5 0.00242610598264
182.0 0.00256809160952
182.5 0.00576748405828
183.0 0.00558354357786
183.5 0.00511856389475
184.0 0.00475283747811
184.5 0.00507568531286
185.0 0.00464129718773
185.5 0.00415135935685
186.0 0.00408737259821
186.5 0.00395456134848
187.0 0.00362253107886
187.5 0.00330563270821
188.0 0.00289332465024
188.5 0.00278206361475
189.0 0.002513740799
189.5 0.00209188425508
190.0 0.00177639546871
190.5 0.00131937703397
191.0 0.00106549310554
191.5 0.000663390965784
192.0 0.000214146165305
192.5 -0.000186199828008
193.0 -0.000830884441413
193.5 -0.00132389658384
194.0 -0.00217068214316
194.5 -0.0030185052679
195.0 -0.00391780523222
195.5 -0.00542085536011
196.0 -0.00639923187511
196.5 -0.0088454666168
197.0 -0.0111391845665
197.5 -0.0133792942793
198.0 -0.0187374063849
198.5 -0.0248385218537
199.0 -0.0404625033725
199.5 -0.0623536084993
