0.0 0.00657172525704
0.5 0.0248047342665
1.0 0.0365016132038
1.5 0.0317801996581
2.0 0.0280525930525
2.5 0.0249912548832
3.0 0.0236157958535
3.5 0.0222057616483
4.0 0.0208609791989
4.5 0.0196779673434
5.0 0.0185837081252
5.5 0.0174986427864
6.0 0.0166331539155
6.5 0.0158859408813
7.0 0.0152188463051
7.5 0.0145082242407
8.0 0.0138776147425
8.5 0.013244025629
9.0 0.0126503247012
9.5 0.0120583317983
10.0 0.0114655903085
10.5 0.0109065701075
11.0 0.0103378746815
11.5 0.009739677142
12.0 0.00915728424346
12.5 0.00860589559478
13.0 0.00802673595761
13.5 0.00745569151738
14.0 0.00679547078308
14.5 0.00622304095331
15.0 0.00563809498822
15.5 0.00500681231132
16.0 0.00437249628915
16.5 0.00374675718665
17.0 0.00308487134226
17.5 0.00238991319512
18.0 0.00170173878802
18.5 0.000975228396459
19.0 0.000252312031186
19.5 -0.000491528240656
20.0 -0.00125501376351
20.5 -0.00204599871998
21.0 -0.00283546113114
21.5 -0.00365605823366
22.0 -0.00450554582853
22.5 -0.0053649500148
23.0 -0.00626240294414
23.5 -0.00718498961477
24.0 -0.00813371394352
24.5 -0.00910038811121
25.0 -0.0100826078298
25.5 -0.0110927495232
26.0 -0.012116867134
26.5 -0.0131629888019
27.0 -0.0142503237476
27.5 -0.0153597614698
28.0 -0.0164654930052
28.5 -0.0176094564199
29.0 -0.0187970882775
29.5 -0.0199960429065
30.0 -0.021180045116
30.5 -0.0224175607773
31.0 -0.0236892818231
31.5 -0.0249497063451
32.0 -0.0262311713557
32.5 -0.0275287015071
33.0 -0.0288376841029
33.5 -0.030168541332
34.0 -0.031535510299
34.5 -0.0328882022061
35.0 -0.0342405422402
35.5 -0.0355990124529
36.0 -0.0369602170251
36.5 -0.03832148344
37.0 -0.0396800658879
37.5 -0.0410297689924
38.0 -0.0423672653756
38.5 -0.0437036768032
39.0 -0.0450379000408
39.5 -0.046360910255
40.0 -0.0476260691601
40.5 -0.0488804061256
41.0 -0.0501109737017
41.5 -0.0513316611636
42.0 -0.0524763130224
42.5 -0.0535628793331
43.0 -0.0546409413392
43.5 -0.0556904724271
44.0 -0.056681469773
44.5 -0.0576097836744
45.0 -0.058465864997
45.5 -0.059264144748
46.0 -0.0600215207124
46.5 -0.0607068931622
47.0 -0.0613396900237
47.5 -0.0618866469873
48.0 -0.0623764151928
48.5 -0.0627926211449
49.0 -0.0631406882996
49.5 -0.0633865544798
50.0 -0.0635702594934
50.5 -0.0636984033474
51.0 -0.0637424208437
51.5 -0.0637148972721
52.0 -0.0636354872049
52.5 -0.0634645679784
53.0 -0.0632491922507
53.5 -0.062974670437
54.0 -0.0626342859129
54.5 -0.0622412590482
55.0 -0.0617380126671
55.5 -0.0611996908163
56.0 -0.0606411601116
56.5 -0.059986140789
57.0 -0.0593233547154
57.5 -0.058610998368
58.0 -0.0578681093091
58.5 -0.0570801886493
59.0 -0.056251661119
59.5 -0.0554153551858
60.0 -0.0545205091598
60.5 -0.0535630647974
61.0 -0.0526413059837
61.5 -0.0516619008896
62.0 -0.0506878786904
62.5 -0.0497182608462
63.0 -0.0487126183595
63.5 -0.0476971673014
64.0 -0.0466722404873
64.5 -0.045665988958
65.0 -0.0446243558277
65.5 -0.0435945108951
66.0 -0.0425323753807
66.5 -0.0414927323064
67.0 -0.0404353782187
67.5 -0.039423597897
68.0 -0.0383929890875
68.5 -0.0373732343905
69.0 -0.0363758168563
69.5 -0.0353932319063
70.0 -0.0343683529293
70.5 -0.0333912559106
71.0 -0.0324175687558
71.5 -0.0314589335599
72.0 -0.0305037327836
72.5 -0.029569022919
73.0 -0.0286704453725
73.5 -0.0277664296135
74.0 -0.0268736247812
74.5 -0.026014993373
75.0 -0.0251422423727
75.5 -0.0243113322516
76.0 -0.0234918199056
76.5 -0.0226816297795
77.0 -0.0218658541106
77.5 -0.0210911037287
78.0 -0.0203356781978
78.5 -0.0195586897107
79.0 -0.0188691611911
79.5 -0.0181564055319
80.0 -0.0174569095508
80.5 -0.0168097327878
81.0 -0.0161394707439
81.5 -0.0155028791919
82.0 -0.0148685112757
82.5 -0.0142868490653
83.0 -0.0136689628971
83.5 -0.0130641849954
84.0 -0.0125385988736
84.5 -0.0120213168308
85.0 -0.0114808676345
85.5 -0.0110100222766
86.0 -0.0105097335119
86.5 -0.0100690728996
87.0 -0.00964233269271
87.5 -0.00914085984606
88.0 -0.00870276654634
88.5 -0.00828378040939
89.0 -0.00788870441814
89.5 -0.00757020788118
90.0 -0.00710416334127
90.5 -0.00678903484113
91.0 -0.00649841375606
91.5 -0.0061956171338
92.0 -0.005834315273
92.5 -0.00549130041964
93.0 -0.00520489758134
93.5 -0.00492050718964
94.0 -0.0045614961834
94.5 -0.00427780711128
95.0 -0.00406337781597
95.5 -0.00391771489543
96.0 -0.00372242395479
96.5 -0.00350015957818
97.0 -0.00339606638276
97.5 -0.00319842818579
98.0 -0.00294070837728
98.5 -0.00276412540148
99.0 -0.00257965311534
99.5 -0.00241930486125
100.0 -0.00222108067965
100.5 -0.00210962506476
101.0 -0.0019924726864
101.5 -0.00184496123495
102.0 -0.00176896450235
102.5 -0.00180021765945
103.0 -0.00177058386897
103.5 -0.00176305196478
104.0 -0.00170485266852
104.5 -0.00158105234632
105.0 -0.00153787826759
105.5 -0.00144779998502
106.0 -0.00137544511228
106.5 -0.00151757226836
107.0 -0.00133133247716
107.5 -0.00136789325596
108.0 -0.0016342298841
108.5 -0.00178654348937
109.0 -0.00183267009398
109.5 -0.00177716582074
110.0 -0.00171199908171
110.5 -0.00174665249785
111.0 -0.00186204059911
111.5 -0.00216706388146
112.0 -0.0022122976364
112.5 -0.00226940522712
113.0 -0.00230134139315
113.5 -0.00240604401455
114.0 -0.00233271600754
114.5 -0.00293372123315
115.0 -0.00333609945977
115.5 -0.00249847777845
116.0 -0.00212057408152
116.5 -0.00265869891267
117.0 -0.00324603236282
117.5 -0.00236275013312
118.0 -0.0015485285313
118.5 0.000477870998537
119.0 0.00378321730012
119.5 0.0083157166715
120.0 0.00634537203402
120.5 0.0051434899174
121.0 0.00101350068276
121.5 -0.00268496244684
122.0 -0.00423145665951
122.5 -0.00426368744054
123.0 -0.00412353161467
123.5 -0.00394755029278
124.0 -0.00448560138584
124.5 -0.00373012063375
125.0 -0.00338490933537
125.5 -0.0035404255902
126.0 -0.00391709111238
126.5 -0.00384465809638
127.0 -0.0034911886129
127.5 -0.00300968008273
128.0 -0.00268160347589
128.5 -0.00254376829812
129.0 -0.00213680553974
129.5 -0.00183132773243
130.0 -0.00194787931254
130.5 -0.00164554447988
131.0 -0.00134052199721
131.5 -0.00104232284679
132.0 -0.00126376372723
132.5 -0.00110102273791
133.0 -0.000662015728579
133.5 -0.000315189329278
134.0 -0.000155447155734
134.5 -0.000436129520338
135.0 -0.000165474835072
135.5 0.000160697022125
136.0 0.000542549771609
136.5 0.000111795271348
137.0 0.00027550600597
137.5 0.000545506075341
138.0 0.000660101966126
138.5 0.000562383831038
139.0 0.000794965291846
139.5 0.000933823529113
140.0 0.00106437542275
140.5 0.000721556316996
141.0 0.00123261423439
141.5 0.00121305371328
142.0 0.00147469353347
142.5 0.00140894425957
143.0 0.00131939133016
143.5 0.00143113150309
144.0 0.00164156026948
144.5 0.00175299175423
145.0 0.00143244799757
145.5 0.00182161496639
146.0 0.00200737487027
146.5 0.00171867405647
147.0 0.00188390471058
147.5 0.00211899150754
148.0 0.00205400489034
148.5 0.00194897811749
149.0 0.00201484343971
149.5 0.00204669902642
150.0 0.00209084555549
150.5 0.00254676174097
151.0 0.00237716525208
151.5 0.00241379427667
152.0 0.00219458570344
152.5 0.00222855372112
153.0 0.00241438291998
153.5 0.00239240359609
154.0 0.00234581467255
154.5 0.00264571783018
155.0 0.00280703003023
155.5 0.00269699295096
156.0 0.00307753002458
156.5 0.00294075804982
157.0 0.00285565315265
157.5 0.0027311428508
158.0 0.00269943370841
158.5 0.00293407468722
159.0 0.0030834860822
159.5 0.00301009295521
160.0 0.00311321802972
160.5 0.00319423981003
161.0 0.00321430408938
161.5 0.00318238528899
162.0 0.00331652209542
162.5 0.00357021908357
163.0 0.00370235336001
163.5 0.00372198587191
164.0 0.00373666749726
164.5 0.00379003253585
165.0 0.00393048286656
165.5 0.00368280402612
166.0 0.00392727657015
166.5 0.00426480054379
167.0 0.00423587985617
167.5 0.00440133895385
168.0 0.00441177852775
168.5 0.00441467773803
169.0 0.00465033200725
169.5 0.00486047426858
170.0 0.00502044703708
170.5 0.0051995381031
171.0 0.00533915192788
171.5 0.00537076793135
172.0 0.00547715695767
172.5 0.00589382250553
173.0 0.00567672290668
173.5 0.00560993311419
174.0 0.00615927769151
174.5 0.00645347370829
175.0 0.00655919457778
175.5 0.00607078827579
176.0 0.00613123967739
176.5 0.0061828183309
177.0 0.00588449525398
177.5 0.00725186725759
178.0 0.00551370416288
178.5 0.00423772291948
179.0 0.00164457895345
179.5 -0.00165990899755
180.0 -0.00258053234509
180.5 -0.00305625084819
181.0 5.12958746413e-05
181.5 0.00146511317719
182.0 0.00295497616669
182.5 0.00362202041615
183.0 0.00385358007269
183.5 0.00378547505665
184.0 0.0036356381913
184.5 0.00418611214046
185.0 0.00393267138504
185.5 0.00366777273832
186.0 0.00361743291312
186.5 0.0032861150313
187.0 0.00345930500713
187.5 0.00320308981036
188.0 0.0027436374789
188.5 0.00252574418552
189.0 0.00215458077098
189.5 0.00200570796048
190.0 0.00172356579053
190.5 0.00120178402568
191.0 0.000917731093068
191.5 0.000520231336637
192.0 7.9436156625e-05
192.5 -0.000341635956616
193.0 -0.000913065178992
193.5 -0.00139567111994
194.0 -0.00216935591386
194.5 -0.00330048903706
195.0 -0.0040598281672
195.5 -0.00569882169042
196.0 -0.00652323255848
196.5 -0.00894676061384
197.0 -0.0112962214004
197.5 -0.013646542245
198.0 -0.0192528523885
198.5 -0.0264921713078
199.0 -0.0410268585366
199.5 -0.0663511718132
