0.0 0.00670378063419
0.5 0.0334697801986
1.0 0.0434586138096
1.5 0.0368267139714
2.0 0.0326568471865
2.5 0.0292680737651
3.0 0.0272054244378
3.5 0.0254103485822
4.0 0.0238836320364
4.5 0.0225947622859
5.0 0.0213143228344
5.5 0.0200986821453
6.0 0.0191084516005
6.5 0.0182412064993
7.0 0.0175161248982
7.5 0.0167479011101
8.0 0.0160116743224
8.5 0.0151793400218
9.0 0.0145663769023
9.5 0.0139076538938
10.0 0.0132590117045
10.5 0.012631202738
11.0 0.0119675616496
11.5 0.0113411862726
12.0 0.0106910386207
12.5 0.0100539723132
13.0 0.00940648431395
13.5 0.0087552345109
14.0 0.00808647606039
14.5 0.00735430430497
15.0 0.00671110122269
15.5 0.00600382598052
16.0 0.00528657309065
16.5 0.00457599862883
17.0 0.00383241841446
17.5 0.00304623287775
18.0 0.00223585923989
18.5 0.00144199729771
19.0 0.000620032162081
19.5 -0.000245708990181
20.0 -0.00110979880318
20.5 -0.00199849275734
21.0 -0.0029129529574
21.5 -0.00383339440531
22.0 -0.00479346381302
22.5 -0.00577837116143
23.0 -0.00677285516409
23.5 -0.00780922903052
24.0 -0.00888033999155
24.5 -0.00996333215343
25.0 -0.0110509709196
25.5 -0.0121768680053
26.0 -0.0133301428236
26.5 -0.0144906541113
27.0 -0.0156711571641
27.5 -0.0168792959976
28.0 -0.0180856362244
28.5 -0.0193346596496
29.0 -0.0206078016869
29.5 -0.0218824748543
30.0 -0.0231688203017
30.5 -0.0244800382227
31.0 -0.025791476027
31.5 -0.0271007023869
32.0 -0.0284180632049
32.5 -0.0297364661783
33.0 -0.0310706406557
33.5 -0.0323848694621
34.0 -0.033723124577
34.5 -0.0350267748382
35.0 -0.0363275651225
35.5 -0.0376029673906
36.0 -0.0388719353935
36.5 -0.040137235588
37.0 -0.0413726351948
37.5 -0.0425727709676
38.0 -0.0437430945712
38.5 -0.0449018769363
39.0 -0.0460158311849
39.5 -0.0471217943974
40.0 -0.0481855901247
40.5 -0.0492100129865
41.0 -0.0501861908893
41.5 -0.0511214922889
42.0 -0.0520057107896
42.5 -0.0528536195882
43.0 -0.053667770654
43.5 -0.0544291580911
44.0 -0.0551470108133
44.5 -0.0558107695573
45.0 -0.0564351255646
45.5 -0.0569980279064
46.0 -0.0575037795887
46.5 -0.0579824043949
47.0 -0.0584135032033
47.5 -0.0587830620838
48.0 -0.0591210298465
48.5 -0.0593943635309
49.0 -0.0596415098962
49.5 -0.0598454723963
50.0 -0.0599740118379
50.5 -0.0600883246345
51.0 -0.0601719426908
51.5 -0.0601841245932
52.0 -0.0601661156624
52.5 -0.0601088687908
53.0 -0.0600293461095
53.5 -0.0598872897229
54.0 -0.0597227061246
54.5 -0.0595136820996
55.0 -0.0592433744353
55.5 -0.0589512907576
56.0 -0.0586517061121
56.5 -0.0582815517062
57.0 -0.0579040161026
57.5 -0.0574840864205
58.0 -0.0570686714518
58.5 -0.0566092969681
59.0 -0.0561060749981
59.5 -0.0555906921036
60.0 -0.0550284065469
60.5 -0.0544503129339
61.0 -0.0538187559246
61.5 -0.0531812936373
62.0 -0.0525338413498
62.5 -0.0518408072715
63.0 -0.0511524602746
63.5 -0.0504517726745
64.0 -0.0497368680667
64.5 -0.0489971661185
65.0 -0.0482092939691
65.5 -0.0474218229486
66.0 -0.0466210810804
66.5 -0.0458276143856
67.0 -0.0449603325971
67.5 -0.044116813045
68.0 -0.0432827512009
68.5 -0.0424614262336
69.0 -0.0416160225351
69.5 -0.0407734368075
70.0 -0.0398703693085
70.5 -0.0389857280415
71.0 -0.0380953077894
71.5 -0.0372110490721
72.0 -0.0363178752856
72.5 -0.035427102143
73.0 -0.0345741172868
73.5 -0.033668869753
74.0 -0.0328060602935
74.5 -0.0319273443098
75.0 -0.0310406998186
75.5 -0.0301900926718
76.0 -0.0293230937998
76.5 -0.0284384467409
77.0 -0.0275911983569
77.5 -0.0267442654788
78.0 -0.0259294614522
78.5 -0.0250965403286
79.0 -0.0242747406114
79.5 -0.0235185663822
80.0 -0.0227186417168
80.5 -0.0219407078645
81.0 -0.0211656482442
81.5 -0.0204661249108
82.0 -0.0197510381583
82.5 -0.0189761233109
83.0 -0.0182453366226
83.5 -0.0175817600713
84.0 -0.0169441986404
84.5 -0.016287754964
85.0 -0.0156532575834
85.5 -0.0150566002293
86.0 -0.0144128829327
86.5 -0.0138335587258
87.0 -0.0132592430708
87.5 -0.0126393405587
88.0 -0.0121235084314
88.5 -0.0116023179597
89.0 -0.0110413167153
89.5 -0.0105570396751
90.0 -0.0100775823444
90.5 -0.00970833767882
91.0 -0.00930318591247
91.5 -0.00881596590737
92.0 -0.00836505799935
92.5 -0.00793343803353
93.0 -0.00757283075731
93.5 -0.00725702470529
94.0 -0.00688951861392
94.5 -0.00648778436722
95.0 -0.00619464916338
95.5 -0.00583875557695
96.0 -0.00560046486251
96.5 -0.00526662439957
97.0 -0.00497577884405
97.5 -0.00472911449435
98.0 -0.00448983410352
98.5 -0.00422907659997
99.0 -0.00391172488959
99.5 -0.00363922626815
100.0 -0.00335762435681
100.5 -0.00331773951928
101.0 -0.00295412137334
101.5 -0.00287546708422
102.0 -0.00285799617387
102.5 -0.00288766025268
103.0 -0.00267010640026
103.5 -0.00240348656866
104.0 -0.00245889765961
104.5 -0.00246695530391
105.0 -0.00215966612133
105.5 -0.00219994876693
106.0 -0.00228846543168
106.5 -0.0022310142314
107.0 -0.00231322772694
107.5 -0.00220608171674
108.0 -0.00212651919945
108.5 -0.00217058595691
109.0 -0.00211761121206
109.5 -0.00227432567485
110.0 -0.00185483009587
110.5 -0.0020128581596
111.0 -0.00215334736122
111.5 -0.0025963065584
112.0 -0.00253774867023
112.5 -0.00271589749094
113.0 -0.00281578732462
113.5 -0.00296393042665
114.0 -0.0028291746179
114.5 -0.00246117873641
115.0 -0.00290199080887
115.5 -0.0022504032445
116.0 -0.0028871706522
116.5 -0.00255563613922
117.0 -0.00247081408128
117.5 -0.00344834265897
118.0 -0.00158963814893
118.5 -0.00125379739399
119.0 0.000105934383313
119.5 0.0067206829499
120.0 0.00651044527309
120.5 0.00442261465508
121.0 0.00311248384574
121.5 -0.00256517707948
122.0 -0.00560723253923
122.5 -0.00596924859026
123.0 -0.00549546866307
123.5 -0.00435740570704
124.0 -0.0039330533147
124.5 -0.00343968358281
125.0 -0.0032255095072
125.5 -0.00265204062491
126.0 -0.00314407270159
126.5 -0.00293233707079
127.0 -0.00285872575765
127.5 -0.00228169794175
128.0 -0.00241186729575
128.5 -0.00293554724351
129.0 -0.00216505721656
129.5 -0.00171677743396
130.0 -0.00120660019929
130.5 -0.00144282839595
131.0 -0.00126563523544
131.5 -0.0007542002893
132.0 -0.000402829282535
132.5 -0.000347660031444
133.0 -0.000284721735547
133.5 5.01615085398e-05
134.0 0.000359424956876
134.5 0.000397260737429
135.0 -0.000170150352396
135.5 0.000355883074171
136.0 0.000619081442821
136.5 0.000641347667997
137.0 0.000761876748747
137.5 0.000901168674847
138.0 0.00104702393161
138.5 0.00109666746926
139.0 0.00129276570741
139.5 0.00127140236483
140.0 0.00151300734096
140.5 0.00137979229011
141.0 0.00159834207952
141.5 0.00170935183763
142.0 0.00173039178465
142.5 0.00179120532451
143.0 0.0018729303346
143.5 0.00188290246124
144.0 0.00195427050402
144.5 0.00202027600107
145.0 0.00209146137422
145.5 0.00241169093198
146.0 0.00233803899618
146.5 0.00221918261943
147.0 0.00226083658744
147.5 0.00232529930931
148.0 0.00239994891768
148.5 0.00258882106933
149.0 0.00279567238598
149.5 0.00286791382418
150.0 0.00267339849216
150.5 0.00263732752014
151.0 0.00274083177828
151.5 0.00279721452694
152.0 0.00280617675633
152.5 0.00282958962249
153.0 0.00299410823945
153.5 0.00311160027709
154.0 0.00313984931894
154.5 0.00335229837824
155.0 0.00340148772161
155.5 0.00340841728855
156.0 0.00323867429935
156.5 0.00325693926693
157.0 0.00323887821395
157.5 0.0033900357659
158.0 0.00346102131635
158.5 0.00358722986317
159.0 0.00369565084699
159.5 0.00355855542766
160.0 0.00363075772151
160.5 0.00380957424019
161.0 0.00381904114052
161.5 0.00404269293617
162.0 0.0042049642371
162.5 0.00412877433185
163.0 0.00432651802521
163.5 0.00446414669816
164.0 0.00424642800726
164.5 0.00432296962142
165.0 0.00433056333841
165.5 0.00439743488386
166.0 0.00450201106319
166.5 0.00486317194717
167.0 0.0049704231778
167.5 0.00522693117427
168.0 0.00551726622835
168.5 0.00577991371068
169.0 0.0059799889557
169.5 0.0060417174622
170.0 0.00569095039221
170.5 0.00601040438686
171.0 0.00633564751588
171.5 0.00660097683439
172.0 0.00704586210421
172.5 0.00767853642698
173.0 0.00758176535571
173.5 0.00770111386012
174.0 0.00834123897938
174.5 0.00841380844786
175.0 0.00776569052304
175.5 0.0077498893384
176.0 0.00797989717198
176.5 0.00829695190171
177.0 0.00853859912016
177.5 0.00878741083807
178.0 0.00680839359558
178.5 0.00561482249715
179.0 0.00111514244135
179.5 -0.00161690604268
180.0 -0.00251323611029
180.5 -0.00492895758074
181.0 -0.00330645690566
181.5 -0.00100335146048
182.0 0.000916916644016
182.5 0.00286535948354
183.0 0.00259446411759
183.5 0.00345050006396
184.0 0.0038836434053
184.5 0.00355806453778
185.0 0.00347867194817
185.5 0.00327088737886
186.0 0.00335587894857
186.5 0.00324905711403
187.0 0.00314778668421
187.5 0.00282367521879
188.0 0.00238101560453
188.5 0.00225122752359
189.0 0.00221346052979
189.5 0.0017553310673
190.0 0.00134412269297
190.5 0.00100158234648
191.0 0.000657398941655
191.5 0.000200462783553
192.0 -0.000135606129945
192.5 -0.00053430614301
193.0 -0.00127169374365
193.5 -0.0017285682311
194.0 -0.00258609767245
194.5 -0.00353512670341
195.0 -0.00442120426823
195.5 -0.00603452905138
196.0 -0.0073947327391
196.5 -0.00899445361631
197.0 -0.0107003972621
197.5 -0.0137799366253
198.0 -0.019736664069
198.5 -0.0258825529357
199.0 -0.0419254350944
199.5 -0.0657880101495
