0.0 0.00695414151446
0.5 0.025269364763
1.0 0.03709568686
1.5 0.0323214478451
2.0 0.0288823669499
2.5 0.0258871875678
3.0 0.0239761510917
3.5 0.0228273157278
4.0 0.0216108944977
4.5 0.0201465446015
5.0 0.0191527615966
5.5 0.0184104246841
6.0 0.0176209158635
6.5 0.0167232688721
7.0 0.0160425302506
7.5 0.0154352887981
8.0 0.0148676989498
8.5 0.0142786492237
9.0 0.0137316971433
9.5 0.0132192091545
10.0 0.0125426313145
10.5 0.0120469184568
11.0 0.0115240975152
11.5 0.0110251961821
12.0 0.0105105777334
12.5 0.00998832545578
13.0 0.00946712397334
13.5 0.00895114115792
14.0 0.00842368357642
14.5 0.00789749046495
15.0 0.00738479517415
15.5 0.0067834725531
16.0 0.00623519953536
16.5 0.00568874393321
17.0 0.00512874641353
17.5 0.00453083139114
18.0 0.00389029408064
18.5 0.00327088230951
19.0 0.00264276755511
19.5 0.00198655476209
20.0 0.00132801684863
20.5 0.000639629720785
21.0 -5.98058206025e-05
21.5 -0.000761613668075
22.0 -0.00149662739942
22.5 -0.00225858838837
23.0 -0.00302970247308
23.5 -0.0038329416105
24.0 -0.0046561987765
24.5 -0.0055065319919
25.0 -0.0063584884837
25.5 -0.00724760750225
26.0 -0.00816323134109
26.5 -0.00908193816201
27.0 -0.0100227613568
27.5 -0.0109984063912
28.0 -0.0119777369561
28.5 -0.0130064258246
29.0 -0.0140646612882
29.5 -0.0151321160001
30.0 -0.0161922876235
30.5 -0.0172994679484
31.0 -0.018438195623
31.5 -0.0195809060469
32.0 -0.0207463853794
32.5 -0.0219464503993
33.0 -0.0231568695592
33.5 -0.0243683242212
34.0 -0.0256138467683
34.5 -0.0268892221094
35.0 -0.028180354001
35.5 -0.0294841132213
36.0 -0.0307987522429
36.5 -0.032129448694
37.0 -0.0334846466013
37.5 -0.0348345041934
38.0 -0.0361633076394
38.5 -0.0375196421275
39.0 -0.0388858373301
39.5 -0.0402612638511
40.0 -0.0416192228956
40.5 -0.0429953315455
41.0 -0.0443711029885
41.5 -0.0457468129396
42.0 -0.047109956962
42.5 -0.0484498013262
43.0 -0.0497631352009
43.5 -0.0510578883486
44.0 -0.0523456905917
44.5 -0.0536187135711
45.0 -0.0548234179294
45.5 -0.0560188673187
46.0 -0.0572061784441
46.5 -0.0583491341372
47.0 -0.0594286068819
47.5 -0.0604545451222
48.0 -0.0614641333946
48.5 -0.0624004247804
49.0 -0.0632839282631
49.5 -0.0641281712651
50.0 -0.0648511531848
50.5 -0.0655432764789
51.0 -0.0661803286729
51.5 -0.0667191030554
52.0 -0.0672098272556
52.5 -0.0676014619245
53.0 -0.0679492086545
53.5 -0.0682241312026
54.0 -0.0684114943626
54.5 -0.0685462035609
55.0 -0.0685334272969
55.5 -0.0684270957393
56.0 -0.0682834782597
56.5 -0.0680813798287
57.0 -0.0677811234525
57.5 -0.067394694076
58.0 -0.0669750625244
58.5 -0.0664678897244
59.0 -0.0658677442857
59.5 -0.0652193712926
60.0 -0.0644931149234
60.5 -0.0637081308428
61.0 -0.0628409924053
61.5 -0.0619265769252
62.0 -0.060991113863
62.5 -0.0600324208676
63.0 -0.0590149930625
63.5 -0.0579642723682
64.0 -0.056867449185
64.5 -0.0557286176792
65.0 -0.0545650584075
65.5 -0.0533768777978
66.0 -0.0521707779124
66.5 -0.0509655503839
67.0 -0.0497150568319
67.5 -0.0485052355641
68.0 -0.0472568281679
68.5 -0.0460230758666
69.0 -0.0448010280912
69.5 -0.0435588581217
70.0 -0.0423091283269
70.5 -0.0410768818055
71.0 -0.0398552102717
71.5 -0.038590328729
72.0 -0.0373764864096
72.5 -0.0361658474137
73.0 -0.0350095815648
73.5 -0.0338611766134
74.0 -0.0327486524083
74.5 -0.0316243449634
75.0 -0.0305151889574
75.5 -0.0293895123884
76.0 -0.0283316664992
76.5 -0.0272942489091
77.0 -0.0262523874456
77.5 -0.0252480561603
78.0 -0.0243072201331
78.5 -0.0233249858282
79.0 -0.022426087736
79.5 -0.0215408084578
80.0 -0.0206923956788
80.5 -0.0197818783563
81.0 -0.0189262822626
81.5 -0.0181679044338
82.0 -0.0173324451519
82.5 -0.0165227873936
83.0 -0.0157789556452
83.5 -0.0150620159648
84.0 -0.0143912702775
84.5 -0.0137173997846
85.0 -0.0130347035674
85.5 -0.0124346867791
86.0 -0.0118259227575
86.5 -0.0112549229065
87.0 -0.0107091546924
87.5 -0.0101140168324
88.0 -0.00953820336204
88.5 -0.00900146646615
89.0 -0.00849057559997
89.5 -0.00804389052485
90.0 -0.00759239185286
90.5 -0.00719627677647
91.0 -0.00680814189877
91.5 -0.00639367164943
92.0 -0.00600076856038
92.5 -0.00563263026736
93.0 -0.00532619612992
93.5 -0.00502378308686
94.0 -0.00453016182875
94.5 -0.00426462213918
95.0 -0.00406197686581
95.5 -0.0038049969968
96.0 -0.0036544009444
96.5 -0.00332581077274
97.0 -0.00307547614872
97.5 -0.00286083828026
98.0 -0.00262726005817
98.5 -0.0024068375459
99.0 -0.00221260649695
99.5 -0.00205567767888
100.0 -0.0017766696096
100.5 -0.00156724320833
101.0 -0.0015410465145
101.5 -0.00155193048471
102.0 -0.00147713197293
102.5 -0.00137227489112
103.0 -0.00123487088658
103.5 -0.0012021036886
104.0 -0.00113016872312
104.5 -0.000988970383816
105.0 -0.000922203366912
105.5 -0.00090871894195
106.0 -0.000713098235565
106.5 -0.00083414660542
107.0 -0.000911010287666
107.5 -0.00100970694385
108.0 -0.00118207031841
108.5 -0.00132305992054
109.0 -0.00135403196684
109.5 -0.00128097997337
110.0 -0.001352701875
110.5 -0.00105742747967
111.0 -0.00139210079113
111.5 -0.00176103377351
112.0 -0.0018704320987
112.5 -0.00168004944315
113.0 -0.00164391323887
113.5 -0.00210899828433
114.0 -0.00210657375793
114.5 -0.0021569980394
115.0 -0.00207455293476
115.5 -0.000767645268411
116.0 -0.001167629641
116.5 -0.00150053794135
117.0 -0.00207346594512
117.5 -0.00294755586842
118.0 -0.00344351110738
118.5 -0.00177272276079
119.0 0.00356552555242
119.5 0.0115700561304
120.0 0.0113738799893
120.5 0.00960131271187
121.0 0.00347792938808
121.5 -0.000681816198124
122.0 -0.00441898107343
122.5 -0.00702351383366
123.0 -0.00600010370275
123.5 -0.00486632049041
124.0 -0.00428025452449
124.5 -0.00378139093097
125.0 -0.00351412007436
125.5 -0.00274926055387
126.0 -0.0032686871684
126.5 -0.00292027846997
127.0 -0.00306819317655
127.5 -0.00280027438355
128.0 -0.00217516476128
128.5 -0.00182593355847
129.0 -0.00167834784921
129.5 -0.00148379047099
130.0 -0.00104807315875
130.5 -0.000700496758128
131.0 -0.00111505734373
131.5 -0.00045639653829
132.0 -0.000128432372136
132.5 -0.000448574930012
133.0 -0.000423612963189
133.5 -6.87408033144e-05
134.0 0.000263102763668
134.5 0.000548391940974
135.0 0.000435456980171
135.5 0.000491042946422
136.0 0.000733732773455
136.5 0.000895489806521
137.0 0.000990837422304
137.5 0.000984178624922
138.0 0.0011485960394
138.5 0.0011021819324
139.0 0.00107265598478
139.5 0.0015197157714
140.0 0.00167131550402
140.5 0.0013788726539
141.0 0.00165905053758
141.5 0.00170944543026
142.0 0.00190321773478
142.5 0.00181276053
143.0 0.00168489675961
143.5 0.00178141532663
144.0 0.00206258244416
144.5 0.00216912715486
145.0 0.00219592016441
145.5 0.00204433651976
146.0 0.00220587734995
146.5 0.00221203070686
147.0 0.00240517169791
147.5 0.00239529001206
148.0 0.00238021713639
148.5 0.00259555430457
149.0 0.00266654799967
149.5 0.00239119011266
150.0 0.00257014878092
150.5 0.00292589917129
151.0 0.00265441498204
151.5 0.0026242110854
152.0 0.00270474231256
152.5 0.00291794700058
153.0 0.0030342080874
153.5 0.00299343267522
154.0 0.00298251847514
154.5 0.00299238123037
155.0 0.00294903398584
155.5 0.00284880605204
156.0 0.00294570490078
156.5 0.00337300832366
157.0 0.00334640844827
157.5 0.00321389608281
158.0 0.00313872458366
158.5 0.00313932768016
159.0 0.00309893970772
159.5 0.0032419911602
160.0 0.00363840416956
160.5 0.00371649034838
161.0 0.00371570162532
161.5 0.00343462859429
162.0 0.00354171308833
162.5 0.00372219893177
163.0 0.00370168854081
163.5 0.00364597288993
164.0 0.00373242177255
164.5 0.00378059648008
165.0 0.00385796814405
165.5 0.0041619346912
166.0 0.004045343029
166.5 0.00401476668105
167.0 0.00405132818351
167.5 0.00438282230152
168.0 0.00465239089878
168.5 0.00480171852717
169.0 0.00487370568264
169.5 0.0049908113111
170.0 0.00512548307582
170.5 0.0051933290993
171.0 0.00549909227304
171.5 0.00565604607704
172.0 0.0057009501036
172.5 0.00593407076656
173.0 0.00610843822463
173.5 0.00592550514094
174.0 0.00551418919412
174.5 0.00575085292057
175.0 0.00592404361335
175.5 0.00535329104568
176.0 0.00548525104176
176.5 0.00639075376685
177.0 0.00639991076834
177.5 0.00626838904961
178.0 0.00542886105428
178.5 0.00363554018078
179.0 0.000409316603552
179.5 -0.00106820554518
180.0 0.000453379940424
180.5 0.000278219756026
181.0 0.00282546818737
181.5 0.00567136930846
182.0 0.00571175960742
182.5 0.00616414400089
183.0 0.00486962733343
183.5 0.00497616977674
184.0 0.00495477232995
184.5 0.00442694510235
185.0 0.0042059984486
185.5 0.00390890709954
186.0 0.00395962737029
186.5 0.00383179857506
187.0 0.00363106516923
187.5 0.00347747065817
188.0 0.00318996737184
188.5 0.00292566520879
189.0 0.00256834054605
189.5 0.00225429340654
190.0 0.00202006134349
190.5 0.00162965300113
191.0 0.00133175736772
191.5 0.000922495583922
192.0 0.000429111546339
192.5 4.31839298898e-05
193.0 -0.000589382339044
193.5 -0.00113133907134
194.0 -0.00190666078886
194.5 -0.00273267953519
195.0 -0.00353595590727
195.5 -0.00567572646484
196.0 -0.0069486201991
196.5 -0.00842788034609
197.0 -0.0101260316067
197.5 -0.0132710477068
198.0 -0.0193060307226
198.5 -0.0263164998422
199.0 -0.0412440960497
199.5 -0.06839132038
