0.0 0.00177984407303
0.5 0.0269877510019
1.0 0.0331337083669
1.5 0.0252200516041
2.0 0.0199201063
2.5 0.0152513264536
3.0 0.0118200957355
3.5 0.00913505217815
4.0 0.00654169329226
4.5 0.00413822397827
5.0 0.00181412258291
5.5 -0.000245360696059
6.0 -0.00242962591114
6.5 -0.00440409573597
7.0 -0.0062092915508
7.5 -0.00805185385848
8.0 -0.00978605800166
8.5 -0.011545891217
9.0 -0.0133586474
9.5 -0.0150356885677
10.0 -0.0167317829249
10.5 -0.0184350587579
11.0 -0.0200978416736
11.5 -0.0217426437198
12.0 -0.0233377116816
12.5 -0.0249497176299
13.0 -0.0265549385284
13.5 -0.0281768626778
14.0 -0.0297424600472
14.5 -0.0312849406683
15.0 -0.0327972096526
15.5 -0.0343205961599
16.0 -0.0358082576287
16.5 -0.0372458250626
17.0 -0.03867583533
17.5 -0.0400926128931
18.0 -0.0414986141961
18.5 -0.0428389869422
19.0 -0.0441500295454
19.5 -0.0454421929345
20.0 -0.0466704781487
20.5 -0.0478601311192
21.0 -0.0489939358771
21.5 -0.0500915868391
22.0 -0.0511465940837
22.5 -0.0521097646146
23.0 -0.0530524996394
23.5 -0.0539422954688
24.0 -0.0547780017584
24.5 -0.0555386748115
25.0 -0.0562153754321
25.5 -0.0568289280972
26.0 -0.0573635613653
26.5 -0.0578358375926
27.0 -0.0582552314523
27.5 -0.0585669733321
28.0 -0.0588173025976
28.5 -0.0590201007313
29.0 -0.0591211463476
29.5 -0.0591616160065
30.0 -0.0591132337071
30.5 -0.0590071987392
31.0 -0.0588207361516
31.5 -0.0585542891373
32.0 -0.0582326640032
32.5 -0.0578263414606
33.0 -0.057371467112
33.5 -0.0568728810522
34.0 -0.0562895620025
34.5 -0.0556821360451
35.0 -0.0550173075473
35.5 -0.0542749868942
36.0 -0.0534830109714
36.5 -0.0526660321675
37.0 -0.0518144208425
37.5 -0.0509284919823
38.0 -0.0500086466443
38.5 -0.0490453351555
39.0 -0.0480720426772
39.5 -0.0470913337749
40.0 -0.046071685814
40.5 -0.0450493690053
41.0 -0.0440162088841
41.5 -0.0429747810986
42.0 -0.0419149179778
42.5 -0.0408517635387
43.0 -0.0397898094584
43.5 -0.0387202757891
44.0 -0.0376677945854
44.5 -0.0366327099023
45.0 -0.0355673786579
45.5 -0.0345406680937
46.0 -0.033512437196
46.5 -0.0325016644932
47.0 -0.0315039446232
47.5 -0.030512967708
48.0 -0.0295614803847
48.5 -0.0286016032283
49.0 -0.0276514539219
49.5 -0.0267348663514
50.0 -0.0258082617128
50.5 -0.0249365485948
51.0 -0.0240505989411
51.5 -0.0232129214762
52.0 -0.0223873821385
52.5 -0.0215594043422
53.0 -0.0207773130908
53.5 -0.0200036895003
54.0 -0.0192606953749
54.5 -0.018546386027
55.0 -0.0178060896783
55.5 -0.0171023136425
56.0 -0.0164334537436
56.5 -0.0157609287241
57.0 -0.015139528067
57.5 -0.0145333943659
58.0 -0.0139434484935
58.5 -0.013371418103
59.0 -0.0128031314241
59.5 -0.0122516853585
60.0 -0.0117130534103
60.5 -0.0112072204308
61.0 -0.0106697268601
61.5 -0.0101842476631
62.0 -0.00973770860019
62.5 -0.00929647782269
63.0 -0.00886342516967
63.5 -0.00844570368986
64.0 -0.008041439358
64.5 -0.00767041134807
65.0 -0.00729128809884
65.5 -0.00691180818341
66.0 -0.00655261760448
66.5 -0.00621756790541
67.0 -0.00588784285205
67.5 -0.00556551839678
68.0 -0.00525885553218
68.5 -0.00498316422478
69.0 -0.00473042666142
69.5 -0.0044140636362
70.0 -0.00416683772233
70.5 -0.00392689837999
71.0 -0.0036953116508
71.5 -0.00345546545884
72.0 -0.00325623773672
72.5 -0.00300615923487
73.0 -0.00279748685334
73.5 -0.00262333182262
74.0 -0.00246964884913
74.5 -0.00229657590296
75.0 -0.00211373184845
75.5 -0.00196951824323
76.0 -0.00181089757
76.5 -0.00162749054721
77.0 -0.00147539131071
77.5 -0.0013467186805
78.0 -0.00120984244671
78.5 -0.00111407042092
79.0 -0.00101607553527
79.5 -0.0009046423573
80.0 -0.000799483958593
80.5 -0.000712493601833
81.0 -0.00060211693174
81.5 -0.000541791300911
82.0 -0.000449175542776
82.5 -0.000335371386296
83.0 -0.000266084950152
83.5 -0.000230779283616
84.0 -0.000225622306953
84.5 -9.52384465371e-05
85.0 -4.44076125454e-05
85.5 -9.49682231095e-05
86.0 1.86505651811e-05
86.5 6.84746492681e-05
87.0 0.000113379315469
87.5 0.000153834140015
88.0 0.000140559291349
88.5 0.000168190122235
89.0 0.000231121430346
89.5 0.000250167175256
90.0 0.00030247347522
90.5 0.000249393179235
91.0 0.000164363018975
91.5 0.000231066524602
92.0 0.00017477668154
92.5 0.000174848532218
93.0 0.000120202546398
93.5 1.6779048611e-05
94.0 0.000254896949244
94.5 0.000276764515579
95.0 0.000196808115209
95.5 0.000116791225313
96.0 4.07346535596e-05
96.5 -5.55320086981e-05
97.0 -0.000152647752401
97.5 -0.000183118620573
98.0 -0.000142035898364
98.5 -0.000114751353703
99.0 -0.000133199964637
99.5 -0.000190919355905
100.0 -4.29988418205e-08
100.5 -0.000237413148589
101.0 -0.000376725725687
101.5 -0.000546048382525
102.0 -0.000591333633253
102.5 -0.000783083389351
103.0 -0.000840948064798
103.5 -0.00074390294315
104.0 -0.000807364152877
104.5 -0.00107003953835
105.0 -0.00107855659145
105.5 -0.00130512759815
106.0 -0.00146456198487
106.5 -0.00148236407944
107.0 -0.00151864975293
107.5 -0.00157479210899
108.0 -0.00175830186101
108.5 -0.00205451989767
109.0 -0.00228384271563
109.5 -0.00243186262605
110.0 -0.00237978346392
110.5 -0.002753087809
111.0 -0.00261645776761
111.5 -0.00310860556896
112.0 -0.00321497448119
112.5 -0.00351574306723
113.0 -0.00368099209153
113.5 -0.00393613385648
114.0 -0.0040217062361
114.5 -0.00395823476902
115.0 -0.00426266985718
115.5 -0.00372605253538
116.0 -0.00420189711609
116.5 -0.00488286235984
117.0 -0.00566736711076
117.5 -0.00600383176686
118.0 -0.00604168437134
118.5 -0.00511855752293
119.0 -0.00363486243417
119.5 0.00395945897039
120.0 0.00643432716713
120.5 0.00590064870735
121.0 0.00441442003039
121.5 -0.00184314598768
122.0 -0.00493934065365
122.5 -0.00508858444063
123.0 -0.00413940764888
123.5 -0.00393232369976
124.0 -0.00386665360571
124.5 -0.00428354325099
125.0 -0.00421036632945
125.5 -0.00457522104891
126.0 -0.00451163134834
126.5 -0.00495938663349
127.0 -0.00436399780102
127.5 -0.00403455628066
128.0 -0.00410722818573
128.5 -0.00415839277965
129.0 -0.00380982319137
129.5 -0.0037102242208
130.0 -0.00309671180707
130.5 -0.00322867401446
131.0 -0.00309257048151
131.5 -0.00274622971499
132.0 -0.00280003389987
132.5 -0.00281854427479
133.0 -0.00228118629105
133.5 -0.0021463910156
134.0 -0.00256136502595
134.5 -0.00205218224728
135.0 -0.00203381944702
135.5 -0.00174191236171
136.0 -0.00158549764969
136.5 -0.00166540244239
137.0 -0.00169323088916
137.5 -0.00171470087314
138.0 -0.00144994217752
138.5 -0.00128901230083
139.0 -0.00116772630142
139.5 -0.00101631947153
140.0 -0.000924000601852
140.5 -0.00083538861147
141.0 -0.000593403537597
141.5 -0.00054435334998
142.0 -0.000364347806208
142.5 -0.000263272463627
143.0 -4.3484563184e-05
143.5 1.29379706273e-05
144.0 -0.000143123048082
144.5 3.42940103639e-05
145.0 7.57615610203e-05
145.5 0.00013042662863
146.0 0.000169618887592
146.5 0.00019413042398
147.0 0.000238082292809
147.5 0.00027195645022
148.0 0.00031921533279
148.5 0.00052176994223
149.0 0.000697362204404
149.5 0.000557150088171
150.0 0.00054654158049
150.5 0.00062063569613
151.0 0.000754284439259
151.5 0.000847625376626
152.0 0.000932650419011
152.5 0.00100885484747
153.0 0.00116195941135
153.5 0.00121951627035
154.0 0.00113125433553
154.5 0.00114983421504
155.0 0.00115146602386
155.5 0.00109301141051
156.0 0.00127852935475
156.5 0.00147819370841
157.0 0.00147028982148
157.5 0.00135111678241
158.0 0.0013723096784
158.5 0.00157858649615
159.0 0.00165309745991
159.5 0.00169200941962
160.0 0.00179648160481
160.5 0.00185533495009
161.0 0.00194685631099
161.5 0.0020535431033
162.0 0.00214099463665
162.5 0.00230708273683
163.0 0.00246653328853
163.5 0.00240658814454
164.0 0.00226146509349
164.5 0.00246947049278
165.0 0.00274011415352
165.5 0.00280430684045
166.0 0.00267874333456
166.5 0.00256201020036
167.0 0.00260362135963
167.5 0.00298556595459
168.0 0.00325879111374
168.5 0.00333582007864
169.0 0.00341368542885
169.5 0.0035931805906
170.0 0.00382729962878
170.5 0.00394188036442
171.0 0.003524279263
171.5 0.00393515502033
172.0 0.00421178978515
172.5 0.00454699259073
173.0 0.00468089863483
173.5 0.00489261113326
174.0 0.00506875570174
174.5 0.00528444289922
175.0 0.00566301658063
175.5 0.00452925301927
176.0 0.005702799926
176.5 0.00692538750093
177.0 0.0068921161582
177.5 0.00895827663065
178.0 0.00611477923238
178.5 0.00585704550647
179.0 0.00175481495769
179.5 -0.00283302474793
180.0 -0.00311476604166
180.5 -0.0036453034117
181.0 -0.00159646516119
181.5 0.00100192866003
182.0 0.0025904743805
182.5 0.00235583496166
183.0 0.00189379064958
183.5 0.0018273400394
184.0 0.00151270645792
184.5 0.0015145702361
185.0 0.00158433942882
185.5 0.0014638826938
186.0 0.00162331760012
186.5 0.00159356421932
187.0 0.00159539896714
187.5 0.00137298168494
188.0 0.00110449337446
188.5 0.00107132771284
189.0 0.000760083932093
189.5 0.000528041909391
190.0 0.000352812521754
190.5 -1.96688346676e-05
191.0 -0.000246717080643
191.5 -0.00057882537979
192.0 -0.000865877583038
192.5 -0.00109361968629
193.0 -0.0016819138196
193.5 -0.00198716454355
194.0 -0.00255374961307
194.5 -0.00320915053948
195.0 -0.00412765474164
195.5 -0.00543738233497
196.0 -0.00638119507548
196.5 -0.00749558481849
197.0 -0.00897948569181
197.5 -0.010259707078
198.0 -0.0141664619599
198.5 -0.0191612016118
199.0 -0.0288590394943
199.5 -0.0456099905832
