0.0 0.000948897391378
0.5 0.0248862933229
1.0 0.0297000222827
1.5 0.0221082239724
2.0 0.0169170337014
2.5 0.0125924296687
3.0 0.00958015598968
3.5 0.0067214985931
4.0 0.00409589802167
4.5 0.00169768837557
5.0 -0.000669891548743
5.5 -0.00269806085439
6.0 -0.0047358883
6.5 -0.00665978772942
7.0 -0.00849741530403
7.5 -0.0104098596818
8.0 -0.0121008794172
8.5 -0.0138160023393
9.0 -0.0154979823673
9.5 -0.0171866928421
10.0 -0.0188538558828
10.5 -0.0204919433026
11.0 -0.0221258849204
11.5 -0.0237466298518
12.0 -0.0253586347376
12.5 -0.0269028738401
13.0 -0.0284511500862
13.5 -0.0299894993976
14.0 -0.0315326659618
14.5 -0.0330276256595
15.0 -0.0344747556957
15.5 -0.0359218669041
16.0 -0.0373431495181
16.5 -0.0387198439391
17.0 -0.040057881604
17.5 -0.0413744143958
18.0 -0.042669397562
18.5 -0.0438912195139
19.0 -0.0450773225617
19.5 -0.0462419026741
20.0 -0.0473253092222
20.5 -0.0483631494698
21.0 -0.0493515329809
21.5 -0.0502639792744
22.0 -0.0511306159401
22.5 -0.0519219750101
23.0 -0.0526624710914
23.5 -0.0533359418872
24.0 -0.0539454376013
24.5 -0.0545088002834
25.0 -0.0549624349162
25.5 -0.0553407873158
26.0 -0.0556534059643
26.5 -0.0558909863257
27.0 -0.0560655210045
27.5 -0.0561375044852
28.0 -0.0561608340374
28.5 -0.0561374244576
29.0 -0.0560104491362
29.5 -0.055841061317
30.0 -0.0555785828495
30.5 -0.0552741923107
31.0 -0.054901395346
31.5 -0.0544546377716
32.0 -0.0539619454139
32.5 -0.0534233419979
33.0 -0.052840406813
33.5 -0.0521902871136
34.0 -0.0515311250082
34.5 -0.0508129662211
35.0 -0.0500463275192
35.5 -0.0492541892021
36.0 -0.04842066044
36.5 -0.047558559221
37.0 -0.0466872142198
37.5 -0.0457948372194
38.0 -0.0448720809175
38.5 -0.043953653772
39.0 -0.0430071012738
39.5 -0.0420498750045
40.0 -0.0410759020949
40.5 -0.0401187306443
41.0 -0.0391526766194
41.5 -0.0381936258963
42.0 -0.0372217087921
42.5 -0.0362496962193
43.0 -0.0352949305173
43.5 -0.0343490835288
44.0 -0.0334107238257
44.5 -0.0324524449716
45.0 -0.0315301913538
45.5 -0.0306094522667
46.0 -0.0296967549365
46.5 -0.028822353657
47.0 -0.027946294122
47.5 -0.0270667786522
48.0 -0.0262305898899
48.5 -0.0253911004351
49.0 -0.0245609848702
49.5 -0.0237655007225
50.0 -0.0229682111293
50.5 -0.0222107139562
51.0 -0.021454255981
51.5 -0.0207078824716
52.0 -0.0199994599737
52.5 -0.0192927154789
53.0 -0.0186307438348
53.5 -0.0179682770966
54.0 -0.0173128765977
54.5 -0.0166935385262
55.0 -0.0160358291727
55.5 -0.0154324766855
56.0 -0.0148723088131
56.5 -0.0142885144958
57.0 -0.013745252737
57.5 -0.0132131992215
58.0 -0.0126948871423
58.5 -0.0121948199908
59.0 -0.0116963290771
59.5 -0.0112137358518
60.0 -0.0107409295959
60.5 -0.0102643305275
61.0 -0.00983376521984
61.5 -0.00940470927255
62.0 -0.00899671301896
62.5 -0.00862634826418
63.0 -0.00825047871703
63.5 -0.00789475686659
64.0 -0.00755039383149
64.5 -0.00717951705739
65.0 -0.00684390592625
65.5 -0.00652590089039
66.0 -0.00621651149884
66.5 -0.00592974122018
67.0 -0.00562683411397
67.5 -0.00534989422676
68.0 -0.00504475328957
68.5 -0.00480048539315
69.0 -0.0045652859035
69.5 -0.00433838784737
70.0 -0.00411012248599
70.5 -0.00387492953402
71.0 -0.00365717088494
71.5 -0.00346430859131
72.0 -0.00325453083324
72.5 -0.00305205915615
73.0 -0.0028946629593
73.5 -0.00274420717653
74.0 -0.00252601723208
74.5 -0.00238362930145
75.0 -0.00221976401646
75.5 -0.0020996443324
76.0 -0.00199417773646
76.5 -0.0017859087164
77.0 -0.00163238686399
77.5 -0.00151341924468
78.0 -0.00143533085878
78.5 -0.00129902829584
79.0 -0.00122573495143
79.5 -0.00115425480321
80.0 -0.00105180233849
80.5 -0.000980398607441
81.0 -0.000881720329671
81.5 -0.000799710998784
82.0 -0.000699941339459
82.5 -0.00062351693833
83.0 -0.000525930789976
83.5 -0.000465024230312
84.0 -0.00042765329318
84.5 -0.00042639652326
85.0 -0.000406265155544
85.5 -0.0003007902645
86.0 -0.000233692096025
86.5 -0.000215971108723
87.0 -0.000183058896319
87.5 -9.95643104957e-05
88.0 -0.000108519172251
88.5 -8.59857581439e-05
89.0 -8.24681443632e-05
89.5 -5.36337103973e-05
90.0 -7.55048651868e-06
90.5 -4.78871879217e-05
91.0 -0.000131608942141
91.5 -7.35703811969e-05
92.0 -1.74547687237e-06
92.5 -3.80406653484e-05
93.0 -0.000116029505655
93.5 -0.000133604752055
94.0 -4.05475337608e-05
94.5 7.31313296676e-05
95.0 -2.8104735911e-05
95.5 -4.60165509288e-05
96.0 -0.000171276670144
96.5 -0.000248884641248
97.0 -0.000244528205805
97.5 -0.000258119679824
98.0 -0.000311566200931
98.5 -0.000361510481074
99.0 -0.000437287737721
99.5 -0.000562499926883
100.0 -0.000384030700125
100.5 -0.000563420659766
101.0 -0.000626796412092
101.5 -0.000761571725462
102.0 -0.000828214704889
102.5 -0.000828496587452
103.0 -0.000853589106192
103.5 -0.0010515288641
104.0 -0.00120198374175
104.5 -0.00128457778585
105.0 -0.00118497948898
105.5 -0.00137997734808
106.0 -0.00157331127114
106.5 -0.00184007791071
107.0 -0.00178454877162
107.5 -0.00188275420008
108.0 -0.00198667083315
108.5 -0.00192434353122
109.0 -0.00216846335173
109.5 -0.00245816580179
110.0 -0.00238689589496
110.5 -0.00262646390635
111.0 -0.00279311868089
111.5 -0.00333698160676
112.0 -0.00330039619837
112.5 -0.00351311639251
113.0 -0.00389865659322
113.5 -0.00417847018902
114.0 -0.00381526511703
114.5 -0.00408122207634
115.0 -0.00431827792195
115.5 -0.00400333109548
116.0 -0.00432850750411
116.5 -0.00434813681414
117.0 -0.00418789743935
117.5 -0.00557700454516
118.0 -0.0042845470022
118.5 -0.00132297475369
119.0 0.00162420828183
119.5 0.0059255400821
120.0 0.00328101907841
120.5 0.0012525593924
121.0 -0.00270211928159
121.5 -0.00627085688771
122.0 -0.00673081481294
122.5 -0.00755420354913
123.0 -0.00650859384621
123.5 -0.00571589209551
124.0 -0.00437583837906
124.5 -0.00430983313929
125.0 -0.00423671687334
125.5 -0.00533612058425
126.0 -0.00490822151298
126.5 -0.00453347260098
127.0 -0.00516331082277
127.5 -0.00525945464602
128.0 -0.00518206945176
128.5 -0.00499929683907
129.0 -0.00405144084699
129.5 -0.00392867949452
130.0 -0.00394666146677
130.5 -0.00384559697502
131.0 -0.00385784582884
131.5 -0.00291312373206
132.0 -0.00327940249394
132.5 -0.00317294794745
133.0 -0.002879369752
133.5 -0.00280416281369
134.0 -0.00252701473265
134.5 -0.0025471189338
135.0 -0.00194143540236
135.5 -0.00236971511686
136.0 -0.00254330279272
136.5 -0.00214042574687
137.0 -0.00187984610421
137.5 -0.00178628644659
138.0 -0.00166025648778
138.5 -0.00164386715186
139.0 -0.00143467232942
139.5 -0.00129842337763
140.0 -0.00116461786171
140.5 -0.000975496744417
141.0 -0.000757255712337
141.5 -0.000582736197199
142.0 -0.000592172533793
142.5 -0.000633567411754
143.0 -0.000480806987348
143.5 -0.000396691827921
144.0 -0.000394714903429
144.5 -0.000289756742328
145.0 -0.000237997959651
145.5 -7.21884063593e-05
146.0 5.61520969482e-05
146.5 0.000233906156982
147.0 0.000162373488326
147.5 0.000134314132044
148.0 0.000205103066405
148.5 0.000298570777104
149.0 0.000367788184427
149.5 0.000511681178583
150.0 0.000640191068342
150.5 0.000824671864915
151.0 0.000657319740167
151.5 0.00073694764794
152.0 0.000884171892325
152.5 0.0010357853855
153.0 0.00105362808386
153.5 0.00102863362621
154.0 0.00119778383194
154.5 0.00139461220375
155.0 0.00130671991886
155.5 0.00124121918328
156.0 0.0014110590967
156.5 0.00163990513241
157.0 0.00166006247345
157.5 0.00155431941804
158.0 0.0016092825029
158.5 0.00187782412426
159.0 0.00195836709277
159.5 0.00188113050575
160.0 0.00189188695786
160.5 0.00172211905396
161.0 0.00196992505467
161.5 0.00215593859097
162.0 0.00224881501048
162.5 0.0024236712827
163.0 0.00264449158332
163.5 0.00283519557431
164.0 0.00280412360978
164.5 0.00265926522238
165.0 0.00309556247509
165.5 0.00318912817744
166.0 0.00309549061761
166.5 0.00332550324754
167.0 0.00333808877219
167.5 0.00352752919444
168.0 0.00379572502502
168.5 0.00395838104395
169.0 0.00400528399606
169.5 0.00413270218228
170.0 0.00424124975009
170.5 0.00429973014346
171.0 0.00450426732547
171.5 0.0048214458586
172.0 0.00450596401976
172.5 0.00492727559501
173.0 0.00537207302611
173.5 0.00553347472518
174.0 0.00559050643776
174.5 0.00552862628955
175.0 0.0055150859469
175.5 0.00501299470412
176.0 0.00519682795118
176.5 0.00575241971731
177.0 0.00649779787774
177.5 0.00642649055052
178.0 0.00560752443072
178.5 0.00430406862321
179.0 0.00171238530594
179.5 -0.000545171267149
180.0 -0.00170912525527
180.5 -0.00563352723184
181.0 -0.00526830523135
181.5 -0.000450045040267
182.0 0.000164744835857
182.5 0.00251498664358
183.0 0.00201920897936
183.5 0.00222938726648
184.0 0.00193349020667
184.5 0.00196334362498
185.0 0.00266232359164
185.5 0.00222873192735
186.0 0.00228216997665
186.5 0.0021088309327
187.0 0.0018745498071
187.5 0.00171869513389
188.0 0.00153961202355
188.5 0.00127943814933
189.0 0.00108369448549
189.5 0.000773662804306
190.0 0.000630708800117
190.5 0.000188934779359
191.0 -1.26523766113e-05
191.5 -0.00033945687035
192.0 -0.000687926631343
192.5 -0.000937999637316
193.0 -0.00135682290816
193.5 -0.00180863081742
194.0 -0.0025679443377
194.5 -0.00325610481568
195.0 -0.00380999833064
195.5 -0.00511839251504
196.0 -0.00601738778916
196.5 -0.00715712770455
197.0 -0.00852768380038
197.5 -0.00893142642778
198.0 -0.0131919063875
198.5 -0.0190609073582
199.0 -0.0282931781934
199.5 -0.0435707086562
