0.0 -0.00149514627569
0.5 0.0197974219867
1.0 0.0204100884342
1.5 0.0134899604026
2.0 0.00855436219717
2.5 0.00417491141567
3.0 0.00112898302796
3.5 -0.00164457151491
4.0 -0.00415433632005
4.5 -0.00643551691717
5.0 -0.00870539551566
5.5 -0.0106064704669
6.0 -0.0124770590769
6.5 -0.0143815865814
7.0 -0.0160533670132
7.5 -0.0176714011924
8.0 -0.0191904754756
8.5 -0.0206864250655
9.0 -0.022130402985
9.5 -0.0235236102616
10.0 -0.0248743366879
10.5 -0.0261602463487
11.0 -0.0274210605992
11.5 -0.0286283550833
12.0 -0.0297880035558
12.5 -0.0309333441128
13.0 -0.0320362097247
13.5 -0.0330671577976
14.0 -0.0340743626331
14.5 -0.0350203276288
15.0 -0.0358901482249
15.5 -0.0367513370628
16.0 -0.0375577902738
16.5 -0.0383295115139
17.0 -0.0390290164844
17.5 -0.0396969651528
18.0 -0.0403432328953
18.5 -0.0409595609117
19.0 -0.0414976465775
19.5 -0.0420094441682
20.0 -0.0424613374575
20.5 -0.0428707129226
21.0 -0.043251812406
21.5 -0.0435867910716
22.0 -0.0438828126859
22.5 -0.0441283396383
23.0 -0.0443547759857
23.5 -0.0445583228869
24.0 -0.0447260746228
24.5 -0.0448433888515
25.0 -0.0449133911272
25.5 -0.0449550767427
26.0 -0.0449556963958
26.5 -0.0449254538328
27.0 -0.0448827555958
27.5 -0.044809087528
28.0 -0.0446810805734
28.5 -0.0445473825718
29.0 -0.0443877247225
29.5 -0.0442226314999
30.0 -0.0439911390688
30.5 -0.0437272893905
31.0 -0.043454928784
31.5 -0.0431523386126
32.0 -0.0428373517849
32.5 -0.0425036764554
33.0 -0.0421479898328
33.5 -0.0417417462709
34.0 -0.0413355542982
34.5 -0.0409399759824
35.0 -0.0405209689871
35.5 -0.0400587251765
36.0 -0.0395763602086
36.5 -0.0390917468894
37.0 -0.0385934222902
37.5 -0.0380745174045
38.0 -0.0375376286461
38.5 -0.0369923349938
39.0 -0.0364451346196
39.5 -0.0358867079588
40.0 -0.0353291776992
40.5 -0.0347381556517
41.0 -0.0341414283605
41.5 -0.0335581037201
42.0 -0.0329482723845
42.5 -0.0323379165526
43.0 -0.0317398526171
43.5 -0.0311127603149
44.0 -0.0304948694135
44.5 -0.0298894306448
45.0 -0.0292461579281
45.5 -0.0286342020761
46.0 -0.0280154837388
46.5 -0.0273844335354
47.0 -0.0267600154274
47.5 -0.0261325806566
48.0 -0.0255283907773
48.5 -0.0249117443543
49.0 -0.0242970973506
49.5 -0.0236873887433
50.0 -0.0230555320696
50.5 -0.0224689587733
51.0 -0.0218938779266
51.5 -0.0212962035485
52.0 -0.0207222041525
52.5 -0.0201506650079
53.0 -0.0196008741154
53.5 -0.0190472438081
54.0 -0.0185015304304
54.5 -0.0179465233473
55.0 -0.017414083237
55.5 -0.0169059616508
56.0 -0.0163770172258
56.5 -0.0158627898727
57.0 -0.0153791699729
57.5 -0.0149034741766
58.0 -0.0144307920856
58.5 -0.0139573994207
59.0 -0.013490072422
59.5 -0.0130539781096
60.0 -0.0126191856634
60.5 -0.0121581498244
61.0 -0.0117312736605
61.5 -0.011319035539
62.0 -0.0109430539089
62.5 -0.0105515049161
63.0 -0.0101915464256
63.5 -0.00982164525533
64.0 -0.0094489331236
64.5 -0.00910863848145
65.0 -0.00878037079804
65.5 -0.00847278779718
66.0 -0.00809143786022
66.5 -0.0077770536132
67.0 -0.00751081275484
67.5 -0.00721663497725
68.0 -0.00691438269955
68.5 -0.00662703948456
69.0 -0.00637787252058
69.5 -0.00613118601017
70.0 -0.0058922674296
70.5 -0.00563251409038
71.0 -0.00538422680908
71.5 -0.00516216329831
72.0 -0.004898010706
72.5 -0.00466221833873
73.0 -0.00449267205322
73.5 -0.00432445263817
74.0 -0.00417728786359
74.5 -0.00394013480516
75.0 -0.00376502972817
75.5 -0.00361996454921
76.0 -0.00348172630945
76.5 -0.00324312618731
77.0 -0.0030710854587
77.5 -0.00295291162393
78.0 -0.00282241003633
78.5 -0.00272096313993
79.0 -0.00261798520418
79.5 -0.00251998770487
80.0 -0.00234320332624
80.5 -0.00225292203818
81.0 -0.00211782244094
81.5 -0.00203551797763
82.0 -0.00193092069351
82.5 -0.0018275357683
83.0 -0.00176437109729
83.5 -0.00167000318822
84.0 -0.0016573358606
84.5 -0.00151544415852
85.0 -0.00144935658178
85.5 -0.00140839571907
86.0 -0.00135527672222
86.5 -0.00126103401079
87.0 -0.0011871189383
87.5 -0.00114431988131
88.0 -0.00115747807119
88.5 -0.00111496363558
89.0 -0.00107774469328
89.5 -0.00105700814405
90.0 -0.0010467126495
90.5 -0.000971203359004
91.0 -0.000996018351348
91.5 -0.00103320405682
92.0 -0.000992449448166
92.5 -0.00095531156148
93.0 -0.00100271155557
93.5 -0.00103990069807
94.0 -0.000932110730471
94.5 -0.00103329326999
95.0 -0.00122341687105
95.5 -0.00105076555388
96.0 -0.00111118652254
96.5 -0.0011177836106
97.0 -0.00117670134246
97.5 -0.00120042906197
98.0 -0.00118097559152
98.5 -0.00120803513033
99.0 -0.00129982298838
99.5 -0.00137827678808
100.0 -0.00123543557764
100.5 -0.00133945458273
101.0 -0.00141937665953
101.5 -0.00149792518419
102.0 -0.00158840163903
102.5 -0.00175441425723
103.0 -0.00180334819876
103.5 -0.00186341954455
104.0 -0.00202093514557
104.5 -0.00202329974418
105.0 -0.00218261753172
105.5 -0.00221702665294
106.0 -0.00212630493734
106.5 -0.0024144159775
107.0 -0.00253216131555
107.5 -0.00273229296926
108.0 -0.00301178982944
108.5 -0.00320666143136
109.0 -0.00338489969823
109.5 -0.00329170771593
110.0 -0.00319231878608
110.5 -0.00371955882576
111.0 -0.0038885981585
111.5 -0.00451322045162
112.0 -0.00423317254447
112.5 -0.00432228268109
113.0 -0.00476001793049
113.5 -0.0051294828956
114.0 -0.00514877665709
114.5 -0.00546928193597
115.0 -0.00566918153231
115.5 -0.00579921953035
116.0 -0.00597808412162
116.5 -0.00597738867663
117.0 -0.00631926044537
117.5 -0.00783230138967
118.0 -0.00581240598311
118.5 -0.00462941666605
119.0 -0.00270012490158
119.5 0.00574699702769
120.0 0.00781446440803
120.5 0.00493228880495
121.0 0.00017148576498
121.5 -0.00389777706431
122.0 -0.0041601758836
122.5 -0.00559690539168
123.0 -0.00522353418118
123.5 -0.00476720264564
124.0 -0.00434848348408
124.5 -0.00449953638464
125.0 -0.00435405481382
125.5 -0.00420582767485
126.0 -0.00418718333023
126.5 -0.00485952094586
127.0 -0.00392545736152
127.5 -0.00378721134696
128.0 -0.00421368301927
128.5 -0.00401607184078
129.0 -0.00362266018696
129.5 -0.00361691374525
130.0 -0.00318223334109
130.5 -0.00295111800454
131.0 -0.0029425209428
131.5 -0.00265479273797
132.0 -0.00236862166108
132.5 -0.00258073249641
133.0 -0.00278298842534
133.5 -0.00261755631765
134.0 -0.00218048492688
134.5 -0.00229008887096
135.0 -0.00209078895951
135.5 -0.00179461023383
136.0 -0.00161235318617
136.5 -0.00143972509624
137.0 -0.00119854532851
137.5 -0.00106541495015
138.0 -0.000993683178283
138.5 -0.00113012544068
139.0 -0.0010027787736
139.5 -0.000868155186666
140.0 -0.000807121298671
140.5 -0.000728710609511
141.0 -0.000482817301329
141.5 -0.000415934200227
142.0 -0.000147444111711
142.5 -0.000220801098763
143.0 -0.000233103959664
143.5 -0.000142202906064
144.0 -0.000140167942721
144.5 -3.79086654352e-05
145.0 -5.38588873056e-06
145.5 0.000129983474925
146.0 0.000239883443794
146.5 0.000391406357831
147.0 0.000284715700432
147.5 0.00028942113279
148.0 0.000438693270856
148.5 0.000665299491947
149.0 0.000787794783147
149.5 0.000670579479171
150.0 0.000742787477241
150.5 0.000797423613524
151.0 0.000849824467144
151.5 0.000903354085988
152.0 0.000907849597883
152.5 0.000962658151266
153.0 0.00117192164044
153.5 0.00129765484809
154.0 0.00124783734639
154.5 0.00128673816029
155.0 0.00130364101362
155.5 0.00128747013226
156.0 0.00128612631524
156.5 0.0013684234453
157.0 0.00152830732081
157.5 0.00168457912236
158.0 0.00178659060315
158.5 0.00186469223032
159.0 0.00174672845266
159.5 0.00162807080544
160.0 0.00184128658537
160.5 0.00192041806652
161.0 0.00204836863398
161.5 0.00217486772375
162.0 0.0022334314086
162.5 0.0023872776594
163.0 0.00249128708984
163.5 0.00254181356967
164.0 0.00259774229532
164.5 0.00268116565704
165.0 0.00283295670455
165.5 0.00291699793694
166.0 0.00289520979405
166.5 0.00311309567754
167.0 0.00326453350367
167.5 0.00348492392282
168.0 0.00372036100941
168.5 0.00364566251466
169.0 0.00345680674959
169.5 0.00378391789845
170.0 0.00397006559479
170.5 0.00408589212869
171.0 0.00436070850644
171.5 0.00478085015237
172.0 0.0049973672064
172.5 0.00530609015432
173.0 0.0056245803158
173.5 0.0055300406764
174.0 0.00527153883543
174.5 0.00563717831996
175.0 0.00582024794592
175.5 0.00542915738897
176.0 0.00580135759488
176.5 0.00675081974782
177.0 0.00805946122196
177.5 0.00855684643368
178.0 0.00791458841434
178.5 0.00658762567072
179.0 0.00335702119141
179.5 -0.000988358790366
180.0 -0.00460571138633
180.5 -0.00768383610411
181.0 -0.00549390446814
181.5 -0.00343319283161
182.0 -0.000166789210979
182.5 0.00113767579693
183.0 0.00160656165423
183.5 0.00187856255484
184.0 0.00162241493398
184.5 0.00150444519961
185.0 0.0014675188803
185.5 0.00112928214662
186.0 0.00112997781976
186.5 0.0010408700203
187.0 0.000806694799962
187.5 0.000673891548942
188.0 0.000461764807795
188.5 9.11016362579e-05
189.0 -0.000191346106149
189.5 -0.000317015705392
190.0 -0.000591147278868
190.5 -0.00109586018836
191.0 -0.00134014275123
191.5 -0.00168425499974
192.0 -0.00209603670532
192.5 -0.00253718846353
193.0 -0.00317814638689
193.5 -0.003738980196
194.0 -0.0043948623758
194.5 -0.00525472236843
195.0 -0.00650315995438
195.5 -0.0080445027411
196.0 -0.00945841737439
196.5 -0.0112393493581
197.0 -0.0135699647148
197.5 -0.0160407498285
198.0 -0.0216967198728
198.5 -0.0280411983284
199.0 -0.0441900297319
199.5 -0.0664317623975
