0.0 -0.000200378719077
0.5 0.0223616274948
1.0 0.0256069236834
1.5 0.0181752868819
2.0 0.0130966704042
2.5 0.00870784676779
3.0 0.00550882880243
3.5 0.00261483968605
4.0 1.08692894685e-05
4.5 -0.00266812555147
5.0 -0.00488274313629
5.5 -0.00686786864757
6.0 -0.00884892967415
6.5 -0.0107330153951
7.0 -0.0124860751249
7.5 -0.014210732439
8.0 -0.0158202637923
8.5 -0.017425631029
9.0 -0.0190611047043
9.5 -0.0205313162397
10.0 -0.0219938786425
10.5 -0.0234092590911
11.0 -0.0248085990245
11.5 -0.026162880867
12.0 -0.0274754859526
12.5 -0.0287716292111
13.0 -0.0300346804662
13.5 -0.031238694028
14.0 -0.0324305498542
14.5 -0.0335643436439
15.0 -0.0346303206526
15.5 -0.0357310793856
16.0 -0.0367567844879
16.5 -0.0377428229542
17.0 -0.0386698017925
17.5 -0.0395963832853
18.0 -0.0405181142849
18.5 -0.0413521103451
19.0 -0.0421545702013
19.5 -0.0429407758244
20.0 -0.0436835507825
20.5 -0.0443857445957
21.0 -0.0450375229363
21.5 -0.0456534712467
22.0 -0.0462323978085
22.5 -0.0467613418366
23.0 -0.0472705379423
23.5 -0.0477524579129
24.0 -0.0481850556512
24.5 -0.048591325427
25.0 -0.0489227133061
25.5 -0.0492243293134
26.0 -0.0494911627151
26.5 -0.0497125475118
27.0 -0.0499113923748
27.5 -0.0500570153336
28.0 -0.0501566210794
28.5 -0.0502396998277
29.0 -0.0502755455462
29.5 -0.0502973334568
30.0 -0.0502318813631
30.5 -0.0501302878305
31.0 -0.0499989173406
31.5 -0.0498310766961
32.0 -0.0496352492337
32.5 -0.0494014629719
33.0 -0.0491334426739
33.5 -0.0488070065074
34.0 -0.0484631517287
34.5 -0.0481091275159
35.0 -0.0477143909976
35.5 -0.047259103194
36.0 -0.0467845703738
36.5 -0.0462865709501
37.0 -0.0457640156053
37.5 -0.0452098335924
38.0 -0.0446185076112
38.5 -0.0440208729967
39.0 -0.0433739311384
39.5 -0.0427243594274
40.0 -0.0420512304183
40.5 -0.0413699803604
41.0 -0.0406415092384
41.5 -0.0399138622586
42.0 -0.0391722838134
42.5 -0.038418199165
43.0 -0.0376567383239
43.5 -0.0368756597464
44.0 -0.0360913140675
44.5 -0.0353014319619
45.0 -0.0345156157998
45.5 -0.0337128367164
46.0 -0.0329025338958
46.5 -0.0321085433522
47.0 -0.0313314095156
47.5 -0.0305303593881
48.0 -0.0297385701902
48.5 -0.0289467599947
49.0 -0.0281695892949
49.5 -0.0273808026972
50.0 -0.0265859279523
50.5 -0.025837387317
51.0 -0.0250604942554
51.5 -0.024319418624
52.0 -0.0235803059977
52.5 -0.022833973251
53.0 -0.0221341001184
53.5 -0.021429368856
54.0 -0.0207304355626
54.5 -0.0200641161189
55.0 -0.0193648567716
55.5 -0.0186957725634
56.0 -0.0180694376727
56.5 -0.0174222482041
57.0 -0.016817547474
57.5 -0.0162230976827
58.0 -0.0156417538387
58.5 -0.0150735776261
59.0 -0.014494596701
59.5 -0.013957849922
60.0 -0.0134221060173
60.5 -0.0129135171694
61.0 -0.0124116131596
61.5 -0.0119075924943
62.0 -0.0114048849124
62.5 -0.0109424535766
63.0 -0.0105319337713
63.5 -0.0100907960471
64.0 -0.00964547005434
64.5 -0.00926481889582
65.0 -0.00883040391851
65.5 -0.00846335087693
66.0 -0.00807895818668
66.5 -0.00768566891626
67.0 -0.0073229028367
67.5 -0.00697983200516
68.0 -0.00666874817501
68.5 -0.00640822799851
69.0 -0.00607789125924
69.5 -0.00577363634193
70.0 -0.00551044050115
70.5 -0.00519421007561
71.0 -0.00494402947665
71.5 -0.00472065889057
72.0 -0.00443960981358
72.5 -0.00418799529593
73.0 -0.0039872967358
73.5 -0.00374274643023
74.0 -0.00357185357036
74.5 -0.00338066264737
75.0 -0.00316952909433
75.5 -0.00299282321258
76.0 -0.00282410517302
76.5 -0.00259871199376
77.0 -0.00243104258396
77.5 -0.00232585472146
78.0 -0.00220386505413
78.5 -0.00196659037876
79.0 -0.00188777728762
79.5 -0.00171463763762
80.0 -0.00163602608046
80.5 -0.00156806312591
81.0 -0.00142491928548
81.5 -0.00132155624067
82.0 -0.00123884380856
82.5 -0.00114536132732
83.0 -0.00102159100681
83.5 -0.000940962716367
84.0 -0.000916445437088
84.5 -0.000775893853017
85.0 -0.000748527444951
85.5 -0.000722596996926
86.0 -0.000552992654402
86.5 -0.000551355466072
87.0 -0.000604069667279
87.5 -0.000499598687963
88.0 -0.000403190265043
88.5 -0.000375850168467
89.0 -0.000271031307523
89.5 -0.000324156398673
90.0 -0.000296515289204
90.5 -0.000336367606604
91.0 -0.000385191874393
91.5 -0.000313051854512
92.0 -0.000307817951956
92.5 -0.000349592036276
93.0 -0.00036927911232
93.5 -0.000337477475632
94.0 -0.000257072461256
94.5 -0.000329746598261
95.0 -0.000502307815971
95.5 -0.000385684486947
96.0 -0.000462618474568
96.5 -0.000410240285493
97.0 -0.000399159696638
97.5 -0.000400786938126
98.0 -0.000408908600704
98.5 -0.000478824144231
99.0 -0.000512539878954
99.5 -0.000460481454418
100.0 -0.000588245608405
100.5 -0.00069001399067
101.0 -0.00087062051859
101.5 -0.00108874992289
102.0 -0.00103903940736
102.5 -0.00104239256184
103.0 -0.0011659937781
103.5 -0.00129945059388
104.0 -0.00126550632432
104.5 -0.0013889205397
105.0 -0.00161176648085
105.5 -0.00149415658992
106.0 -0.00167779279202
106.5 -0.00178268396094
107.0 -0.00200370572328
107.5 -0.00207300419326
108.0 -0.00213345570834
108.5 -0.00239995583327
109.0 -0.00263812773121
109.5 -0.00258289411132
110.0 -0.00262465783059
110.5 -0.00279341072682
111.0 -0.00305763100745
111.5 -0.00371271963984
112.0 -0.00390316132822
112.5 -0.00400775697982
113.0 -0.00419561486612
113.5 -0.00455629156153
114.0 -0.00437671138909
114.5 -0.00474094087998
115.0 -0.00430611244505
115.5 -0.00364886437008
116.0 -0.00496120310653
116.5 -0.00552207672618
117.0 -0.00598291585038
117.5 -0.00666467029211
118.0 -0.00497492884215
118.5 -0.00373762221132
119.0 -0.00149682881801
119.5 0.00665899776705
120.0 0.00720461279487
120.5 0.00452210499513
121.0 0.000903860875965
121.5 -0.00324668294309
122.0 -0.00540493501821
122.5 -0.00577921693049
123.0 -0.00453957711926
123.5 -0.00411569149547
124.0 -0.00447438794117
124.5 -0.00621992385004
125.0 -0.0056224881944
125.5 -0.00519300821948
126.0 -0.0056346882329
126.5 -0.00554716529018
127.0 -0.00517672248843
127.5 -0.00495306461768
128.0 -0.00467938343888
128.5 -0.00443131915075
129.0 -0.00421146505849
129.5 -0.00455230498664
130.0 -0.00431393321069
130.5 -0.00430343837228
131.0 -0.00369927499539
131.5 -0.00330046574032
132.0 -0.0032519223964
132.5 -0.00304882733663
133.0 -0.0028063044259
133.5 -0.00260795135712
134.0 -0.0024297999792
134.5 -0.00234044184788
135.0 -0.00283047948005
135.5 -0.0023305495241
136.0 -0.00209469854202
136.5 -0.00191141919785
137.0 -0.00167991781836
137.5 -0.00165378134968
138.0 -0.00149094908054
138.5 -0.00137943956144
139.0 -0.00124028405449
139.5 -0.00104837391227
140.0 -0.000906397875497
140.5 -0.000660570257747
141.0 -0.000797263919065
141.5 -0.000810082853672
142.0 -0.000660593403762
142.5 -0.000561510788463
143.0 -0.00040286419747
143.5 -0.00031872642422
144.0 -0.000265269054328
144.5 -0.000125775087509
145.0 -6.94038537308e-05
145.5 1.98456257818e-05
146.0 8.66584200008e-05
146.5 0.0001486403581
147.0 0.000253074330246
147.5 0.000414627052176
148.0 0.000460466892634
148.5 0.000470307035886
149.0 0.00059260048074
149.5 0.000743144119292
150.0 0.000597874544841
150.5 0.00073809612578
151.0 0.0010085843911
151.5 0.000960823897672
152.0 0.000965838170555
152.5 0.000968289118648
153.0 0.000974387107172
153.5 0.00101102792413
154.0 0.00111658622165
154.5 0.00126789789259
155.0 0.00135147484933
155.5 0.00143069740608
156.0 0.00155559550262
156.5 0.00167691408416
157.0 0.00188617674423
157.5 0.00191301564863
158.0 0.00184155184677
158.5 0.00185506956828
159.0 0.00189495060928
159.5 0.00213844647403
160.0 0.00232366645259
160.5 0.00231875602006
161.0 0.00234667475757
161.5 0.0024152465036
162.0 0.00248346330493
162.5 0.00258948146077
163.0 0.00267303285137
163.5 0.00272389862554
164.0 0.00276965798276
164.5 0.00277636836587
165.0 0.00267264899195
165.5 0.00293037153155
166.0 0.00300347143692
166.5 0.0033967354556
167.0 0.00349463955005
167.5 0.00340301946724
168.0 0.00359395226165
168.5 0.00401440460413
169.0 0.00420388953623
169.5 0.00426399305697
170.0 0.00396836935705
170.5 0.0042963136697
171.0 0.00460316102547
171.5 0.00481105803823
172.0 0.00503670894831
172.5 0.00544570934967
173.0 0.00580787144752
173.5 0.00604059717415
174.0 0.00625538776707
174.5 0.0063528579926
175.0 0.00643123809876
175.5 0.00595582340391
176.0 0.00613774232362
176.5 0.0066554136564
177.0 0.00740076059931
177.5 0.00837976055381
178.0 0.0084614935912
178.5 0.00577421375662
179.0 -0.00175517660996
179.5 -0.0040953964817
180.0 -0.00338882383771
180.5 -0.00491142117701
181.0 -0.00303868380871
181.5 -0.00143663789645
182.0 -0.000957404641397
182.5 0.000267070841161
183.0 0.000510327137121
183.5 0.0014266675082
184.0 0.00154102644966
184.5 0.00169645057606
185.0 0.00186732908237
185.5 0.00173605140429
186.0 0.00178795048183
186.5 0.00163529893317
187.0 0.00151151598467
187.5 0.0011791179015
188.0 0.000815005162494
188.5 0.000610044203214
189.0 0.000395178392409
189.5 2.70102054998e-05
190.0 -0.000284799676109
190.5 -0.00066736067518
191.0 -0.000875290767993
191.5 -0.00131564442745
192.0 -0.00171819000937
192.5 -0.00206586114214
193.0 -0.00278177726319
193.5 -0.00328981846226
194.0 -0.0041609871853
194.5 -0.00498543456821
195.0 -0.00575323716924
195.5 -0.00798044750852
196.0 -0.00934189671791
196.5 -0.0111203758215
197.0 -0.0132551412788
197.5 -0.0154247990078
198.0 -0.0207606453199
198.5 -0.028339819784
199.0 -0.0435942477484
199.5 -0.0695602319018
