0.0 -0.000573760891058
0.5 0.0221811749897
1.0 0.0256491705462
1.5 0.0184974852011
2.0 0.0135152916465
2.5 0.00920085336934
3.0 0.00616181626292
3.5 0.00339467789589
4.0 0.000918915732548
4.5 -0.00139778531097
5.0 -0.00399302126377
5.5 -0.00594702985591
6.0 -0.00787838355512
6.5 -0.00988072580999
7.0 -0.0117363229295
7.5 -0.0134936857131
8.0 -0.0151969321334
8.5 -0.0169064534817
9.0 -0.0185436464287
9.5 -0.020166501245
10.0 -0.0219045948711
10.5 -0.0234678476338
11.0 -0.0250463009071
11.5 -0.0266192495696
12.0 -0.0281214071317
12.5 -0.0296281249729
13.0 -0.0311255912066
13.5 -0.0325720482017
14.0 -0.0340048905367
14.5 -0.0353882127449
15.0 -0.0367098362817
15.5 -0.0380621029769
16.0 -0.0393341585536
16.5 -0.04053116343
17.0 -0.0417085871569
17.5 -0.0428479063154
18.0 -0.0439430947345
18.5 -0.0449922074491
19.0 -0.0459721173394
19.5 -0.0469109688643
20.0 -0.0477755933944
20.5 -0.0485706965249
21.0 -0.0492905081998
21.5 -0.0499564626086
22.0 -0.050563095258
22.5 -0.0511057691041
23.0 -0.0515631907636
23.5 -0.0519695338898
24.0 -0.0523046206144
24.5 -0.0525930910436
25.0 -0.0527659626224
25.5 -0.052870349318
26.0 -0.0529240330874
26.5 -0.0529084767811
27.0 -0.0528425198488
27.5 -0.0526831827808
28.0 -0.0524834296043
28.5 -0.0522490798689
29.0 -0.0519230260055
29.5 -0.0515626164561
30.0 -0.0511231541152
30.5 -0.050673448421
31.0 -0.0501631859461
31.5 -0.0495986301588
32.0 -0.0490081825409
32.5 -0.0483604604369
33.0 -0.0476884042603
33.5 -0.0470011550282
34.0 -0.0463028777244
34.5 -0.045557294862
35.0 -0.0447764686973
35.5 -0.043993184876
36.0 -0.043183150669
36.5 -0.0423471178972
37.0 -0.0415119893497
37.5 -0.0406779704057
38.0 -0.0398283117291
38.5 -0.0389640354158
39.0 -0.0380858337923
39.5 -0.0372116435197
40.0 -0.036355397996
40.5 -0.0354963872589
41.0 -0.0346335859502
41.5 -0.0337842518146
42.0 -0.0329289307686
42.5 -0.0320774804949
43.0 -0.0312385408879
43.5 -0.0303987947904
44.0 -0.0295746765997
44.5 -0.0287761294666
45.0 -0.0279508142418
45.5 -0.0271643985332
46.0 -0.0263762533165
46.5 -0.0256229322709
47.0 -0.0248667113111
47.5 -0.0241092073998
48.0 -0.0233938014212
48.5 -0.0226802949358
49.0 -0.0219837082163
49.5 -0.0212989691564
50.0 -0.0206008871106
50.5 -0.0199449801509
51.0 -0.019303885681
51.5 -0.0186705963927
52.0 -0.0180490171619
52.5 -0.017426795486
53.0 -0.0168577946171
53.5 -0.0162846468329
54.0 -0.0157206840281
54.5 -0.0151922499125
55.0 -0.0146335865928
55.5 -0.0141061355134
56.0 -0.0136132851585
56.5 -0.0130979934373
57.0 -0.0126259868995
57.5 -0.0121665780019
58.0 -0.0117212640066
58.5 -0.0112934690118
59.0 -0.0108618263334
59.5 -0.0104439485671
60.0 -0.0100357713344
60.5 -0.00964432055457
61.0 -0.00924393977886
61.5 -0.0088455755276
62.0 -0.00850443123631
62.5 -0.00816502480313
63.0 -0.00785793757865
63.5 -0.00752748105858
64.0 -0.00716529503226
64.5 -0.00688634910984
65.0 -0.0065862196746
65.5 -0.00627929674665
66.0 -0.00598975704242
66.5 -0.00571996605336
67.0 -0.00546777416161
67.5 -0.00520260132583
68.0 -0.00494892623936
68.5 -0.00475284097526
69.0 -0.0045416363539
69.5 -0.00432506514032
70.0 -0.00411193563284
70.5 -0.00390911918556
71.0 -0.00371838372843
71.5 -0.00351645276638
72.0 -0.00333351758364
72.5 -0.00313499551587
73.0 -0.00298286441043
73.5 -0.00284217806126
74.0 -0.00268014116713
74.5 -0.00253305586921
75.0 -0.00239932064268
75.5 -0.00229578831408
76.0 -0.00209934428599
76.5 -0.00197968041467
77.0 -0.00185072406626
77.5 -0.00172740174306
78.0 -0.00166843891389
78.5 -0.00157524283037
79.0 -0.00143962278878
79.5 -0.00136225174835
80.0 -0.00126934856507
80.5 -0.00121123720237
81.0 -0.00111767036025
81.5 -0.00104557639563
82.0 -0.000959262972938
82.5 -0.000887610621685
83.0 -0.00079147160745
83.5 -0.000727324755783
84.0 -0.000670911931497
84.5 -0.000646580428704
85.0 -0.000613165911517
85.5 -0.00061252142488
86.0 -0.000601360843866
86.5 -0.000530050984558
87.0 -0.00048370070548
87.5 -0.000443564889522
88.0 -0.000450079369337
88.5 -0.000394094158374
89.0 -0.000337284819221
89.5 -0.000301849284192
90.0 -0.000339859976147
90.5 -0.000435606076401
91.0 -0.0003777715431
91.5 -0.000263192569093
92.0 -0.000249802938889
92.5 -0.000302026776762
93.0 -0.000382913649673
93.5 -0.000410251518925
94.0 -0.000361645079021
94.5 -0.000461442916567
95.0 -0.000303112846165
95.5 -0.000467063631898
96.0 -0.000421874632146
96.5 -0.000437241566406
97.0 -0.00055003200297
97.5 -0.000657811487933
98.0 -0.000655929348657
98.5 -0.000599254301143
99.0 -0.000658834889606
99.5 -0.000733953035766
100.0 -0.000794318950625
100.5 -0.000985586173464
101.0 -0.000939710633183
101.5 -0.000872576601147
102.0 -0.000992114698413
102.5 -0.00113255893906
103.0 -0.00119828067046
103.5 -0.00131320085266
104.0 -0.00129126576071
104.5 -0.00145010125431
105.0 -0.00164865657852
105.5 -0.00164255674061
106.0 -0.00187844220288
106.5 -0.00198863748173
107.0 -0.00215926328298
107.5 -0.00219123243536
108.0 -0.00220393121501
108.5 -0.00240544374122
109.0 -0.00275252413338
109.5 -0.00289907450717
110.0 -0.00243263846244
110.5 -0.00287109531482
111.0 -0.00307694761301
111.5 -0.00366238264342
112.0 -0.00372229506369
112.5 -0.00375388019248
113.0 -0.0039383770619
113.5 -0.00428738237858
114.0 -0.0040744172195
114.5 -0.00434134359043
115.0 -0.00438588904795
115.5 -0.00427604038811
116.0 -0.00472468267127
116.5 -0.00503436686263
117.0 -0.00516710677354
117.5 -0.0066907479121
118.0 -0.00518396251134
118.5 -0.00455269665689
119.0 -0.000633224306966
119.5 0.00668213334095
120.0 0.00547225643238
120.5 0.00454636480913
121.0 0.00247261800273
121.5 -0.0010403153519
122.0 -0.0020836191928
122.5 -0.00529414378012
123.0 -0.00445537234323
123.5 -0.00455261970832
124.0 -0.00502900947724
124.5 -0.00519008298195
125.0 -0.00541951505747
125.5 -0.00570388944273
126.0 -0.0049254709934
126.5 -0.0047442576743
127.0 -0.00559830213017
127.5 -0.0053002546845
128.0 -0.00468794571441
128.5 -0.00474168330888
129.0 -0.00435283203124
129.5 -0.00419237431322
130.0 -0.00430923437651
130.5 -0.00353308602176
131.0 -0.00351103988113
131.5 -0.00298295032395
132.0 -0.00338480088468
132.5 -0.00360434227396
133.0 -0.0031031184707
133.5 -0.00274095552001
134.0 -0.00265374574291
134.5 -0.0024331702161
135.0 -0.00229533127856
135.5 -0.00216792995253
136.0 -0.00218797442676
136.5 -0.00193204476455
137.0 -0.00189363177322
137.5 -0.00184732880593
138.0 -0.00144840412964
138.5 -0.00131668557848
139.0 -0.00142392946946
139.5 -0.00122914847621
140.0 -0.00100144379191
140.5 -0.000847126021583
141.0 -0.000557100975747
141.5 -0.000791347237502
142.0 -0.000678732674896
142.5 -0.000533724391229
143.0 -0.000252084433015
143.5 -0.000162778548555
144.0 -0.000311196908296
144.5 -0.00014079218063
145.0 -0.000103947009623
145.5 -5.52729802781e-05
146.0 3.05793958582e-05
146.5 0.000235762560457
147.0 0.000164105966626
147.5 0.000184569574327
148.0 0.000332093248883
148.5 0.00056294878187
149.0 0.000707446125103
149.5 0.000568625368836
150.0 0.000583023027776
150.5 0.000681424752795
151.0 0.000850241426892
151.5 0.00104761804982
152.0 0.000977175016417
152.5 0.000975105621897
153.0 0.0011711444705
153.5 0.00127699395103
154.0 0.00120645539993
154.5 0.00122182055163
155.0 0.00118999360132
155.5 0.00129683393799
156.0 0.00152163112015
156.5 0.00170380634386
157.0 0.00168620401974
157.5 0.00156258920956
158.0 0.00158734962286
158.5 0.00180821815147
159.0 0.00190701180675
159.5 0.0019992549426
160.0 0.00220848787594
160.5 0.00226124863567
161.0 0.00206852359423
161.5 0.00226111788445
162.0 0.00238075316259
162.5 0.00254046939429
163.0 0.00270957231967
163.5 0.00287336653695
164.0 0.0029957703839
164.5 0.00304188843965
165.0 0.00309489635475
165.5 0.00310968306695
166.0 0.00309784025776
166.5 0.00292855459003
167.0 0.00307403807768
167.5 0.0033821484277
168.0 0.00374779289069
168.5 0.00400915755719
169.0 0.00413985573915
169.5 0.00435343451088
170.0 0.00455560426096
170.5 0.00478653126073
171.0 0.00508254749356
171.5 0.00482963262171
172.0 0.00514783993533
172.5 0.00567950403602
173.0 0.0059924316387
173.5 0.00617626280172
174.0 0.00648604935076
174.5 0.00649939340973
175.0 0.00574658972158
175.5 0.00565706817952
176.0 0.0061721308065
176.5 0.00695387820939
177.0 0.00781081322123
177.5 0.00897122925478
178.0 0.00844680711239
178.5 0.00575079785922
179.0 0.000293477089471
179.5 -0.00269352990375
180.0 -0.00375787962714
180.5 -0.00621125288569
181.0 -0.00395303785078
181.5 -0.00141889716305
182.0 -0.00128783548256
182.5 -0.000434305020434
183.0 -3.81791450366e-05
183.5 0.000930770492332
184.0 0.000723185581208
184.5 0.000657311753002
185.0 0.000694269366107
185.5 0.00134617535716
186.0 0.00130321131273
186.5 0.0011595851834
187.0 0.00090829647749
187.5 0.00100488575907
188.0 0.000885312538955
188.5 0.000780443100496
189.0 0.000444180290728
189.5 0.0001687363456
190.0 -2.82965726228e-06
190.5 -0.000435722542647
191.0 -0.000664289062797
191.5 -0.000940538760844
192.0 -0.0011562601122
192.5 -0.001449656319
193.0 -0.00208358844553
193.5 -0.00241029204555
194.0 -0.00307092693329
194.5 -0.00367665754482
195.0 -0.00420962482654
195.5 -0.00626980554519
196.0 -0.00718629337909
196.5 -0.00826049044625
197.0 -0.0097714063037
197.5 -0.0108300722055
198.0 -0.0138174549185
198.5 -0.0190156811878
199.0 -0.0295533839651
199.5 -0.0457248476168
