0.0 0.00205363537141
0.5 0.0279548539233
1.0 0.0354661494817
1.5 0.0271103621192
2.0 0.021390752629
2.5 0.0166925631243
3.0 0.0133726461857
3.5 0.0103380937807
4.0 0.00763057236347
4.5 0.0050715735272
5.0 0.00251070063567
5.5 0.000318180094183
6.0 -0.00185573322005
6.5 -0.00391519194858
7.0 -0.00593783213223
7.5 -0.00793825671529
8.0 -0.00972976959865
8.5 -0.0115611906292
9.0 -0.0133525175428
9.5 -0.0151223280342
10.0 -0.0169125488628
10.5 -0.0186365043974
11.0 -0.0204243542396
11.5 -0.0221180009462
12.0 -0.0237781602759
12.5 -0.0254529263695
13.0 -0.0271167826985
13.5 -0.0287355532407
14.0 -0.0303777849791
14.5 -0.0319451801379
15.0 -0.0334795793716
15.5 -0.0350345648933
16.0 -0.0365534096298
16.5 -0.0380222419923
17.0 -0.0394887311169
17.5 -0.0409492954381
18.0 -0.0423557897404
18.5 -0.0437435654902
19.0 -0.0450954417232
19.5 -0.0464310552417
20.0 -0.0476965083854
20.5 -0.0489282175948
21.0 -0.050114819332
21.5 -0.0512410987974
22.0 -0.0523395757402
22.5 -0.053385896997
23.0 -0.0544002102244
23.5 -0.05536613795
24.0 -0.0562807436128
24.5 -0.0571248126964
25.0 -0.0578919194095
25.5 -0.0586010745691
26.0 -0.0592399260381
26.5 -0.059822026456
27.0 -0.0603548779087
27.5 -0.0607838718821
28.0 -0.0611548276099
28.5 -0.061475360129
29.0 -0.0617375968561
29.5 -0.0619099989824
30.0 -0.0619914601841
30.5 -0.0620198834001
31.0 -0.0619674172385
31.5 -0.0618299886032
32.0 -0.0616385155943
32.5 -0.061358340179
33.0 -0.0610204366281
33.5 -0.0606329989351
34.0 -0.060151924515
34.5 -0.0596380590663
35.0 -0.0590551982731
35.5 -0.0583878018776
36.0 -0.0576820299715
36.5 -0.0569166099564
37.0 -0.0560923194817
37.5 -0.0552320296099
38.0 -0.0543377407726
38.5 -0.0534052492655
39.0 -0.0524184976344
39.5 -0.051410465003
40.0 -0.0503816054432
40.5 -0.0493192372115
41.0 -0.0482396586081
41.5 -0.0471562864186
42.0 -0.046026128713
42.5 -0.0448852592839
43.0 -0.0437648750459
43.5 -0.0426309106134
44.0 -0.0414979066731
44.5 -0.0403402225024
45.0 -0.0392071869399
45.5 -0.0380672515813
46.0 -0.0369262806437
46.5 -0.0358082564163
47.0 -0.0347046381907
47.5 -0.0336035474994
48.0 -0.0325399385117
48.5 -0.0314684970771
49.0 -0.030402801667
49.5 -0.0293710361947
50.0 -0.0283394356433
50.5 -0.0273653266286
51.0 -0.0263765393064
51.5 -0.0254354352359
52.0 -0.0245067953074
52.5 -0.0235782481394
53.0 -0.0227061457869
53.5 -0.0218397622665
54.0 -0.020985133623
54.5 -0.0201615666047
55.0 -0.0193279751352
55.5 -0.0185301402225
56.0 -0.0177679080475
56.5 -0.017039702731
57.0 -0.0163174113216
57.5 -0.0156042909015
58.0 -0.0149464805637
58.5 -0.0142932858058
59.0 -0.0136438583994
59.5 -0.0130399136492
60.0 -0.0124401684279
60.5 -0.0118387920896
61.0 -0.0112805754994
61.5 -0.0107218692063
62.0 -0.0102181877372
62.5 -0.00971129240928
63.0 -0.00922831963997
63.5 -0.00876851657893
64.0 -0.0083272645466
64.5 -0.00790271135419
65.0 -0.00747128835463
65.5 -0.00707123824683
66.0 -0.00665582777087
66.5 -0.00627109809038
67.0 -0.00591056888333
67.5 -0.00559086167286
68.0 -0.00525472892807
68.5 -0.00493619917356
69.0 -0.00461312087717
69.5 -0.00434487668084
70.0 -0.00405710893594
70.5 -0.0037812566346
71.0 -0.00351375231541
71.5 -0.00326084335219
72.0 -0.00300732747627
72.5 -0.0027762006549
73.0 -0.00258450033226
73.5 -0.00237883955803
74.0 -0.00218720189394
74.5 -0.00202080589446
75.0 -0.00176412940965
75.5 -0.00162113822292
76.0 -0.00145460126644
76.5 -0.00128190523694
77.0 -0.00112523231737
77.5 -0.000988145929462
78.0 -0.000880360939529
78.5 -0.000732290422558
79.0 -0.000578953016378
79.5 -0.000508897182
80.0 -0.000385811751739
80.5 -0.000279847637687
81.0 -0.000162803699359
81.5 -9.19963727242e-05
82.0 1.57150630287e-07
82.5 8.32733263181e-05
83.0 0.000133781275192
83.5 0.000179736193079
84.0 0.000268681609317
84.5 0.000304027941553
85.0 0.000354937759308
85.5 0.000376826650136
86.0 0.000402047584725
86.5 0.000492180866861
87.0 0.000550771303359
87.5 0.000615116866161
88.0 0.000619817494918
88.5 0.000628887149603
89.0 0.000650789379854
89.5 0.000585221121934
90.0 0.000694398105441
90.5 0.000666973867389
91.0 0.000711666041671
91.5 0.00067436327274
92.0 0.000684501852049
92.5 0.00073111785051
93.0 0.00066504842458
93.5 0.000557369029544
94.0 0.000654704799718
94.5 0.000469586166943
95.0 0.000556874658471
95.5 0.000454305349681
96.0 0.000482439038361
96.5 0.000506546802214
97.0 0.000370955496944
97.5 0.000266789675969
98.0 0.000227657155989
98.5 0.000219210373626
99.0 0.000271602413974
99.5 0.000127346335812
100.0 6.24960941238e-05
100.5 8.88720327055e-05
101.0 3.99520074481e-05
101.5 3.21424868233e-05
102.0 -0.000119096654657
102.5 -0.000228773372811
103.0 -0.000259890768454
103.5 -0.000464766294648
104.0 -0.000633254650545
104.5 -0.000662100075111
105.0 -0.000719158094867
105.5 -0.00106549357215
106.0 -0.00104228230491
106.5 -0.00120943234024
107.0 -0.00120899340394
107.5 -0.0012975187716
108.0 -0.00154162241334
108.5 -0.00169123611089
109.0 -0.00167661490569
109.5 -0.00194679726277
110.0 -0.002251964819
110.5 -0.002209389231
111.0 -0.00253387694466
111.5 -0.00275690968457
112.0 -0.00300983061565
112.5 -0.00319621032521
113.0 -0.00325930789276
113.5 -0.00371816258938
114.0 -0.00379234406751
114.5 -0.00376125858195
115.0 -0.00402384280095
115.5 -0.00400140239972
116.0 -0.00445891640871
116.5 -0.00495049125507
117.0 -0.00583759976861
117.5 -0.00527459990634
118.0 -0.00450143006189
118.5 -0.00375683810327
119.0 -0.00177001727077
119.5 0.00680687471285
120.0 0.00996885391875
120.5 0.00806242213578
121.0 0.000639515865714
121.5 -0.00378255569574
122.0 -0.00664891141831
122.5 -0.00709531360729
123.0 -0.00553190123671
123.5 -0.00517385807012
124.0 -0.00455930711426
124.5 -0.0041232304243
125.0 -0.00600663060158
125.5 -0.00547806560671
126.0 -0.00440968599138
126.5 -0.00421511243256
127.0 -0.0050713324282
127.5 -0.00473735944546
128.0 -0.00423365670663
128.5 -0.00431934785676
129.0 -0.00368738255417
129.5 -0.00381414129344
130.0 -0.00315346899578
130.5 -0.00326782323931
131.0 -0.00321410516445
131.5 -0.00306396355263
132.0 -0.00272697577287
132.5 -0.00255036749434
133.0 -0.00222114199938
133.5 -0.00223484549474
134.0 -0.00250361446487
134.5 -0.00202519411219
135.0 -0.00209267263276
135.5 -0.00199777975492
136.0 -0.00156493660119
136.5 -0.0017377664831
137.0 -0.00151091104344
137.5 -0.00120739822659
138.0 -0.00105752389709
138.5 -0.00114509792553
139.0 -0.000993587080625
139.5 -0.000849626366808
140.0 -0.000746679509426
140.5 -0.000550161929656
141.0 -0.000229758869114
141.5 -0.000477405227581
142.0 -0.000392569571318
142.5 -0.000264495707397
143.0 -7.86209286421e-05
143.5 8.083043417e-05
144.0 0.000149595623048
144.5 6.66168027958e-05
145.0 0.000140054960705
145.5 0.000209503598885
146.0 0.000244154914775
146.5 0.000259514904196
147.0 0.000283617660046
147.5 0.000349745360844
148.0 0.000537648289406
148.5 0.000799540817753
149.0 0.000875165538946
149.5 0.000764433459557
150.0 0.00081545086357
150.5 0.000816595199784
151.0 0.000937504635305
151.5 0.00118395024094
152.0 0.00117708119027
152.5 0.0011495098724
153.0 0.001202039595
153.5 0.00124926673379
154.0 0.00128582702982
154.5 0.00129223689993
155.0 0.00126374506739
155.5 0.00141436903306
156.0 0.00171962566493
156.5 0.00166974029589
157.0 0.00163216674122
157.5 0.00153845951244
158.0 0.00158736161061
158.5 0.00182044364174
159.0 0.00191821863448
159.5 0.00201973507838
160.0 0.00214564681306
160.5 0.00188233477343
161.0 0.00211984666687
161.5 0.00230614948021
162.0 0.00243896104506
162.5 0.00262441895227
163.0 0.0027217123176
163.5 0.00275641231465
164.0 0.00277282707812
164.5 0.00281896399193
165.0 0.00300019369529
165.5 0.00300015257434
166.0 0.00295083864815
166.5 0.00319223139896
167.0 0.00318547500599
167.5 0.00346290216419
168.0 0.00370209137434
168.5 0.00367192485089
169.0 0.00352498213074
169.5 0.00385906789431
170.0 0.00416674394052
170.5 0.00442519724332
171.0 0.00454003547647
171.5 0.0047468216961
172.0 0.00478661042983
172.5 0.00506061527605
173.0 0.00527485257943
173.5 0.00550541064638
174.0 0.00541872666997
174.5 0.00488324617211
175.0 0.00534961708715
175.5 0.00505257939702
176.0 0.00549180589817
176.5 0.00623156265281
177.0 0.0060061919976
177.5 0.00747483610832
178.0 0.00441407224591
178.5 0.00416423144914
179.0 -0.00182120120937
179.5 -0.00300804884242
180.0 -0.000595551337909
180.5 -0.000632082054096
181.0 0.00106706255661
181.5 0.000951453449758
182.0 0.000751497603034
182.5 0.00166281433373
183.0 0.000646351808669
183.5 0.000743250864986
184.0 0.000752404998991
184.5 0.00140644532783
185.0 0.00127715623034
185.5 0.00107481301907
186.0 0.00119279814092
186.5 0.00115875064962
187.0 0.000885080664347
187.5 0.00089900736134
188.0 0.000718178686213
188.5 0.000541950646948
189.0 0.00015367614354
189.5 -0.000136786783273
190.0 -0.00034033045678
190.5 -0.000815004245013
191.0 -0.00106162515243
191.5 -0.00143661090523
192.0 -0.00189343679816
192.5 -0.00222105241434
193.0 -0.0027951923134
193.5 -0.00342395216499
194.0 -0.00416617494568
194.5 -0.00498324264052
195.0 -0.00597450649697
195.5 -0.00762655886311
196.0 -0.00905633736164
196.5 -0.0108958028946
197.0 -0.013341980484
197.5 -0.0157950106257
198.0 -0.0210876740343
198.5 -0.0285901144931
199.0 -0.0439194602784
199.5 -0.0700294643526
