0.0 -0.00149231244888
0.5 0.0120315326029
1.0 0.0151713070644
1.5 0.00967976792328
2.0 0.00523213717199
2.5 0.00147342577982
3.0 -0.00122823967024
3.5 -0.00398482605204
4.0 -0.00604783664487
4.5 -0.00817123994209
5.0 -0.0103166073843
5.5 -0.0122130764541
6.0 -0.0140665763092
6.5 -0.015807618776
7.0 -0.0174255853506
7.5 -0.01909332699
8.0 -0.020709670498
8.5 -0.0221801897194
9.0 -0.0236108535589
9.5 -0.0250285571767
10.0 -0.026433894911
10.5 -0.0277378013712
11.0 -0.0290293475894
11.5 -0.0302759738856
12.0 -0.0314972557808
12.5 -0.0326484517042
13.0 -0.0337548831637
13.5 -0.0348155521488
14.0 -0.0358383174735
14.5 -0.0367950129883
15.0 -0.0376858055602
15.5 -0.038555821002
16.0 -0.039359587624
16.5 -0.0400813363756
17.0 -0.0407948146292
17.5 -0.0414802784416
18.0 -0.0420640865964
18.5 -0.0426115708308
19.0 -0.0430797103903
19.5 -0.043543182902
20.0 -0.0439183244015
20.5 -0.0442503642973
21.0 -0.0445102576827
21.5 -0.0447363348929
22.0 -0.0449419011172
22.5 -0.0450691791039
23.0 -0.0451866334127
23.5 -0.0452364975323
24.0 -0.0452528428313
24.5 -0.0452360352861
25.0 -0.0451588154354
25.5 -0.045064566705
26.0 -0.0449108736513
26.5 -0.0447215739753
27.0 -0.0445196040713
27.5 -0.0442570726387
28.0 -0.0439848278763
28.5 -0.0437081780623
29.0 -0.0433691423293
29.5 -0.0430435612788
30.0 -0.0426609110678
30.5 -0.0422575773065
31.0 -0.0418567064398
31.5 -0.0414153752564
32.0 -0.0409501698224
32.5 -0.0404759628668
33.0 -0.0399893244403
33.5 -0.0394848584514
34.0 -0.0389658132543
34.5 -0.0384629797585
35.0 -0.0379307858991
35.5 -0.0373969310272
36.0 -0.036840175996
36.5 -0.0362686620767
37.0 -0.0356885226828
37.5 -0.0351080978609
38.0 -0.0345299959754
38.5 -0.0339218595762
39.0 -0.0333222725494
39.5 -0.0327335971169
40.0 -0.0321374842529
40.5 -0.0315357525301
41.0 -0.0309241604017
41.5 -0.0303266879881
42.0 -0.0297290573132
42.5 -0.0291217583431
43.0 -0.028509602898
43.5 -0.0279048451251
44.0 -0.0273104112785
44.5 -0.0266934625093
45.0 -0.0261040466397
45.5 -0.0255074398424
46.0 -0.0249124253371
46.5 -0.024345425947
47.0 -0.0237733001195
47.5 -0.0231975980363
48.0 -0.0226460995757
48.5 -0.0220740066465
49.0 -0.0215182397533
49.5 -0.0209711271754
50.0 -0.0204030971243
50.5 -0.0198784364454
51.0 -0.0193541624091
51.5 -0.0188345728316
52.0 -0.0183329745929
52.5 -0.0178209458328
53.0 -0.0173396911439
53.5 -0.0168516861396
54.0 -0.0163629629818
54.5 -0.0158912936419
55.0 -0.0154126869981
55.5 -0.014935517761
56.0 -0.0145125401399
56.5 -0.0140574060307
57.0 -0.0136333854365
57.5 -0.0132175594389
58.0 -0.0128103480727
58.5 -0.01241280995
59.0 -0.0120098698727
59.5 -0.0116200895099
60.0 -0.0112373841767
60.5 -0.0108701060535
61.0 -0.0104868400145
61.5 -0.0101262113107
62.0 -0.00979809864859
62.5 -0.00945336716016
63.0 -0.00914265644943
63.5 -0.0088223616576
64.0 -0.0084978609425
64.5 -0.00820955434792
65.0 -0.00792026808863
65.5 -0.00757514164007
66.0 -0.00729258153095
66.5 -0.00703733740856
67.0 -0.00675541350932
67.5 -0.00651690026826
68.0 -0.00625151323846
68.5 -0.00601310772623
69.0 -0.00580786902353
69.5 -0.0055929202089
70.0 -0.00537363856665
70.5 -0.00516783306173
71.0 -0.00496046908206
71.5 -0.00474714698056
72.0 -0.00449938180068
72.5 -0.00429285244751
73.0 -0.00417204025583
73.5 -0.00400418488356
74.0 -0.00378721839512
74.5 -0.00365723472787
75.0 -0.00351004251509
75.5 -0.00336785940673
76.0 -0.00323141975693
76.5 -0.00304616824348
77.0 -0.00286872498952
77.5 -0.00273568413189
78.0 -0.00261988028569
78.5 -0.00252352995115
79.0 -0.002447223972
79.5 -0.00227366131806
80.0 -0.00220172791478
80.5 -0.00214977133653
81.0 -0.00208019839616
81.5 -0.001959882591
82.0 -0.00186488828339
82.5 -0.00177055177045
83.0 -0.0016431811633
83.5 -0.00161536661329
84.0 -0.0016130754426
84.5 -0.00150815880846
85.0 -0.00136215584239
85.5 -0.00135718677959
86.0 -0.00133839118977
86.5 -0.00128171535695
87.0 -0.00123963269322
87.5 -0.00115200557234
88.0 -0.00112368868183
88.5 -0.00112174252529
89.0 -0.00106346957822
89.5 -0.00111011408305
90.0 -0.00109276768115
90.5 -0.00101730684623
91.0 -0.00102216479826
91.5 -0.00106115520413
92.0 -0.00113858141411
92.5 -0.00105764561805
93.0 -0.000972364130131
93.5 -0.000990480374142
94.0 -0.000863903565161
94.5 -0.000751955203281
95.0 -0.000945047972305
95.5 -0.000938045960506
96.0 -0.00101487415725
96.5 -0.00100682807453
97.0 -0.00106711093684
97.5 -0.00114792675139
98.0 -0.00118306322173
98.5 -0.00118735545878
99.0 -0.00120461208014
99.5 -0.00127121107255
100.0 -0.00137531921025
100.5 -0.00119613548659
101.0 -0.00133310064649
101.5 -0.00146693906424
102.0 -0.00154083730523
102.5 -0.00152525360787
103.0 -0.00161773760937
103.5 -0.00190214250394
104.0 -0.00191486937663
104.5 -0.0020032534924
105.0 -0.00213616583564
105.5 -0.00225126693685
106.0 -0.00239733117314
106.5 -0.00250963055463
107.0 -0.00251241752873
107.5 -0.00265823890292
108.0 -0.0028032187696
108.5 -0.00293694648158
109.0 -0.00308724543257
109.5 -0.00275998796516
110.0 -0.00316102647027
110.5 -0.00347232461153
111.0 -0.00381624766699
111.5 -0.00415944089073
112.0 -0.00424537345968
112.5 -0.00458775294207
113.0 -0.00453161984322
113.5 -0.00450799946995
114.0 -0.00475757476042
114.5 -0.00480972098059
115.0 -0.00503581902927
115.5 -0.00497698730892
116.0 -0.00522953051124
116.5 -0.00544888597923
117.0 -0.00550845930645
117.5 -0.00639774298463
118.0 -0.00430605115729
118.5 -0.00337605947207
119.0 -0.00127154251683
119.5 0.00565184449322
120.0 0.0070364738213
120.5 0.00608805132191
121.0 0.00175385876645
121.5 -0.00264399906136
122.0 -0.00587105315428
122.5 -0.00572498011809
123.0 -0.00476890986431
123.5 -0.00399652023694
124.0 -0.00440479637857
124.5 -0.00426679271266
125.0 -0.0042297141575
125.5 -0.00449374191682
126.0 -0.0038457015485
126.5 -0.00506409648442
127.0 -0.00503585887935
127.5 -0.00449643425949
128.0 -0.00448995463729
128.5 -0.00448022247593
129.0 -0.00350875255595
129.5 -0.00344370568997
130.0 -0.00319620347765
130.5 -0.00339996448041
131.0 -0.00334425110472
131.5 -0.00301301293223
132.0 -0.0029394860987
132.5 -0.0027573607472
133.0 -0.00237581742574
133.5 -0.00220607867278
134.0 -0.00239658536526
134.5 -0.00214287022968
135.0 -0.00197642805956
135.5 -0.00176969574461
136.0 -0.00163856209944
136.5 -0.00134396589275
137.0 -0.00141137776044
137.5 -0.00153923951341
138.0 -0.00132703055992
138.5 -0.00120492875836
139.0 -0.00103846040966
139.5 -0.000931386412692
140.0 -0.00077151165603
140.5 -0.00053101976134
141.0 -0.000688305711435
141.5 -0.000676358364352
142.0 -0.000510076027016
142.5 -0.000491545489103
143.0 -0.000399078495473
143.5 -0.000362829025784
144.0 -0.000378436829088
144.5 -0.000258230291143
145.0 -0.000165620704785
145.5 -9.76674598832e-05
146.0 -3.30095813084e-05
146.5 1.61865899919e-05
147.0 8.40393316217e-05
147.5 0.000151479587267
148.0 0.000248712703018
148.5 0.000384031634619
149.0 0.000481426396749
149.5 0.000570355070181
150.0 0.000378439145503
150.5 0.000457743428779
151.0 0.000595882986682
151.5 0.000711947238303
152.0 0.000878912126976
152.5 0.000837969775114
153.0 0.000777937906227
153.5 0.000754608939539
154.0 0.00074031454885
154.5 0.000859204225623
155.0 0.000977418399049
155.5 0.00105252116328
156.0 0.00121399922309
156.5 0.00137031485734
157.0 0.0013570083436
157.5 0.00130203186122
158.0 0.00119964282889
158.5 0.00128547107188
159.0 0.00148929233114
159.5 0.00162884473627
160.0 0.00175857728612
160.5 0.0017186739955
161.0 0.00172002115026
161.5 0.00176603679576
162.0 0.00180265781707
162.5 0.00193381955045
163.0 0.0020184797248
163.5 0.00206169031411
164.0 0.0020240845847
164.5 0.00192387219546
165.0 0.00224616944777
165.5 0.00244366628946
166.0 0.00246092061749
166.5 0.00252527000853
167.0 0.00255670999778
167.5 0.00276958483227
168.0 0.0029532850281
168.5 0.00309294196069
169.0 0.00315024528881
169.5 0.00326012277174
170.0 0.00340706769008
170.5 0.00292137349082
171.0 0.00328956342555
171.5 0.00364820786029
172.0 0.0037759502856
172.5 0.00410510710317
173.0 0.00442266255153
173.5 0.00473019485551
174.0 0.00481985835327
174.5 0.00483709110392
175.0 0.00497836199672
175.5 0.00360343284719
176.0 0.00431255077585
176.5 0.0050724954569
177.0 0.00558645110401
177.5 0.00641618657636
178.0 0.00592393568449
178.5 0.00280739301489
179.0 -0.00416189482274
179.5 -0.00586859886428
180.0 -0.00472493104473
180.5 -0.00631771270498
181.0 -0.00439200015425
181.5 -0.00192237865261
182.0 -0.00046832233312
182.5 0.000103719201917
183.0 0.00113567208317
183.5 0.00166690244941
184.0 0.00148611669697
184.5 0.00149679168798
185.0 0.00215946182759
185.5 0.00162081780341
186.0 0.00155002294976
186.5 0.00125476422009
187.0 0.00150832957053
187.5 0.0012516342227
188.0 0.00079787217328
188.5 0.000550067542022
189.0 0.000223047479139
189.5 -0.0001343396452
190.0 -0.00047120505586
190.5 -0.000775580723143
191.0 -0.00110204118064
191.5 -0.00158080815828
192.0 -0.00201149603491
192.5 -0.00237382628376
193.0 -0.00311943289942
193.5 -0.00365791257036
194.0 -0.00443525515594
194.5 -0.00527221542228
195.0 -0.00627644688073
195.5 -0.00791355494643
196.0 -0.00928580706552
196.5 -0.0109487165801
197.0 -0.0127618430944
197.5 -0.0160121226361
198.0 -0.0221472685672
198.5 -0.029269415042
199.0 -0.0444022798162
199.5 -0.0698928879625
