0.0 0.00175681405133
0.5 0.026601764064
1.0 0.0354865211597
1.5 0.0268507141061
2.0 0.0215219625189
2.5 0.0166069222023
3.0 0.0130526739779
3.5 0.00986672870478
4.0 0.00696821790643
4.5 0.00433584107663
5.0 0.00149644013585
5.5 -0.000756225785224
6.0 -0.00299015376921
6.5 -0.00512753301266
7.0 -0.00715227537254
7.5 -0.00923924516716
8.0 -0.0111902572258
8.5 -0.0131215452867
9.0 -0.0149887644881
9.5 -0.0169438608485
10.0 -0.018782696848
10.5 -0.020549100782
11.0 -0.0223329829692
11.5 -0.0241006786462
12.0 -0.0257928877809
12.5 -0.0275179377156
13.0 -0.0292415412361
13.5 -0.0308724574902
14.0 -0.0325012393786
14.5 -0.0341046508016
15.0 -0.0356703379098
15.5 -0.0372533061863
16.0 -0.038749951818
16.5 -0.0402282320176
17.0 -0.041690041261
17.5 -0.0431321169941
18.0 -0.0445521005746
18.5 -0.0459133580433
19.0 -0.0472422296218
19.5 -0.0485407040845
20.0 -0.0497777690236
20.5 -0.0509784690401
21.0 -0.0521331713813
21.5 -0.0532565875057
22.0 -0.0543417211357
22.5 -0.0553379435113
23.0 -0.0563252127842
23.5 -0.057266671584
24.0 -0.0581547168669
24.5 -0.0589712402623
25.0 -0.0597088880019
25.5 -0.0603905520919
26.0 -0.0610053629488
26.5 -0.0615629430791
27.0 -0.0620756876019
27.5 -0.0625077491303
28.0 -0.0628701797918
28.5 -0.0631895222074
29.0 -0.0634482157453
29.5 -0.0636214984999
30.0 -0.0636992712922
30.5 -0.0637189307423
31.0 -0.0636815451501
31.5 -0.0635542567338
32.0 -0.0633517602347
32.5 -0.0630912116593
33.0 -0.0627606980386
33.5 -0.06237772249
34.0 -0.0619006139812
34.5 -0.0614016918998
35.0 -0.0608282987519
35.5 -0.0601719673229
36.0 -0.0594732738034
36.5 -0.0587105725245
37.0 -0.0578840977423
37.5 -0.0570285197648
38.0 -0.0561402353843
38.5 -0.0552005448971
39.0 -0.0542135404559
39.5 -0.0531961361935
40.0 -0.0521465265531
40.5 -0.0510685414397
41.0 -0.049958211388
41.5 -0.0488372533036
42.0 -0.0476946006918
42.5 -0.0465378379441
43.0 -0.0453694031803
43.5 -0.0441821079521
44.0 -0.0430036431209
44.5 -0.0418334792442
45.0 -0.0406322153582
45.5 -0.0394695801939
46.0 -0.0383052564257
46.5 -0.0371352253713
47.0 -0.0359888040301
47.5 -0.0348354394347
48.0 -0.0337061373253
48.5 -0.0325800066969
49.0 -0.0314781212756
49.5 -0.0304086579907
50.0 -0.0293065981092
50.5 -0.0282648407553
51.0 -0.0272506345998
51.5 -0.0262387182949
52.0 -0.0252655026285
52.5 -0.0242952920748
53.0 -0.0233699730967
53.5 -0.0224668757593
54.0 -0.0215797943303
54.5 -0.0207090216284
55.0 -0.0198547810364
55.5 -0.0190262762247
56.0 -0.0182275228517
56.5 -0.0174370399417
57.0 -0.0166873735579
57.5 -0.0159473136826
58.0 -0.0152569574585
58.5 -0.0145723313476
59.0 -0.0138913445989
59.5 -0.0132622366289
60.0 -0.0126394240008
60.5 -0.0120233278688
61.0 -0.0114564658535
61.5 -0.0108719993307
62.0 -0.010332019795
62.5 -0.00981892358917
63.0 -0.00929926918209
63.5 -0.00882128133902
64.0 -0.00835532390866
64.5 -0.00793004674656
65.0 -0.00745727314167
65.5 -0.00703689163299
66.0 -0.00662764500958
66.5 -0.00624438210381
67.0 -0.0058744049628
67.5 -0.00552480757779
68.0 -0.00517185349845
68.5 -0.00482475548372
69.0 -0.0045489005107
69.5 -0.00424705577088
70.0 -0.0039438707783
70.5 -0.00368381862366
71.0 -0.00336838406437
71.5 -0.00309295887204
72.0 -0.0028496851173
72.5 -0.00262916642112
73.0 -0.00244761600243
73.5 -0.00221975445779
74.0 -0.00203607144727
74.5 -0.00183958098792
75.0 -0.00163441676745
75.5 -0.00146226801242
76.0 -0.00129218918023
76.5 -0.00112211400563
77.0 -0.000960521537555
77.5 -0.000803365680259
78.0 -0.000687123785942
78.5 -0.000594823722295
79.0 -0.000493688118896
79.5 -0.000303993445042
80.0 -0.000219119870648
80.5 -0.000137965977592
81.0 -2.48643355274e-05
81.5 5.23463475517e-05
82.0 0.00014607213874
82.5 0.000203284156811
83.0 0.000284450714496
83.5 0.000406162322644
84.0 0.000449599955651
84.5 0.000465358756976
85.0 0.000552038736
85.5 0.000543743946732
86.0 0.000541472343073
86.5 0.000625711519795
87.0 0.000698109343851
87.5 0.000737406701674
88.0 0.000734867859695
88.5 0.00075418519744
89.0 0.000767897600717
89.5 0.00071988873659
90.0 0.000751523694284
90.5 0.000730255316931
91.0 0.000715470931318
91.5 0.000770318404474
92.0 0.00066987458214
92.5 0.00068175548288
93.0 0.000735863466627
93.5 0.000693026284797
94.0 0.00078348397825
94.5 0.000776692671607
95.0 0.000720854773508
95.5 0.000571809351857
96.0 0.000445708461466
96.5 0.000478654457087
97.0 0.000331634937918
97.5 0.000337784292988
98.0 0.000413002782182
98.5 0.000294959419936
99.0 0.000178098540815
99.5 0.000188207350039
100.0 5.24663216481e-05
100.5 2.35119366181e-05
101.0 -4.197487835e-05
101.5 -0.000121872375587
102.0 -0.000270107083651
102.5 -0.000423872536132
103.0 -0.000479561339425
103.5 -0.000606995070456
104.0 -0.000741564243903
104.5 -0.000847557691444
105.0 -0.000797054828539
105.5 -0.000948725821132
106.0 -0.000934934997112
106.5 -0.00112056878068
107.0 -0.00117356545032
107.5 -0.00142174230249
108.0 -0.00164010294017
108.5 -0.00180750388401
109.0 -0.00221930467231
109.5 -0.00218733442679
110.0 -0.00244047765118
110.5 -0.00246515887572
111.0 -0.00243176964021
111.5 -0.00291809309795
112.0 -0.00305132189816
112.5 -0.00324939386317
113.0 -0.0035105659079
113.5 -0.00385020729546
114.0 -0.00371085195016
114.5 -0.00417081388156
115.0 -0.00458229092058
115.5 -0.00338140456518
116.0 -0.00441873014972
116.5 -0.00483075039537
117.0 -0.00579693964049
117.5 -0.00509087489777
118.0 -0.00396934987883
118.5 -0.00235119958744
119.0 0.000346484553219
119.5 0.00768965840906
120.0 0.00796795890226
120.5 0.00382691155394
121.0 -0.00116218663649
121.5 -0.00694192950476
122.0 -0.0102187374892
122.5 -0.0098517915083
123.0 -0.00952936291836
123.5 -0.00861240166316
124.0 -0.00797729073693
124.5 -0.00744973154229
125.0 -0.00554287099189
125.5 -0.00637137687521
126.0 -0.00579929491626
126.5 -0.00614064532981
127.0 -0.00543901534832
127.5 -0.00479501845388
128.0 -0.00453145805203
128.5 -0.00453519338423
129.0 -0.00438348912093
129.5 -0.00419577497333
130.0 -0.0035009504636
130.5 -0.00361614914599
131.0 -0.00377521274359
131.5 -0.00315740822069
132.0 -0.00301060706987
132.5 -0.00292853191849
133.0 -0.0028540729531
133.5 -0.00265310082944
134.0 -0.00228819086052
134.5 -0.00232247818258
135.0 -0.00268552727404
135.5 -0.00213845721632
136.0 -0.00169076285954
136.5 -0.00185305357607
137.0 -0.00165725938757
137.5 -0.00143831117708
138.0 -0.00128596436334
138.5 -0.00136946830883
139.0 -0.00111844378254
139.5 -0.000823209898268
140.0 -0.00103176444472
140.5 -0.000863072583169
141.0 -0.00067874377805
141.5 -0.000637318637196
142.0 -0.000320664834785
142.5 -0.000362181295412
143.0 -0.000376929532298
143.5 -0.000289560862873
144.0 -0.000211636727382
144.5 1.09566017645e-05
145.0 7.91179745461e-05
145.5 0.000185870944328
146.0 0.00037288393812
146.5 0.000200254062964
147.0 0.000232242249161
147.5 0.000443699208547
148.0 0.000457471387503
148.5 0.00044054093328
149.0 0.000621648266147
149.5 0.000760531614223
150.0 0.000895525269716
150.5 0.00110730171038
151.0 0.00101100744696
151.5 0.00104404770857
152.0 0.00109430927348
152.5 0.0011106633676
153.0 0.00112304278309
153.5 0.00117056108153
154.0 0.00131089621556
154.5 0.00147958435875
155.0 0.00162907028013
155.5 0.00148231419606
156.0 0.00160159376336
156.5 0.00175803908334
157.0 0.00196854444019
157.5 0.00196729091088
158.0 0.00182787973
158.5 0.00188630475309
159.0 0.00202072868347
159.5 0.00208842989943
160.0 0.00223728280913
160.5 0.00234960576852
161.0 0.00244097085551
161.5 0.00255897195762
162.0 0.00268685945295
162.5 0.0028990123103
163.0 0.0030709049842
163.5 0.00311425644245
164.0 0.00300887398148
164.5 0.0028954284742
165.0 0.00323841168356
165.5 0.0034825855888
166.0 0.00354879624141
166.5 0.00366318254012
167.0 0.00374773576182
167.5 0.00403779489399
168.0 0.00406472697509
168.5 0.00417056001481
169.0 0.00450612554318
169.5 0.0046646816388
170.0 0.00477486462457
170.5 0.00431703431558
171.0 0.00491753221898
171.5 0.00521656754272
172.0 0.0054250936634
172.5 0.00525559546449
173.0 0.00530838273032
173.5 0.00571679495783
174.0 0.00587770381509
174.5 0.00595916604591
175.0 0.00622501791629
175.5 0.00593666820433
176.0 0.00495018985157
176.5 0.0057622087535
177.0 0.00602281704803
177.5 0.00550805792831
178.0 0.00517170214184
178.5 0.0034650444405
179.0 -0.000940922362119
179.5 -0.00133852197231
180.0 -0.000601295303639
180.5 -0.00302140639199
181.0 -0.00170792859871
181.5 0.00048254683351
182.0 0.00173618762676
182.5 0.00292957653431
183.0 0.00297886495576
183.5 0.00335358151561
184.0 0.00300503559539
184.5 0.00267806650119
185.0 0.00249741512683
185.5 0.00222850240294
186.0 0.00227559511029
186.5 0.00216809286698
187.0 0.00198526339244
187.5 0.00173535094862
188.0 0.00144684942182
188.5 0.0013592787743
189.0 0.000982018916631
189.5 0.000627454104077
190.0 0.000302778288543
190.5 -5.21998305203e-06
191.0 -0.000332005880566
191.5 -0.00078329064641
192.0 -0.00115709024473
192.5 -0.00148385683538
193.0 -0.00219020686386
193.5 -0.00266283139648
194.0 -0.00351590010801
194.5 -0.00443283144342
195.0 -0.00529515060265
195.5 -0.00690775141229
196.0 -0.00796700572275
196.5 -0.0105260588563
197.0 -0.012911916895
197.5 -0.0150144657789
198.0 -0.0204144471406
198.5 -0.0280796957974
199.0 -0.0434326737377
199.5 -0.0690534748981
