0.0 0.000749284634162
0.5 0.0248524903097
1.0 0.0301961426073
1.5 0.0224443411785
2.0 0.0169858469861
2.5 0.0122889677983
3.0 0.00894188528848
3.5 0.00590778449226
4.0 0.00315238623089
4.5 0.000623132758619
5.0 -0.00177470298626
5.5 -0.0040965853349
6.0 -0.00617477565191
6.5 -0.00810820483174
7.0 -0.00995369019196
7.5 -0.0118145637874
8.0 -0.0135512843052
8.5 -0.015298480902
9.0 -0.0169723919063
9.5 -0.0186441837048
10.0 -0.0203009182432
10.5 -0.0218398061574
11.0 -0.0234424303829
11.5 -0.024989183619
12.0 -0.0264345430716
12.5 -0.0278969116285
13.0 -0.029342581313
13.5 -0.0307287262774
14.0 -0.0321087246448
14.5 -0.0334394289193
15.0 -0.0347198973224
15.5 -0.0359988952626
16.0 -0.0372232427482
16.5 -0.0384072708953
17.0 -0.0395797197823
17.5 -0.0407337999594
18.0 -0.0418400187764
18.5 -0.0429089210071
19.0 -0.04394464738
19.5 -0.0449542227053
20.0 -0.0459011539289
20.5 -0.0468130144109
21.0 -0.0476800945154
21.5 -0.0485178122518
22.0 -0.0493296733477
22.5 -0.0500624498886
23.0 -0.0507784725068
23.5 -0.0514545011599
24.0 -0.0520931798459
24.5 -0.0526692148094
25.0 -0.0531819477828
25.5 -0.0536628352311
26.0 -0.0540989722127
26.5 -0.0544772693554
27.0 -0.0548119709709
27.5 -0.0550852834917
28.0 -0.05532015856
28.5 -0.0555313731112
29.0 -0.0556563488906
29.5 -0.0557648839051
30.0 -0.0557809908549
30.5 -0.0557535036314
31.0 -0.0556913552723
31.5 -0.0555599379345
32.0 -0.0553760985459
32.5 -0.0551586248965
33.0 -0.0548915559749
33.5 -0.054549179567
34.0 -0.054183868503
34.5 -0.0538001090306
35.0 -0.0533450683087
35.5 -0.0528344684743
36.0 -0.0522834795566
36.5 -0.0516938500724
37.0 -0.0510675058168
37.5 -0.0504085958964
38.0 -0.0497183735126
38.5 -0.0489909745052
39.0 -0.0482266485756
39.5 -0.0474388065135
40.0 -0.0466371799833
40.5 -0.0457871043686
41.0 -0.0449186909877
41.5 -0.044043730014
42.0 -0.043146722324
42.5 -0.0422303650883
43.0 -0.0413028219452
43.5 -0.0403709251724
44.0 -0.0394391803936
44.5 -0.0384740634223
45.0 -0.0375247088274
45.5 -0.0365610189657
46.0 -0.0355896193541
46.5 -0.0346491789821
47.0 -0.0336974555906
47.5 -0.0327322300771
48.0 -0.03179614052
48.5 -0.0308536562749
49.0 -0.0299290351253
49.5 -0.0290136501985
50.0 -0.0280802171367
50.5 -0.0271880340767
51.0 -0.0263078643161
51.5 -0.0254583424433
52.0 -0.0246120620095
52.5 -0.0237559001365
53.0 -0.0229406107085
53.5 -0.0221354656762
54.0 -0.0213454816934
54.5 -0.0205796591029
55.0 -0.019807308345
55.5 -0.0190673522237
56.0 -0.0183593389457
56.5 -0.0176326308076
57.0 -0.0169571240529
57.5 -0.0162951771248
58.0 -0.0156476358445
58.5 -0.0150129659963
59.0 -0.01436991906
59.5 -0.0137792384082
60.0 -0.0131916721952
60.5 -0.0126342049723
61.0 -0.0120653168219
61.5 -0.0115298691372
62.0 -0.0110205294525
62.5 -0.0105230632543
63.0 -0.0100558869689
63.5 -0.00961404430358
64.0 -0.00914777711096
64.5 -0.00872083454054
65.0 -0.00829749023551
65.5 -0.00788517727903
66.0 -0.00744342747053
66.5 -0.00706064530783
67.0 -0.00672726072853
67.5 -0.00636708581446
68.0 -0.00599586437638
68.5 -0.00568712831732
69.0 -0.00540120198224
69.5 -0.00510694589719
70.0 -0.00473767733541
70.5 -0.00445173278325
71.0 -0.00421634410302
71.5 -0.00394086545461
72.0 -0.00368947518179
72.5 -0.00342803460726
73.0 -0.00319197878551
73.5 -0.00300573747263
74.0 -0.00282365424137
74.5 -0.00258329938539
75.0 -0.00243023187777
75.5 -0.0022451514439
76.0 -0.00205220867523
76.5 -0.00189948242025
77.0 -0.00167291741913
77.5 -0.00147949542205
78.0 -0.00135720954501
78.5 -0.00122143390528
79.0 -0.0011418211179
79.5 -0.00109348340707
80.0 -0.000870877346857
80.5 -0.000798082260305
81.0 -0.00067715051785
81.5 -0.000589024981565
82.0 -0.000483883996822
82.5 -0.000408517426045
83.0 -0.000315273679849
83.5 -0.000182967752615
84.0 -0.000131291143258
84.5 -5.22445548619e-05
85.0 -4.82953919274e-05
85.5 4.07430548321e-05
86.0 2.88667915989e-05
86.5 2.87497340672e-05
87.0 0.000133429712825
87.5 0.000257617756372
88.0 0.000272612390891
88.5 0.00031011810179
89.0 0.000362505299776
89.5 0.000288221719927
90.0 0.000278753682082
90.5 0.000349355551545
91.0 0.000341347986211
91.5 0.00034367679892
92.0 0.000368720392789
92.5 0.000425944112621
93.0 0.000409062172594
93.5 0.000363299992721
94.0 0.00051030137524
94.5 0.000457965184346
95.0 0.000443730754924
95.5 0.000374589078024
96.0 0.000248788102109
96.5 0.000278267260985
97.0 0.000260063718802
97.5 0.000255629913102
98.0 0.000226874558464
98.5 0.000116941769807
99.0 8.23292674994e-05
99.5 7.72562015072e-06
100.0 -3.8306802459e-05
100.5 -0.000144765623617
101.0 -8.03446692856e-05
101.5 -0.000293901141525
102.0 -0.000314376737485
102.5 -0.000417310906734
103.0 -0.000492323591558
103.5 -0.000496062324082
104.0 -0.000544399019667
104.5 -0.000697863818104
105.0 -0.000836608533014
105.5 -0.00104968788255
106.0 -0.00102278799213
106.5 -0.00135726215545
107.0 -0.00145553828872
107.5 -0.00140152513438
108.0 -0.00149950941189
108.5 -0.00174513292976
109.0 -0.00186727634291
109.5 -0.001742526591
110.0 -0.00216837306682
110.5 -0.00241050164399
111.0 -0.002450793225
111.5 -0.0029073382678
112.0 -0.00259561281096
112.5 -0.00273983313636
113.0 -0.00316280677434
113.5 -0.00361258740175
114.0 -0.00367661119584
114.5 -0.00397763081313
115.0 -0.00383660983533
115.5 -0.00365181964884
116.0 -0.00418738089954
116.5 -0.00351756643933
117.0 -0.00342063614896
117.5 -0.00303465182277
118.0 -0.00264983437739
118.5 -0.000896251960469
119.0 0.00213939493628
119.5 0.00918467714287
120.0 0.00910375750503
120.5 0.00545965815164
121.0 0.000767053477844
121.5 -0.00446829251906
122.0 -0.00753613765025
122.5 -0.00818486621479
123.0 -0.00609026048299
123.5 -0.00557099871202
124.0 -0.00575770617685
124.5 -0.00602721804118
125.0 -0.00522589133121
125.5 -0.00639032384628
126.0 -0.00611453933956
126.5 -0.00581753847386
127.0 -0.00548649559931
127.5 -0.00515918262512
128.0 -0.00504337074645
128.5 -0.00486963726087
129.0 -0.00413756185328
129.5 -0.00421905715162
130.0 -0.00397654828287
130.5 -0.00395488402299
131.0 -0.00342360723766
131.5 -0.00318823616086
132.0 -0.00322233927022
132.5 -0.0031350676766
133.0 -0.0029072356101
133.5 -0.00276964001667
134.0 -0.00264685155649
134.5 -0.0025544776996
135.0 -0.00262023920769
135.5 -0.00238541552567
136.0 -0.00215904681421
136.5 -0.00193700835533
137.0 -0.00169340608042
137.5 -0.00165590090392
138.0 -0.00144870160064
138.5 -0.0013317796991
139.0 -0.0012014803426
139.5 -0.00103564008346
140.0 -0.000834864340256
140.5 -0.00108639930039
141.0 -0.000886867060313
141.5 -0.000840274836513
142.0 -0.000541340694316
142.5 -0.000611467124482
143.0 -0.000627841942135
143.5 -0.000535884845654
144.0 -0.000498944295284
144.5 -0.000264376352076
145.0 -0.000157908691601
145.5 4.94520126519e-05
146.0 -0.000131254191473
146.5 -0.000110646352104
147.0 -5.11998241022e-05
147.5 -2.6003895417e-05
148.0 4.64843062975e-05
148.5 0.000209944205151
149.0 0.000366661478211
149.5 0.000508286458841
150.0 0.000365339539892
150.5 0.000391422662894
151.0 0.000371853982848
151.5 0.000431011798603
152.0 0.00053729846096
152.5 0.000607844620379
153.0 0.000685967360655
153.5 0.000757555746389
154.0 0.000822556698363
154.5 0.000874995893874
155.0 0.000914705377882
155.5 0.000968557459103
156.0 0.00108277000136
156.5 0.0011297927487
157.0 0.0012209924469
157.5 0.00133738061352
158.0 0.00142722782546
158.5 0.0015007450859
159.0 0.00141776706788
159.5 0.00133200093854
160.0 0.00128205954292
160.5 0.00151673307789
161.0 0.00166031260628
161.5 0.00150338909234
162.0 0.00169189739383
162.5 0.00190704357167
163.0 0.00199286686156
163.5 0.00200704117817
164.0 0.00199351776097
164.5 0.00195712012113
165.0 0.00188558986998
165.5 0.00206529311573
166.0 0.00207193095262
166.5 0.00233062148547
167.0 0.00248480050833
167.5 0.00276723739743
168.0 0.00290096274837
168.5 0.00299409018839
169.0 0.00292535663188
169.5 0.00272781852428
170.0 0.00310087439703
170.5 0.00332775622513
171.0 0.0034781135289
171.5 0.00373280396806
172.0 0.0033822920839
172.5 0.00378259565711
173.0 0.00425931556974
173.5 0.00408780417459
174.0 0.00371754213593
174.5 0.00393076555808
175.0 0.003960644214
175.5 0.00315526336229
176.0 0.00284166795393
176.5 0.00283089497145
177.0 0.00300917332325
177.5 0.0040179085029
178.0 0.00145947985642
178.5 -0.000907174241306
179.0 -0.0044706354342
179.5 -0.00394301674035
180.0 -0.000917691558598
180.5 -0.000379937339488
181.0 0.00241700048829
181.5 0.00218376026137
182.0 0.0023650177816
182.5 0.0030642499202
183.0 0.00322949567756
183.5 0.00292850407277
184.0 0.00251588275506
184.5 0.00243344523862
185.0 0.00237487535649
185.5 0.00190820077374
186.0 0.00254736349423
186.5 0.00218125140742
187.0 0.00186930029354
187.5 0.00157896703597
188.0 0.00116986652807
188.5 0.00106416455928
189.0 0.000907433680041
189.5 0.000471470101473
190.0 8.90744610302e-05
190.5 -0.0002486206903
191.0 -0.000601723069138
191.5 -0.00107585706687
192.0 -0.00147729633825
192.5 -0.00180872436366
193.0 -0.00250968131708
193.5 -0.0029671948313
194.0 -0.00378206202703
194.5 -0.00459134139521
195.0 -0.00537375147925
195.5 -0.00758501169521
196.0 -0.00878150506287
196.5 -0.00989013629524
197.0 -0.0128987631708
197.5 -0.0154240523619
198.0 -0.0205837511699
198.5 -0.0278810763074
199.0 -0.042864896157
199.5 -0.0669954703692
