0.0 0.000645701955497
0.5 0.0151065566209
1.0 0.0201387001442
1.5 0.0143441328189
2.0 0.00982876592839
2.5 0.00595049220718
3.0 0.00326604103022
3.5 0.000721183850484
4.0 -0.00194177907201
4.5 -0.00398722263605
5.0 -0.00614850901284
5.5 -0.00809272248225
6.0 -0.0100136459497
6.5 -0.0118411662396
7.0 -0.0135697284907
7.5 -0.0153703054642
8.0 -0.0171149429001
8.5 -0.0187103510003
9.0 -0.0202976013426
9.5 -0.0220054977639
10.0 -0.0235705537958
10.5 -0.0250901496613
11.0 -0.0266240069412
11.5 -0.0280884803444
12.0 -0.0295860759456
12.5 -0.0310375010665
13.0 -0.0324203325644
13.5 -0.0338016223762
14.0 -0.0351398866509
14.5 -0.0364699058106
15.0 -0.0376998037182
15.5 -0.0389246473672
16.0 -0.0400930878942
16.5 -0.0411894316034
17.0 -0.0422611986923
17.5 -0.0433036165047
18.0 -0.0442644707926
18.5 -0.0451815094837
19.0 -0.0460458193352
19.5 -0.0468641803835
20.0 -0.0475803292693
20.5 -0.0482344816275
21.0 -0.0488408472011
21.5 -0.0493611507268
22.0 -0.0498288994814
22.5 -0.0502294578168
23.0 -0.0505697687805
23.5 -0.0508327911722
24.0 -0.0510453028142
24.5 -0.0511941520898
25.0 -0.0512663325936
25.5 -0.051275445137
26.0 -0.0512096934361
26.5 -0.0510862052461
27.0 -0.0509178054288
27.5 -0.0506684274338
28.0 -0.0503902022517
28.5 -0.0500787987654
29.0 -0.0497166265342
29.5 -0.0493141172
30.0 -0.0488393634168
30.5 -0.0483272883185
31.0 -0.047778569756
31.5 -0.0471868887755
32.0 -0.0465650399375
32.5 -0.0459186231066
33.0 -0.0452611698442
33.5 -0.0445850681365
34.0 -0.0438560861449
34.5 -0.0431293438182
35.0 -0.0424071750049
35.5 -0.0416371974416
36.0 -0.0408542635969
36.5 -0.0400643308406
37.0 -0.0392728830865
37.5 -0.0384815261013
38.0 -0.0376785824562
38.5 -0.0368811622568
39.0 -0.0360558395082
39.5 -0.0352539146203
40.0 -0.0344564769102
40.5 -0.0336323508296
41.0 -0.0328297876751
41.5 -0.03205408057
42.0 -0.0312595263493
42.5 -0.0304678499846
43.0 -0.029693831815
43.5 -0.0289076086998
44.0 -0.028150738407
44.5 -0.0274150079549
45.0 -0.0266517612877
45.5 -0.0259230985101
46.0 -0.0251922511597
46.5 -0.0244848673845
47.0 -0.0237917300295
47.5 -0.0230956268987
48.0 -0.022428035713
48.5 -0.0217655037884
49.0 -0.0211271628395
49.5 -0.0204822044342
50.0 -0.0198326063865
50.5 -0.0192188597107
51.0 -0.0186273693445
51.5 -0.018023499867
52.0 -0.0174584296755
52.5 -0.0168862975953
53.0 -0.0163392036033
53.5 -0.015791235866
54.0 -0.0152584149254
54.5 -0.0147552498563
55.0 -0.0142466087394
55.5 -0.0137524791377
56.0 -0.0132637624221
56.5 -0.0128175333479
57.0 -0.0123684282435
57.5 -0.0119174266143
58.0 -0.0114994186929
58.5 -0.0110887963666
59.0 -0.0106728915476
59.5 -0.0102807773564
60.0 -0.00988605611291
60.5 -0.00951188861735
61.0 -0.00916992638633
61.5 -0.00879725506788
62.0 -0.00843109226408
62.5 -0.00811436429314
63.0 -0.00780675013109
63.5 -0.00749752352363
64.0 -0.00718948427748
64.5 -0.00690988375233
65.0 -0.00663086958866
65.5 -0.00630573690578
66.0 -0.00604753145065
66.5 -0.00580577988317
67.0 -0.00553186663686
67.5 -0.00530562905769
68.0 -0.00505307332009
68.5 -0.00482581098174
69.0 -0.00461551252591
69.5 -0.00442724840184
70.0 -0.004230153299
70.5 -0.00401354918488
71.0 -0.00381495022743
71.5 -0.00363402119967
72.0 -0.00346077062112
72.5 -0.00327953378121
73.0 -0.00311659937446
73.5 -0.00294062791894
74.0 -0.00281118519809
74.5 -0.00268091811546
75.0 -0.00257061939822
75.5 -0.00237674066217
76.0 -0.00225966062408
76.5 -0.00216047597849
77.0 -0.00199755550218
77.5 -0.00185646812609
78.0 -0.00179706676044
78.5 -0.00166378173308
79.0 -0.00159184745626
79.5 -0.00151153837412
80.0 -0.00139756572973
80.5 -0.0013335170541
81.0 -0.00123750637757
81.5 -0.00116310385713
82.0 -0.00107758904409
82.5 -0.00101842255208
83.0 -0.000934065813652
83.5 -0.000872730006616
84.0 -0.000838871280372
84.5 -0.0008440111393
85.0 -0.000694438117257
85.5 -0.000682077541267
86.0 -0.000651487876492
86.5 -0.000622335299177
87.0 -0.000579643868587
87.5 -0.000540340686236
88.0 -0.000551219095062
88.5 -0.000506580451301
89.0 -0.000433751750368
89.5 -0.000422181168563
90.0 -0.000514765209239
90.5 -0.000567664298128
91.0 -0.000428145316754
91.5 -0.000401172115271
92.0 -0.000480923347062
92.5 -0.000412181656372
93.0 -0.000351123418259
93.5 -0.000464367987586
94.0 -0.000547646096905
94.5 -0.000538584201333
95.0 -0.000610780629255
95.5 -0.000523699297645
96.0 -0.000619188636339
96.5 -0.000691166983675
97.0 -0.000725348455191
97.5 -0.000682294860379
98.0 -0.000694987898083
98.5 -0.000784547426893
99.0 -0.000765578660669
99.5 -0.000802604957645
100.0 -0.000695143196488
100.5 -0.000868253848886
101.0 -0.000821389790076
101.5 -0.000820799544705
102.0 -0.000914096600113
102.5 -0.00107222789472
103.0 -0.0012070109464
103.5 -0.00135508176855
104.0 -0.00136561918837
104.5 -0.00143297455456
105.0 -0.00161412069832
105.5 -0.00156460203728
106.0 -0.0016846438215
106.5 -0.00195860765983
107.0 -0.00197367099363
107.5 -0.00204700633768
108.0 -0.00214198053318
108.5 -0.00217369707011
109.0 -0.00233943647703
109.5 -0.00255742659603
110.0 -0.00283568412078
110.5 -0.0030363987331
111.0 -0.00328503053245
111.5 -0.00345649877247
112.0 -0.00360172961092
112.5 -0.00355876841537
113.0 -0.00364975143779
113.5 -0.00433458484659
114.0 -0.00448289963833
114.5 -0.00466225161496
115.0 -0.00436281416448
115.5 -0.00427083447944
116.0 -0.00470446894147
116.5 -0.00417370600425
117.0 -0.0050108190563
117.5 -0.00607093496561
118.0 -0.00575699656909
118.5 -0.00383628315308
119.0 6.69054496001e-05
119.5 0.00624237297433
120.0 0.00565379416946
120.5 0.00473771580374
121.0 0.002342735036
121.5 -0.00219627033263
122.0 -0.00527279765677
122.5 -0.00618347826284
123.0 -0.00541552574974
123.5 -0.00478471143965
124.0 -0.00501990459594
124.5 -0.00628268381891
125.0 -0.00499106277395
125.5 -0.00497369701135
126.0 -0.00490200334278
126.5 -0.00491110153207
127.0 -0.0047655670209
127.5 -0.00433856384697
128.0 -0.00459391426752
128.5 -0.00491166172581
129.0 -0.00408676862067
129.5 -0.00398274707102
130.0 -0.00393675461423
130.5 -0.00344112287365
131.0 -0.00375186771202
131.5 -0.00330118562012
132.0 -0.00335914964081
132.5 -0.00322610390744
133.0 -0.00290053110402
133.5 -0.00262039212183
134.0 -0.00244303913046
134.5 -0.0025264977897
135.0 -0.00260666090683
135.5 -0.00233023693338
136.0 -0.00207207947155
136.5 -0.00184180644717
137.0 -0.0014705641138
137.5 -0.0016252945536
138.0 -0.00154793074936
138.5 -0.00139115925248
139.0 -0.00128688970475
139.5 -0.00120579912076
140.0 -0.00104722194781
140.5 -0.000732417022213
141.0 -0.000865570746104
141.5 -0.000854520726698
142.0 -0.000665233908016
142.5 -0.000478551930536
143.0 -0.000413571129684
143.5 -0.000487912605111
144.0 -0.000360697700756
144.5 -0.000110816950436
145.0 -0.00032202050434
145.5 -0.000207331788631
146.0 -7.18933612491e-05
146.5 1.18737159474e-05
147.0 0.000119630862469
147.5 0.000274091805914
148.0 0.000295424465738
148.5 0.000267164927319
149.0 0.000340148791689
149.5 0.000473062997385
150.0 0.000594943622274
150.5 0.000776140380887
151.0 0.000625065719968
151.5 0.000582858588962
152.0 0.000637281865975
152.5 0.000722669840126
153.0 0.000835125428637
153.5 0.000920503633065
154.0 0.000991514805333
154.5 0.00108433805242
155.0 0.00115143497315
155.5 0.00120864895373
156.0 0.00136138209533
156.5 0.00150694217353
157.0 0.00146683843466
157.5 0.0013314486141
158.0 0.0013756476561
158.5 0.00163176508152
159.0 0.00175040152915
159.5 0.00176562893074
160.0 0.00165675788286
160.5 0.00179286538198
161.0 0.00195074911669
161.5 0.00214093317622
162.0 0.00229656511123
162.5 0.00233985504023
163.0 0.00224524088046
163.5 0.00225906203615
164.0 0.00243843001024
164.5 0.00256149336938
165.0 0.00279588505378
165.5 0.00284927176025
166.0 0.00291860059816
166.5 0.00319804926055
167.0 0.00294575389137
167.5 0.00325324271716
168.0 0.0036476509403
168.5 0.00366052342918
169.0 0.00352873632684
169.5 0.00392707929471
170.0 0.00415422262996
170.5 0.00418331397404
171.0 0.00428902068575
171.5 0.00455089204956
172.0 0.00463722395908
172.5 0.0049432751505
173.0 0.00519894230438
173.5 0.00538388833419
174.0 0.00528100759341
174.5 0.0046756611095
175.0 0.00506838467341
175.5 0.00476409620447
176.0 0.00504808558685
176.5 0.00559378768918
177.0 0.00625114569581
177.5 0.00810722082592
178.0 0.00479713561759
178.5 0.00412246136466
179.0 -0.00328452112987
179.5 -0.00638932496878
180.0 -0.0049132641344
180.5 -0.00556263060739
181.0 -0.0025532507413
181.5 -0.00025889184441
182.0 -0.000413433971175
182.5 0.00178981179802
183.0 0.00137786396066
183.5 0.00157964593693
184.0 0.00140555455393
184.5 0.00136139241052
185.0 0.00141598742385
185.5 0.00123620172909
186.0 0.00138807280717
186.5 0.00138076262975
187.0 0.00119740201613
187.5 0.00106826721692
188.0 0.000766214208525
188.5 0.000665018707011
189.0 0.000538482663799
189.5 0.00024040790565
190.0 3.141958247e-05
190.5 -0.000351801522754
191.0 -0.000570068006041
191.5 -0.000894175611663
192.0 -0.00120697805968
192.5 -0.00137403154875
193.0 -0.00192363727703
193.5 -0.00248772853776
194.0 -0.00294501828223
194.5 -0.00347229893923
195.0 -0.00401565034309
195.5 -0.00589857516371
196.0 -0.00667745246172
196.5 -0.00781975592447
197.0 -0.00936840339671
197.5 -0.0106139089771
198.0 -0.0145581349421
198.5 -0.0198320995711
199.0 -0.0294481538916
199.5 -0.0452993696288
