0.0 0.000331385936997
0.5 0.0137622045558
1.0 0.0178854988299
1.5 0.0123908053736
2.0 0.00800691351902
2.5 0.00418696981312
3.0 0.00150743150989
3.5 -0.000982595058886
4.0 -0.00329189362443
4.5 -0.00577588511479
5.0 -0.00786388262032
5.5 -0.00974284152461
6.0 -0.0116435495124
6.5 -0.0134613851421
7.0 -0.0151799673213
7.5 -0.0168995757611
8.0 -0.0185467999669
8.5 -0.0202051498958
9.0 -0.0217931720353
9.5 -0.0233684465347
10.0 -0.0249372802638
10.5 -0.0264181434521
11.0 -0.027900118922
11.5 -0.0293354605347
12.0 -0.0307531706879
12.5 -0.0321147231779
13.0 -0.0334401630809
13.5 -0.0347453307186
14.0 -0.0360468844442
14.5 -0.0372334459755
15.0 -0.0383889036564
15.5 -0.0395180836424
16.0 -0.0405656345787
16.5 -0.0415804446814
17.0 -0.0425133416756
17.5 -0.0434258271913
18.0 -0.0443023017579
18.5 -0.0451051262454
19.0 -0.045822426252
19.5 -0.0464840251459
20.0 -0.0470935105827
20.5 -0.0476280305148
21.0 -0.0480881656178
21.5 -0.0484875920212
22.0 -0.048837775119
22.5 -0.0491305957805
23.0 -0.0493425446276
23.5 -0.0495074380921
24.0 -0.0496208207916
24.5 -0.0496584390221
25.0 -0.0496455756548
25.5 -0.0495653198844
26.0 -0.0494217133025
26.5 -0.0492341472845
27.0 -0.0490138695164
27.5 -0.0487131302018
28.0 -0.0483864344676
28.5 -0.0480416423244
29.0 -0.0476243823319
29.5 -0.0471990990948
30.0 -0.0466922837116
30.5 -0.0461805609049
31.0 -0.0456427734538
31.5 -0.0450630332536
32.0 -0.0444580561719
32.5 -0.0438243013199
33.0 -0.0431785147721
33.5 -0.0425312773181
34.0 -0.0418400060722
34.5 -0.041163179973
35.0 -0.0404728751461
35.5 -0.0397432049491
36.0 -0.0390265436853
36.5 -0.0382899551096
37.0 -0.0375372659487
37.5 -0.0367964535582
38.0 -0.0360539231605
38.5 -0.0352842116617
39.0 -0.0345290095299
39.5 -0.0338039761644
40.0 -0.0330401706804
40.5 -0.0322966899191
41.0 -0.0315555588231
41.5 -0.0308330953706
42.0 -0.0300940604208
42.5 -0.0293614181423
43.0 -0.0286469686213
43.5 -0.0279156891102
44.0 -0.0272059986947
44.5 -0.0265033432493
45.0 -0.0258012519761
45.5 -0.0251337193307
46.0 -0.0244700006832
46.5 -0.023803513605
47.0 -0.0231598550018
47.5 -0.0225086291464
48.0 -0.0218809024645
48.5 -0.0212590293838
49.0 -0.0206542931239
49.5 -0.0200560830904
50.0 -0.0194462040379
50.5 -0.0188733350811
51.0 -0.0183100121751
51.5 -0.0177552193182
52.0 -0.0172175754969
52.5 -0.016675193812
53.0 -0.0161767083405
53.5 -0.01567169289
54.0 -0.0151718267719
54.5 -0.0147016927747
55.0 -0.0141982690049
55.5 -0.0137206078656
56.0 -0.0132535737499
56.5 -0.0128270602313
57.0 -0.0124004282963
57.5 -0.0119726180428
58.0 -0.0115729714616
58.5 -0.0111896746954
59.0 -0.0107976196734
59.5 -0.0104143881513
60.0 -0.0100336948214
60.5 -0.00967536761711
61.0 -0.00932768869215
61.5 -0.008950558536
62.0 -0.00861550720588
62.5 -0.00832621631978
63.0 -0.00801749787963
63.5 -0.00771464052407
64.0 -0.0074285950458
64.5 -0.00715879651707
65.0 -0.00682943848557
65.5 -0.00658736381752
66.0 -0.00631794883794
66.5 -0.00602710918248
67.0 -0.00578573556182
67.5 -0.00556925332172
68.0 -0.00534043864848
68.5 -0.00513150465211
69.0 -0.0049242636816
69.5 -0.00473515386084
70.0 -0.00455475445859
70.5 -0.00428187101016
71.0 -0.00409926350238
71.5 -0.0039369233336
72.0 -0.00373123690848
72.5 -0.0035701097854
73.0 -0.00345129033411
73.5 -0.00327977900539
74.0 -0.00313993477774
74.5 -0.00300761416622
75.0 -0.00287323708872
75.5 -0.00277844718225
76.0 -0.00258855310275
76.5 -0.00244243407179
77.0 -0.0023126265894
77.5 -0.00218740641178
78.0 -0.00209956605973
78.5 -0.00199150854913
79.0 -0.00191253662116
79.5 -0.00182437110073
80.0 -0.00175188589858
80.5 -0.00167501939534
81.0 -0.00156917025978
81.5 -0.00152403272455
82.0 -0.00143903519463
82.5 -0.00134639270234
83.0 -0.00125974354572
83.5 -0.00114965083831
84.0 -0.00114691288805
84.5 -0.00111309058581
85.0 -0.0010682205663
85.5 -0.0010497517521
86.0 -0.000987098604838
86.5 -0.000914580983423
87.0 -0.000934272364812
87.5 -0.000871444057097
88.0 -0.000814281557094
88.5 -0.000794323257601
89.0 -0.000812468208643
89.5 -0.000753340876059
90.0 -0.000806654829947
90.5 -0.000791864167521
91.0 -0.000812039140534
91.5 -0.000872180961469
92.0 -0.000871136260574
92.5 -0.000785436876853
93.0 -0.000766343353902
93.5 -0.000788159193572
94.0 -0.000725399947868
94.5 -0.000794439349924
95.0 -0.000911594443789
95.5 -0.000939465440077
96.0 -0.000982575835511
96.5 -0.000839102091216
97.0 -0.000890442354169
97.5 -0.00100957904039
98.0 -0.0010304238768
98.5 -0.00104849257784
99.0 -0.00115398153622
99.5 -0.00116843271132
100.0 -0.00124884177833
100.5 -0.00127022119174
101.0 -0.00140060426557
101.5 -0.0015262062055
102.0 -0.00153537144385
102.5 -0.0015208595875
103.0 -0.00167846664434
103.5 -0.00199023591984
104.0 -0.00198888003801
104.5 -0.00198873479993
105.0 -0.00173530450051
105.5 -0.00204541786715
106.0 -0.00232105921989
106.5 -0.00244131496699
107.0 -0.00265217129184
107.5 -0.00284010300219
108.0 -0.00299036498659
108.5 -0.00307179456077
109.0 -0.00311153221968
109.5 -0.00330069191118
110.0 -0.00348316777389
110.5 -0.00339442986564
111.0 -0.00373875650814
111.5 -0.00418408586476
112.0 -0.00431859128872
112.5 -0.00461188885794
113.0 -0.00480289258989
113.5 -0.00498144490491
114.0 -0.00496233506335
114.5 -0.00508456752721
115.0 -0.00577181228411
115.5 -0.00540785017155
116.0 -0.00569423809463
116.5 -0.00569311709833
117.0 -0.00570677336003
117.5 -0.00626071926783
118.0 -0.00290961765548
118.5 -0.00123040354511
119.0 -0.000497511980029
119.5 0.0069180455705
120.0 0.00731763439633
120.5 0.002597861921
121.0 -0.00185765257021
121.5 -0.00390827805053
122.0 -0.0055548095519
122.5 -0.00637189761926
123.0 -0.00501756126437
123.5 -0.00466870292898
124.0 -0.00512617485923
124.5 -0.00437416390353
125.0 -0.00484899335552
125.5 -0.00511342817468
126.0 -0.00499942463914
126.5 -0.00557079605397
127.0 -0.00504087039751
127.5 -0.00431922284329
128.0 -0.00419701486391
128.5 -0.00432456391485
129.0 -0.00373734804531
129.5 -0.00367002646063
130.0 -0.00337562049518
130.5 -0.00320326260048
131.0 -0.00354286754006
131.5 -0.00319524497407
132.0 -0.00313866206333
132.5 -0.0029094573904
133.0 -0.00268076641273
133.5 -0.00272686211081
134.0 -0.00236429057054
134.5 -0.00205321022226
135.0 -0.00235470128364
135.5 -0.00199784048582
136.0 -0.00183183466598
136.5 -0.001646512535
137.0 -0.00140104567112
137.5 -0.0012867890858
138.0 -0.00119210226671
138.5 -0.00132128460067
139.0 -0.0011989969504
139.5 -0.00106463147765
140.0 -0.0009455691591
140.5 -0.000650550049453
141.0 -0.000792777468206
141.5 -0.00078515804562
142.0 -0.000536028217336
142.5 -0.000337226359935
143.0 -0.000286281840374
143.5 -0.000370102464437
144.0 -0.000342087707864
144.5 -0.000242354165776
145.0 -0.000205425843028
145.5 -6.21602519351e-05
146.0 2.29187774474e-05
146.5 8.80284502722e-05
147.0 0.000197443481389
147.5 0.000376972636101
148.0 0.000453493980217
148.5 0.000462797375993
149.0 0.000485003932199
149.5 0.000508211901736
150.0 0.000536976989648
150.5 0.000551983126606
151.0 0.000532737311773
151.5 0.00059414733618
152.0 0.000704105611043
152.5 0.000778298990141
153.0 0.000859779109494
153.5 0.000935498221617
154.0 0.00100576545614
154.5 0.00106505975785
155.0 0.00111850019223
155.5 0.0011992009003
156.0 0.00128515324382
156.5 0.00134288861935
157.0 0.00143961136279
157.5 0.00153073609446
158.0 0.00163083445074
158.5 0.00180920336365
159.0 0.00182992180034
159.5 0.00170299438318
160.0 0.00164748076116
160.5 0.0018154362123
161.0 0.00203830702459
161.5 0.0022006795976
162.0 0.00221116570749
162.5 0.0022683175863
163.0 0.0023433597094
163.5 0.00238689514607
164.0 0.00242020737524
164.5 0.00247608708512
165.0 0.00259843430967
165.5 0.00265440019137
166.0 0.00261957081008
166.5 0.00273823615627
167.0 0.00284399278173
167.5 0.00296207262912
168.0 0.00315803064554
168.5 0.00339107798106
169.0 0.0032714557879
169.5 0.00302649858133
170.0 0.00337768016999
170.5 0.00348778697042
171.0 0.00368111438283
171.5 0.00388925619988
172.0 0.00403557493414
172.5 0.00438238694042
173.0 0.0046729450051
173.5 0.00495109642432
174.0 0.0052847931791
174.5 0.00561975859969
175.0 0.00596968215244
175.5 0.0059363503934
176.0 0.00665349151981
176.5 0.00746526135659
177.0 0.00814006104038
177.5 0.00948330095349
178.0 0.0080124646183
178.5 0.00565097629742
179.0 0.000314795150615
179.5 -0.00114687627833
180.0 -0.00118928881615
180.5 -0.00321491987299
181.0 -0.000445737462456
181.5 0.00200270089509
182.0 0.00167419478824
182.5 0.00329043355286
183.0 0.00157195664636
183.5 0.00171531825606
184.0 0.00177703816314
184.5 0.00140138123396
185.0 0.00139682754364
185.5 0.00116544309166
186.0 0.0012828956713
186.5 0.00116116522962
187.0 0.00143754163959
187.5 0.00137306098426
188.0 0.0010259371697
188.5 0.000859439442621
189.0 0.000655030700415
189.5 0.000542466313959
190.0 0.000255080667174
190.5 -7.27419830611e-05
191.0 -0.000268890586838
191.5 -0.000613451808746
192.0 -0.000901996644572
192.5 -0.00112040144971
193.0 -0.00167581144538
193.5 -0.00220508723132
194.0 -0.00292725643419
194.5 -0.00345870877599
195.0 -0.00408277928368
195.5 -0.00527462003572
196.0 -0.00580809164768
196.5 -0.00765606809655
197.0 -0.0091361029961
197.5 -0.0102175185663
198.0 -0.0139914180357
198.5 -0.01923336364
199.0 -0.0286909682778
199.5 -0.0447809112863
