0.0 0.000680019411496
0.5 0.0226720975794
1.0 0.0275529409076
1.5 0.0199764820112
2.0 0.0152917620937
2.5 0.0109236232808
3.0 0.00785085608526
3.5 0.00504127319854
4.0 0.00247320927701
4.5 0.000118334716039
5.0 -0.00215967476443
5.5 -0.00435545261045
6.0 -0.00634699125311
6.5 -0.00823883232301
7.0 -0.0100138157053
7.5 -0.0118609637252
8.0 -0.0135876179334
8.5 -0.0152927538947
9.0 -0.0169480625336
9.5 -0.0187227539894
10.0 -0.0203689404384
10.5 -0.0219529040693
11.0 -0.0235542145199
11.5 -0.0251358735108
12.0 -0.0267091622029
12.5 -0.0282351127484
13.0 -0.029754220822
13.5 -0.0312874119392
14.0 -0.0327624373067
14.5 -0.0341921862664
15.0 -0.0356167939673
15.5 -0.037006569056
16.0 -0.0383474747487
16.5 -0.039654445984
17.0 -0.0409111450671
17.5 -0.042156081191
18.0 -0.0433670774402
18.5 -0.0445019157572
19.0 -0.0455913309375
19.5 -0.0466535789971
20.0 -0.0476293962834
20.5 -0.0485544149319
21.0 -0.0494173659093
21.5 -0.0501992755676
22.0 -0.0509425312099
22.5 -0.0516283163116
23.0 -0.0522249084856
23.5 -0.0527674422144
24.0 -0.0532464399601
24.5 -0.0536774292992
25.0 -0.0539878841662
25.5 -0.0542299471899
26.0 -0.0544104732762
26.5 -0.0545198081022
27.0 -0.054559468312
27.5 -0.0545365876704
28.0 -0.0544223786503
28.5 -0.0542673880091
29.0 -0.0540460220474
29.5 -0.0538015943976
30.0 -0.0534375973732
30.5 -0.0530231263062
31.0 -0.0525770360556
31.5 -0.0520659489675
32.0 -0.0515035642914
32.5 -0.0509095101556
33.0 -0.0502773795906
33.5 -0.0495822986011
34.0 -0.0488745990072
34.5 -0.0481401098566
35.0 -0.04736020825
35.5 -0.0465636814397
36.0 -0.0457329554198
36.5 -0.0448842188108
37.0 -0.0440289680276
37.5 -0.0431578489001
38.0 -0.0422564018313
38.5 -0.041350103589
39.0 -0.0404459493976
39.5 -0.0395632009813
40.0 -0.0386320558901
40.5 -0.0377176169892
41.0 -0.0368010133109
41.5 -0.0358999222935
42.0 -0.0349781337172
42.5 -0.0340557314462
43.0 -0.0331593259171
43.5 -0.0322699659061
44.0 -0.0313955984658
44.5 -0.0305045115146
45.0 -0.0296470889218
45.5 -0.0287884508027
46.0 -0.0279358168264
46.5 -0.0271085592814
47.0 -0.0263120769352
47.5 -0.0255049882922
48.0 -0.0247194182459
48.5 -0.0239381866472
49.0 -0.0231849569016
49.5 -0.0224586416397
50.0 -0.0216951733019
50.5 -0.0209853190625
51.0 -0.0203018304354
51.5 -0.0196081868555
52.0 -0.0189533509242
52.5 -0.0183064130853
53.0 -0.0176827299028
53.5 -0.0170659301888
54.0 -0.0164695716067
54.5 -0.0158804425652
55.0 -0.0152973597859
55.5 -0.014746205688
56.0 -0.0141875299101
56.5 -0.0136602425717
57.0 -0.0131434900313
57.5 -0.0126387119521
58.0 -0.0121696062645
58.5 -0.0117121271226
59.0 -0.0112343151459
59.5 -0.0108004679373
60.0 -0.0103680224087
60.5 -0.00995407878417
61.0 -0.00954734472183
61.5 -0.00913283010105
62.0 -0.00874533159067
62.5 -0.00838139388691
63.0 -0.00804901664588
63.5 -0.00770516626098
64.0 -0.00735817866139
64.5 -0.00705395959513
65.0 -0.00674028976426
65.5 -0.00642517016292
66.0 -0.00613773616717
66.5 -0.00582883213909
67.0 -0.00554868864564
67.5 -0.00529297510896
68.0 -0.00504327175739
68.5 -0.00480991710884
69.0 -0.00459033637264
69.5 -0.00436387092029
70.0 -0.00413784824418
70.5 -0.00394376624108
71.0 -0.00368828190565
71.5 -0.00347275284751
72.0 -0.00329453055424
72.5 -0.00309210205154
73.0 -0.00293441929274
73.5 -0.00279147448097
74.0 -0.00263152477041
74.5 -0.00248717470724
75.0 -0.00235768279511
75.5 -0.00224767977646
76.0 -0.00203861159448
76.5 -0.00190153350898
77.0 -0.0017641732121
77.5 -0.00164818881274
78.0 -0.0015873315913
78.5 -0.0014613045069
79.0 -0.00138906909212
79.5 -0.00132319343438
80.0 -0.00122548288704
80.5 -0.00115705479766
81.0 -0.00105881511886
81.5 -0.00100361805686
82.0 -0.000859123908693
82.5 -0.000739392633509
83.0 -0.000685805944567
83.5 -0.000642841422348
84.0 -0.000644504821597
84.5 -0.000608206391028
85.0 -0.000571526956254
85.5 -0.000466751097115
86.0 -0.00042396090203
86.5 -0.000432776480068
87.0 -0.000415424027786
87.5 -0.000365164124489
88.0 -0.000342013465268
88.5 -0.000317317607799
89.0 -0.000324608884632
89.5 -0.000296381954776
90.0 -0.00025788732167
90.5 -0.000361001371843
91.0 -0.00026377718433
91.5 -0.000282005178509
92.0 -0.000347368753136
92.5 -0.000253694495136
93.0 -0.000206930372794
93.5 -0.000327508298177
94.0 -0.00035522645063
94.5 -0.000439298692836
95.0 -0.00041406985768
95.5 -0.000395226538465
96.0 -0.000443823391823
96.5 -0.000450534516975
97.0 -0.000527604593696
97.5 -0.000617400809531
98.0 -0.000647699412529
98.5 -0.000679501842395
99.0 -0.000746469691162
99.5 -0.000737644134357
100.0 -0.000776295646521
100.5 -0.000779886167791
101.0 -0.000973850361952
101.5 -0.000960644826854
102.0 -0.00107841093223
102.5 -0.00128332842898
103.0 -0.00133648003111
103.5 -0.00141277156343
104.0 -0.00159869424306
104.5 -0.00169077248507
105.0 -0.00172394459025
105.5 -0.00190006328742
106.0 -0.00182644500619
106.5 -0.00199379600143
107.0 -0.00214481893934
107.5 -0.00241894172887
108.0 -0.00257312719285
108.5 -0.00252439022354
109.0 -0.00271873320835
109.5 -0.0031926905536
110.0 -0.00314435699494
110.5 -0.00349495656364
111.0 -0.00322788232859
111.5 -0.00355642073118
112.0 -0.00399461740791
112.5 -0.00448365231725
113.0 -0.00429666929617
113.5 -0.00412411302666
114.0 -0.00446702267712
114.5 -0.00493714259289
115.0 -0.00490644842255
115.5 -0.00490439314572
116.0 -0.00479355516589
116.5 -0.00479833068474
117.0 -0.00407141054387
117.5 -0.00455573910634
118.0 -0.00311959155516
118.5 -0.000555061606093
119.0 0.00166303326712
119.5 0.00803837565243
120.0 0.00792343559212
120.5 0.00458562944009
121.0 0.000376081529851
121.5 -0.00508336911778
122.0 -0.00545917035332
122.5 -0.00604858814805
123.0 -0.00606085741043
123.5 -0.00579134968085
124.0 -0.00525004746714
124.5 -0.005459912568
125.0 -0.00548509478287
125.5 -0.00571217572194
126.0 -0.00498705728394
126.5 -0.00546331137937
127.0 -0.00501146198503
127.5 -0.00469411657686
128.0 -0.00428794442503
128.5 -0.00416755781408
129.0 -0.00467438385221
129.5 -0.00376192204384
130.0 -0.00362110232706
130.5 -0.00372410726133
131.0 -0.00330691045976
131.5 -0.00304924070446
132.0 -0.00291750084965
132.5 -0.00297278293824
133.0 -0.00276095613288
133.5 -0.00239477890317
134.0 -0.00230103629138
134.5 -0.0018971823691
135.0 -0.0025102294967
135.5 -0.00195128659595
136.0 -0.00194879481403
136.5 -0.00201132429958
137.0 -0.00185974251314
137.5 -0.00179265240402
138.0 -0.00150390883863
138.5 -0.00134374061667
139.0 -0.00118424801596
139.5 -0.00100261509939
140.0 -0.000853340684944
140.5 -0.000601317462454
141.0 -0.000723888543956
141.5 -0.000720117992159
142.0 -0.000577487330229
142.5 -0.000541018341954
143.0 -0.000390096336124
143.5 -0.000260057532062
144.0 -0.000181738562402
144.5 1.71257168802e-05
145.0 0.000155700722305
145.5 -5.91142314441e-05
146.0 -3.08749477069e-05
146.5 5.4700665526e-06
147.0 0.000118114336829
147.5 0.000225894074169
148.0 0.000358756619611
148.5 0.000500507411234
149.0 0.000538392914451
149.5 0.000611611884462
150.0 0.000709365952026
150.5 0.000865544738805
151.0 0.000677380595097
151.5 0.000726085415596
152.0 0.000836696095016
152.5 0.000910419212335
153.0 0.00100229582716
153.5 0.00110366383563
154.0 0.00123852450969
154.5 0.00135572033715
155.0 0.00122445232476
155.5 0.00115510758061
156.0 0.00126057524385
156.5 0.00138200907122
157.0 0.00152414233672
157.5 0.00166458312751
158.0 0.00176252314233
158.5 0.00180695278699
159.0 0.00176905195498
159.5 0.00196591188071
160.0 0.002115577798
160.5 0.00208072963724
161.0 0.00207757306399
161.5 0.00211335964552
162.0 0.00203616332489
162.5 0.0021910312011
163.0 0.00244161568344
163.5 0.00261643319305
164.0 0.00260392560966
164.5 0.00245878827103
165.0 0.00278624135065
165.5 0.00290267089712
166.0 0.00299967848618
166.5 0.00327133159453
167.0 0.00327882665152
167.5 0.00355214374396
168.0 0.00355398270715
168.5 0.00360374314108
169.0 0.00393812296807
169.5 0.00413401696137
170.0 0.00427616232174
170.5 0.00382591460226
171.0 0.00434550829127
171.5 0.00468062517946
172.0 0.00433327314136
172.5 0.00467242485828
173.0 0.00501078629409
173.5 0.00531754870161
174.0 0.00548550591328
174.5 0.0053145023725
175.0 0.00520831389206
175.5 0.00489014264193
176.0 0.00571019930786
176.5 0.00547122117167
177.0 0.00638937143398
177.5 0.00857826366681
178.0 0.00568301601452
178.5 0.00589686798318
179.0 0.0025546416075
179.5 -0.000450539578409
180.0 -0.000806398661155
180.5 -0.0042552145956
181.0 -0.00569132451858
181.5 -0.00299380048965
182.0 -0.00098026240947
182.5 0.00100098211381
183.0 0.000748023436699
183.5 0.00128699569358
184.0 0.00105797270051
184.5 0.00104431583668
185.0 0.00175511652209
185.5 0.00122688082
186.0 0.00100953192006
186.5 0.00138416976338
187.0 0.00128239877527
187.5 0.000879153466414
188.0 0.000435116528834
188.5 0.000179193751649
189.0 -8.06268314761e-05
189.5 -0.000253094931594
190.0 -0.000620864498785
190.5 -0.00108077177042
191.0 -0.00133820677958
191.5 -0.00173970561981
192.0 -0.00216319342836
192.5 -0.00248193427693
193.0 -0.00324152905948
193.5 -0.00392378548584
194.0 -0.00465828647715
194.5 -0.00545807156817
195.0 -0.00647374185107
195.5 -0.00814310820898
196.0 -0.00957395794408
196.5 -0.0113666245312
197.0 -0.0136888353779
197.5 -0.0161187411625
198.0 -0.0217307669637
198.5 -0.0293296646245
199.0 -0.0450598849684
199.5 -0.0702454302955
