0.0 -0.00160616886776
0.5 0.0194454225625
1.0 0.0194803217303
1.5 0.0125391334443
2.0 0.00769913083593
2.5 0.00339106717131
3.0 0.000297575055278
3.5 -0.00273751331406
4.0 -0.00503693261965
4.5 -0.00729516799406
5.0 -0.00950266755275
5.5 -0.0114381306266
6.0 -0.0133180182977
6.5 -0.0150907716364
7.0 -0.0167570481709
7.5 -0.0184089564803
8.0 -0.0199382650516
8.5 -0.0214490585608
9.0 -0.0230002255215
9.5 -0.0243681230019
10.0 -0.0257261335753
10.5 -0.0270265960376
11.0 -0.0283079361001
11.5 -0.0295050547962
12.0 -0.0306720413274
12.5 -0.0318112433171
13.0 -0.0329087524726
13.5 -0.0339307669696
14.0 -0.0349249711499
14.5 -0.0358428584906
15.0 -0.0367502762465
15.5 -0.037586899251
16.0 -0.0383607468215
16.5 -0.0390975192692
17.0 -0.0397573926433
17.5 -0.0404072705393
18.0 -0.0410469383767
18.5 -0.0415797381277
19.0 -0.0420674356898
19.5 -0.0425256660211
20.0 -0.0429057865748
20.5 -0.0432726592794
21.0 -0.0435712479933
21.5 -0.0438343405155
22.0 -0.0440673586954
22.5 -0.0442242903942
23.0 -0.0443860964415
23.5 -0.0444797972162
24.0 -0.0445596361327
24.5 -0.0446076222231
25.0 -0.0445759652054
25.5 -0.0445230228379
26.0 -0.0444494569267
26.5 -0.0443329674987
27.0 -0.0441834784074
27.5 -0.0439967842216
28.0 -0.0438038597869
28.5 -0.0435865005218
29.0 -0.0433305277802
29.5 -0.0430767912591
30.0 -0.0427754316506
30.5 -0.0424643568118
31.0 -0.0421199781554
31.5 -0.0417424157735
32.0 -0.0413581517034
32.5 -0.0409369845111
33.0 -0.0405107529194
33.5 -0.0400779271392
34.0 -0.0396289826782
34.5 -0.0391669434101
35.0 -0.0386788821345
35.5 -0.0381730995248
36.0 -0.0376783381614
36.5 -0.037160195074
37.0 -0.0366240609871
37.5 -0.0360937166402
38.0 -0.0355509431555
38.5 -0.0349751764848
39.0 -0.0344140259346
39.5 -0.0338655610987
40.0 -0.0332788241089
40.5 -0.0326944507519
41.0 -0.032106703854
41.5 -0.0315274769981
42.0 -0.0309323845104
42.5 -0.0303304269735
43.0 -0.029735809372
43.5 -0.029138434181
44.0 -0.028543086149
44.5 -0.0279507679459
45.0 -0.0273509932741
45.5 -0.0267636062056
46.0 -0.0261635814879
46.5 -0.0255810602944
47.0 -0.0249966162613
47.5 -0.0243980643167
48.0 -0.0238245615084
48.5 -0.0232423148739
49.0 -0.0226781827585
49.5 -0.0221313011918
50.0 -0.0215366893423
50.5 -0.0209843249702
51.0 -0.0204494295684
51.5 -0.01988923917
52.0 -0.0193647731387
52.5 -0.0188403880639
53.0 -0.0183457669457
53.5 -0.0178308792388
54.0 -0.0173081627546
54.5 -0.0168091519239
55.0 -0.0163257720834
55.5 -0.0158540611568
56.0 -0.0153589073824
56.5 -0.0148725899384
57.0 -0.0144302715034
57.5 -0.0140015891195
58.0 -0.013574416551
58.5 -0.0131516727106
59.0 -0.0127104618411
59.5 -0.0123101733003
60.0 -0.0119060038274
60.5 -0.0115153407912
61.0 -0.0111081963575
61.5 -0.010726894646
62.0 -0.0103616778203
62.5 -0.010006225489
63.0 -0.00966169383059
63.5 -0.00932417014521
64.0 -0.00899488887709
64.5 -0.00868721988846
65.0 -0.00832261188694
65.5 -0.00802690119222
66.0 -0.00773221119427
66.5 -0.00745859619464
67.0 -0.00716025966206
67.5 -0.00690986199297
68.0 -0.00662778282012
68.5 -0.00636385223754
69.0 -0.00611546597449
69.5 -0.00588914610926
70.0 -0.00565419967671
70.5 -0.00540331704285
71.0 -0.00517219769925
71.5 -0.0049645893933
72.0 -0.00476022370104
72.5 -0.00453582466374
73.0 -0.00436436664361
73.5 -0.0042126124979
74.0 -0.00404528499885
74.5 -0.00380198085695
75.0 -0.00365516213317
75.5 -0.00349792304855
76.0 -0.00334705074609
76.5 -0.00316830162376
77.0 -0.00303283832869
77.5 -0.00288449267308
78.0 -0.00276391477083
78.5 -0.00267942550023
79.0 -0.00252380686327
79.5 -0.00242771421351
80.0 -0.00234158713668
80.5 -0.00223098455196
81.0 -0.00209148998039
81.5 -0.00203961601727
82.0 -0.00189855023716
82.5 -0.00176768110191
83.0 -0.00169486444226
83.5 -0.0016363686305
84.0 -0.00158998229117
84.5 -0.0015921649987
85.0 -0.00143867232664
85.5 -0.00143202739046
86.0 -0.00141350517007
86.5 -0.00132613046335
87.0 -0.00125764146059
87.5 -0.00122416309747
88.0 -0.00123705166173
88.5 -0.00118041788111
89.0 -0.00103296464327
89.5 -0.00107654556204
90.0 -0.00103694392269
90.5 -0.00101424887906
91.0 -0.0010445922292
91.5 -0.00103448266507
92.0 -0.00100126262702
92.5 -0.000956852585297
93.0 -0.000969233347714
93.5 -0.00100960398682
94.0 -0.00100280717909
94.5 -0.00101466850127
95.0 -0.000934829644915
95.5 -0.00102298485054
96.0 -0.00111474442391
96.5 -0.001062052533
97.0 -0.00113623998881
97.5 -0.00125555858071
98.0 -0.00129553917962
98.5 -0.00128277275059
99.0 -0.00126058812647
99.5 -0.00118158979642
100.0 -0.00121529651314
100.5 -0.00136556441299
101.0 -0.00140796243279
101.5 -0.00143814869512
102.0 -0.00153992133139
102.5 -0.00173017150811
103.0 -0.00176600784034
103.5 -0.00174543673952
104.0 -0.00182821831697
104.5 -0.00186983924676
105.0 -0.00178088463259
105.5 -0.00205210809619
106.0 -0.00224239677256
106.5 -0.00241446893135
107.0 -0.00249917794422
107.5 -0.00277136751056
108.0 -0.00302813840243
108.5 -0.00314195693803
109.0 -0.00329470478481
109.5 -0.00324672832257
110.0 -0.00353970218951
110.5 -0.0034824588411
111.0 -0.00367587755019
111.5 -0.00420891791607
112.0 -0.00400619553264
112.5 -0.00419606572014
113.0 -0.00474421659423
113.5 -0.00521472824771
114.0 -0.00522823792598
114.5 -0.00583495671592
115.0 -0.00564581964343
115.5 -0.0051894377592
116.0 -0.00571279831757
116.5 -0.00505084223927
117.0 -0.00559136511194
117.5 -0.00653939629156
118.0 -0.0059643389329
118.5 -0.00449308031101
119.0 -0.00148915225996
119.5 0.00588846582328
120.0 0.00783880215796
120.5 0.00576186657135
121.0 0.00286154028434
121.5 -0.00217707856937
122.0 -0.00307203730991
122.5 -0.00469509100873
123.0 -0.00395922041837
123.5 -0.00362735400786
124.0 -0.00396337050819
124.5 -0.00450763283014
125.0 -0.00367783594436
125.5 -0.00384836994327
126.0 -0.00398681381793
126.5 -0.00407403516441
127.0 -0.00383046087255
127.5 -0.00361544307067
128.0 -0.00395619100374
128.5 -0.00424997222866
129.0 -0.00368084073136
129.5 -0.00325301230756
130.0 -0.00284107758793
130.5 -0.00302141774814
131.0 -0.00299528212826
131.5 -0.00273122195869
132.0 -0.00263563865347
132.5 -0.00249826453146
133.0 -0.00242624843455
133.5 -0.00223959659751
134.0 -0.00200321491178
134.5 -0.00218207084232
135.0 -0.00188983294392
135.5 -0.00156724117716
136.0 -0.00141146864127
136.5 -0.00117493035406
137.0 -0.00125994543103
137.5 -0.00137296096183
138.0 -0.00111350222766
138.5 -0.00104056898318
139.0 -0.000979008091253
139.5 -0.000785041192884
140.0 -0.000495864368759
140.5 -0.000751775857591
141.0 -0.000583698363712
141.5 -0.000575479858114
142.0 -0.000417059826454
142.5 -0.000255608675923
143.0 -0.000203217916759
143.5 -0.000296900758283
144.0 -0.000235151304418
144.5 -0.00012011945088
145.0 -0.00010321817587
145.5 -7.20299567085e-05
146.0 -3.08830015783e-07
146.5 0.000207342001262
147.0 0.000147964721679
147.5 0.000106169866545
148.0 0.000215103963193
148.5 0.000430846755307
149.0 0.000516691505731
149.5 0.00038139399153
150.0 0.000377584380864
150.5 0.000442294135781
151.0 0.000553391208172
151.5 0.000641828249927
152.0 0.000714309341209
152.5 0.000759731828747
153.0 0.000836768866209
153.5 0.000925428967903
154.0 0.00104430865186
154.5 0.00113017600864
155.0 0.000956074920289
155.5 0.00103066767226
156.0 0.00118441977044
156.5 0.00130087425453
157.0 0.00149771452685
157.5 0.00149814072872
158.0 0.00142126239406
158.5 0.00147559305408
159.0 0.00147669137541
159.5 0.00143435518555
160.0 0.00137302922325
160.5 0.00160480531726
161.0 0.00177615940929
161.5 0.00190991890161
162.0 0.00191411356298
162.5 0.00196803890888
163.0 0.0020335496546
163.5 0.0020818996718
164.0 0.00204310221206
164.5 0.00195504989477
165.0 0.00232677005604
165.5 0.00247094157169
166.0 0.00207476310102
166.5 0.00233886767496
167.0 0.00255587304073
167.5 0.0029295655829
168.0 0.00319236845438
168.5 0.00307533910328
169.0 0.00291825034238
169.5 0.00328258303482
170.0 0.00355121423403
170.5 0.00363313305706
171.0 0.00318352607817
171.5 0.00374582464097
172.0 0.0039541539722
172.5 0.00434405176475
173.0 0.00420230798136
173.5 0.00405832320452
174.0 0.0044831319708
174.5 0.00469491055922
175.0 0.00482935558742
175.5 0.00410554648799
176.0 0.0041297773579
176.5 0.0031016098184
177.0 0.0030416857914
177.5 0.00404668624073
178.0 0.00249242352957
178.5 0.00134562762224
179.0 -0.000956537203791
179.5 -0.00346139103303
180.0 -0.00376375484997
180.5 -0.00365730653193
181.0 -0.00100876011217
181.5 -4.9795332643e-05
182.0 -7.66992431807e-05
182.5 0.000775010195952
183.0 0.000528314052133
183.5 0.001117171834
184.0 0.00135649022616
184.5 0.00205161144977
185.0 0.0018948084857
185.5 0.00158028918354
186.0 0.00144701226576
186.5 0.00190800586991
187.0 0.00173392868879
187.5 0.00152433554196
188.0 0.00130140760785
188.5 0.000961949976642
189.0 0.000780139955666
189.5 0.000600467046127
190.0 0.000264423205479
190.5 -9.5844424834e-05
191.0 -0.000311593019759
191.5 -0.00069099781382
192.0 -0.00103100339498
192.5 -0.00128859449227
193.0 -0.00176242380763
193.5 -0.00226982520681
194.0 -0.0029794968497
194.5 -0.00343005167919
195.0 -0.00396896523119
195.5 -0.00579278770813
196.0 -0.00664564645044
196.5 -0.00781459882558
197.0 -0.00935557083737
197.5 -0.0105914649707
198.0 -0.0144743604983
198.5 -0.0197814250317
199.0 -0.0292807086882
199.5 -0.0454333074369
