0.0 -0.00111810834638
0.5 0.0210565554509
1.0 0.0228270155309
1.5 0.0154638779137
2.0 0.0102565041423
2.5 0.00589599642941
3.0 0.00287700292824
3.5 2.68523174149e-05
4.0 -0.00253877040364
4.5 -0.00486313032724
5.0 -0.00714107379492
5.5 -0.00903249087763
6.0 -0.011085988278
6.5 -0.0129409606252
7.0 -0.014549606703
7.5 -0.0162320546019
8.0 -0.0177778247519
8.5 -0.0192971016877
9.0 -0.0207610190864
9.5 -0.0221836102225
10.0 -0.0235678229183
10.5 -0.0248954006777
11.0 -0.0262092377162
11.5 -0.0274452533336
12.0 -0.0286572987302
12.5 -0.0298428105038
13.0 -0.0309806730412
13.5 -0.0320727095134
14.0 -0.0331243959167
14.5 -0.0341356137083
15.0 -0.0351035812456
15.5 -0.0360505585829
16.0 -0.0369187644027
16.5 -0.0377688723037
17.0 -0.0385583660153
17.5 -0.0393334982393
18.0 -0.0400784212016
18.5 -0.0407849098482
19.0 -0.0414261433312
19.5 -0.0420639567359
20.0 -0.0426301500271
20.5 -0.0431584051702
21.0 -0.043625829318
21.5 -0.0440693347781
22.0 -0.0444805152298
22.5 -0.0448652633284
23.0 -0.0452050026635
23.5 -0.0455180809063
24.0 -0.0458096350843
24.5 -0.0460560922604
25.0 -0.0462512229226
25.5 -0.0464131671008
26.0 -0.0465271958835
26.5 -0.0466062871433
27.0 -0.046672656216
27.5 -0.046694465482
28.0 -0.046677820746
28.5 -0.0466395450343
29.0 -0.0465787420235
29.5 -0.0465043099194
30.0 -0.0463553444739
30.5 -0.046179988892
31.0 -0.0459860806235
31.5 -0.0457564586863
32.0 -0.0455034290902
32.5 -0.045219074038
33.0 -0.0449119307271
33.5 -0.0445781031861
34.0 -0.044218840834
34.5 -0.0438429901565
35.0 -0.043433357896
35.5 -0.0430053807225
36.0 -0.0425493043991
36.5 -0.0420668782993
37.0 -0.0415754197008
37.5 -0.0410647321333
38.0 -0.040523766527
38.5 -0.0399779316651
39.0 -0.0393891171259
39.5 -0.038805054469
40.0 -0.0382059048729
40.5 -0.0376104210328
41.0 -0.0369735810559
41.5 -0.036336560372
42.0 -0.0356854825749
42.5 -0.0350246627756
43.0 -0.0343609167641
43.5 -0.0336829851911
44.0 -0.0330073529441
44.5 -0.0323305694186
45.0 -0.0316295208336
45.5 -0.0309428520325
46.0 -0.0302469965497
46.5 -0.0295701066886
47.0 -0.0288787674285
47.5 -0.0281751204709
48.0 -0.0275000936331
48.5 -0.0268193644634
49.0 -0.026148149828
49.5 -0.0254616155723
50.0 -0.0247733266696
50.5 -0.024126274201
51.0 -0.0234525309655
51.5 -0.022802625396
52.0 -0.0221575044795
52.5 -0.0215062960794
53.0 -0.020888095469
53.5 -0.0202689455191
54.0 -0.0196569779645
54.5 -0.0190614583603
55.0 -0.0184491625078
55.5 -0.0178604978484
56.0 -0.0173082515384
56.5 -0.0167308318745
57.0 -0.0161915013732
57.5 -0.0156491889945
58.0 -0.0151240952548
58.5 -0.0145977499967
59.0 -0.0140959953883
59.5 -0.0136218544992
60.0 -0.0131385694088
60.5 -0.0126468698281
61.0 -0.0121993795461
61.5 -0.0117299031805
62.0 -0.0112916237611
62.5 -0.0108851475153
63.0 -0.0104665123247
63.5 -0.0100607680517
64.0 -0.00966547140862
64.5 -0.00926727905993
65.0 -0.00891697356191
65.5 -0.00856176719003
66.0 -0.00820393409577
66.5 -0.00786031277653
67.0 -0.00752826984115
67.5 -0.00721467276093
68.0 -0.00689884746077
68.5 -0.0066008750411
69.0 -0.00634554958217
69.5 -0.00605047834269
70.0 -0.00578185716851
70.5 -0.00549158966617
71.0 -0.00525196741495
71.5 -0.00497660681589
72.0 -0.00473042490471
72.5 -0.0045062083334
73.0 -0.00431460575922
73.5 -0.00413434099153
74.0 -0.00392409883979
74.5 -0.00370225797221
75.0 -0.00355628445931
75.5 -0.00334484510148
76.0 -0.00315946338524
76.5 -0.00297823005746
77.0 -0.00281940289755
77.5 -0.00264946994976
78.0 -0.00252365605251
78.5 -0.00240668862944
79.0 -0.00228224678406
79.5 -0.00221381990871
80.0 -0.00197218597065
80.5 -0.00191783080359
81.0 -0.00179110304237
81.5 -0.00172502696832
82.0 -0.00160573653213
82.5 -0.00149948882679
83.0 -0.00143065565804
83.5 -0.00126571976998
84.0 -0.00118746326755
84.5 -0.00115026410682
85.0 -0.00107560038134
85.5 -0.00104241032148
86.0 -0.000962706082781
86.5 -0.000938984031297
87.0 -0.000927822824003
87.5 -0.000811030665947
88.0 -0.000727599819751
88.5 -0.000679196838792
89.0 -0.000662902603629
89.5 -0.00070330152149
90.0 -0.000629381020204
90.5 -0.000623035310912
91.0 -0.000639112004158
91.5 -0.000568096639238
92.0 -0.000572968773113
92.5 -0.000526065273796
93.0 -0.000510971773355
93.5 -0.000561753913434
94.0 -0.000468777530561
94.5 -0.000501212387938
95.0 -0.00059099841847
95.5 -0.000552274847301
96.0 -0.000615488873603
96.5 -0.000695254183281
97.0 -0.000798665435031
97.5 -0.000776371488353
98.0 -0.000742086966493
98.5 -0.000782962376782
99.0 -0.000729436617842
99.5 -0.000710562239263
100.0 -0.000701197806638
100.5 -0.000857911680519
101.0 -0.000951547899199
101.5 -0.00083830594042
102.0 -0.000944497990176
102.5 -0.00108707929859
103.0 -0.00110839542511
103.5 -0.00123563474955
104.0 -0.00135293046194
104.5 -0.0014996971509
105.0 -0.0016006588879
105.5 -0.00178075848089
106.0 -0.00191361424822
106.5 -0.00193492896103
107.0 -0.00191362552436
107.5 -0.00191711788654
108.0 -0.00204341160286
108.5 -0.00221385502302
109.0 -0.00238245036054
109.5 -0.00265942654991
110.0 -0.00264890396361
110.5 -0.00267745428271
111.0 -0.00304991178222
111.5 -0.00342973877249
112.0 -0.00347866806386
112.5 -0.003664194193
113.0 -0.00385670287075
113.5 -0.00426909302971
114.0 -0.00455391216147
114.5 -0.00484522231156
115.0 -0.00508054844002
115.5 -0.00420494611677
116.0 -0.00509750343871
116.5 -0.00573699538461
117.0 -0.00553631447458
117.5 -0.00578298799614
118.0 -0.00561873939465
118.5 -0.00310706693918
119.0 0.000296357312635
119.5 0.00882400565531
120.0 0.00910527759277
120.5 0.00346694956147
121.0 -0.00097131022919
121.5 -0.00323856894421
122.0 -0.00561761930182
122.5 -0.00615687152697
123.0 -0.0065006074658
123.5 -0.00659065664541
124.0 -0.00661926805446
124.5 -0.00617722444954
125.0 -0.00613746386074
125.5 -0.00646267971439
126.0 -0.00517029050495
126.5 -0.00612565295717
127.0 -0.00593828609466
127.5 -0.00564513232639
128.0 -0.00556436764531
128.5 -0.00541698327219
129.0 -0.00498832735601
129.5 -0.00448488052632
130.0 -0.0039024989653
130.5 -0.00444671352616
131.0 -0.00444466854563
131.5 -0.00423255743073
132.0 -0.00375300021582
132.5 -0.00354341979615
133.0 -0.0030974317368
133.5 -0.00294927359097
134.0 -0.00330158925741
134.5 -0.00299397947556
135.0 -0.00300769129737
135.5 -0.00272517123385
136.0 -0.00247243134719
136.5 -0.00230876495295
137.0 -0.0020652215539
137.5 -0.00195186595728
138.0 -0.00160612577176
138.5 -0.00153749172446
139.0 -0.0016550270193
139.5 -0.00147534800218
140.0 -0.00134562716111
140.5 -0.00113023297232
141.0 -0.000789513168879
141.5 -0.00100991168321
142.0 -0.00091754599465
142.5 -0.000845013777445
143.0 -0.000679215825118
143.5 -0.000535175915877
144.0 -0.000450239910345
144.5 -0.000282323154117
145.0 -0.000173721011173
145.5 4.94552292212e-05
146.0 -0.000111871966125
146.5 -8.95494801956e-05
147.0 -2.66684449559e-05
147.5 2.87278084343e-05
148.0 0.000100312605469
148.5 0.000314740577231
149.0 0.000498174359502
149.5 0.000372120173546
150.0 0.000379505722039
150.5 0.000474240500507
151.0 0.000631019769549
151.5 0.000762172686297
152.0 0.000889628629933
152.5 0.00104795081704
153.0 0.00111510012701
153.5 0.00108998252797
154.0 0.00112564625636
154.5 0.00119610407966
155.0 0.00123716595341
155.5 0.00125495056044
156.0 0.00132590357424
156.5 0.0013585628492
157.0 0.00141233823156
157.5 0.0013678653562
158.0 0.00147860890336
158.5 0.00178259024841
159.0 0.00186070883933
159.5 0.0018050356953
160.0 0.00184821964757
160.5 0.00165922137861
161.0 0.00191191943866
161.5 0.00210312258114
162.0 0.00219467832106
162.5 0.00234637923442
163.0 0.00249608575623
163.5 0.00262323538949
164.0 0.00272045727355
164.5 0.00286427426341
165.0 0.00307870334953
165.5 0.00301245548057
166.0 0.00295913778695
166.5 0.00320783864746
167.0 0.00326365798217
167.5 0.0032524395344
168.0 0.00351291599407
168.5 0.00386088614073
169.0 0.00397037442838
169.5 0.0041601907507
170.0 0.00438230573949
170.5 0.00451357014454
171.0 0.0047667899964
171.5 0.00518655907061
172.0 0.00549759462841
172.5 0.00591833758442
173.0 0.00627948472498
173.5 0.00629270839352
174.0 0.00628152574441
174.5 0.00683401364431
175.0 0.006977150772
175.5 0.00653622755527
176.0 0.00695030138141
176.5 0.00634090753917
177.0 0.00689741959603
177.5 0.00736363226564
178.0 0.00430669832144
178.5 0.00275415723989
179.0 -0.00129904998893
179.5 -0.00201718850836
180.0 -0.0019297599807
180.5 -0.00622990724248
181.0 -0.00582491645814
181.5 -0.00252606303263
182.0 -0.00047567940797
182.5 0.00127340337403
183.0 0.00168117828291
183.5 0.0023712483522
184.0 0.00243936269707
184.5 0.00243130875319
185.0 0.00234565155522
185.5 0.00194370383551
186.0 0.00174197750624
186.5 0.00214409105091
187.0 0.00204187860103
187.5 0.00168368882339
188.0 0.00133581500893
188.5 0.00116044885668
189.0 0.000965267490741
189.5 0.000601529272089
190.0 0.000294015358364
190.5 4.82956902914e-05
191.0 -0.000201314616589
191.5 -0.000565402527599
192.0 -0.000846727070893
192.5 -0.00106351154101
193.0 -0.00168634829176
193.5 -0.00213442828607
194.0 -0.00262929824332
194.5 -0.00319345355858
195.0 -0.00431386284275
195.5 -0.00554090349871
196.0 -0.00628666787664
196.5 -0.00698419848332
197.0 -0.00923120243806
197.5 -0.0106697851474
198.0 -0.0146041680797
198.5 -0.0200356630063
199.0 -0.0299021486934
199.5 -0.0467017432313
