0.0 -0.0018462287267
0.5 0.0199558214225
1.0 0.0200406747028
1.5 0.0127791621503
2.0 0.00778016864271
2.5 0.00352052581261
3.0 0.000553336183103
3.5 -0.00216343128433
4.0 -0.00467561581992
4.5 -0.00692232184794
5.0 -0.00914647235822
5.5 -0.0113477096458
6.0 -0.013254015617
6.5 -0.0150332018921
7.0 -0.0167446181362
7.5 -0.0184327719491
8.0 -0.0200489268759
8.5 -0.0217193384251
9.0 -0.0231986220375
9.5 -0.0246879502643
10.0 -0.0261485284189
10.5 -0.0275371254086
11.0 -0.0289012720934
11.5 -0.0302433609373
12.0 -0.0315527528484
12.5 -0.0327579047121
13.0 -0.0339284497762
13.5 -0.0350681613783
14.0 -0.0362128496109
14.5 -0.0372283296758
15.0 -0.0381835073555
15.5 -0.0391203801808
16.0 -0.0399908936338
16.5 -0.0407789085692
17.0 -0.0415308312387
17.5 -0.0422648267226
18.0 -0.0429295289668
18.5 -0.0435330091887
19.0 -0.0440620822984
19.5 -0.0445398879365
20.0 -0.0449822582755
20.5 -0.0453516418643
21.0 -0.0456399042979
21.5 -0.0458908151403
22.0 -0.0460977339616
22.5 -0.0462431896904
23.0 -0.0463498927273
23.5 -0.046396861393
24.0 -0.0463977605303
24.5 -0.046380916936
25.0 -0.0462736733091
25.5 -0.0461312386164
26.0 -0.0459626370269
26.5 -0.0457458480829
27.0 -0.0454898706354
27.5 -0.0452174474494
28.0 -0.0448943642715
28.5 -0.0445472698623
29.0 -0.044189698078
29.5 -0.0437892198233
30.0 -0.0433470679277
30.5 -0.0428897498301
31.0 -0.0424222179542
31.5 -0.0419160924519
32.0 -0.0413967639069
32.5 -0.0408718725476
33.0 -0.0403177003055
33.5 -0.039758323777
34.0 -0.039182784084
34.5 -0.0386039402802
35.0 -0.03800683016
35.5 -0.0374065169115
36.0 -0.0367808191498
36.5 -0.0361428510585
37.0 -0.0355155007364
37.5 -0.0348927967814
38.0 -0.0342651917444
38.5 -0.0336261545524
39.0 -0.0329786655509
39.5 -0.0323451522952
40.0 -0.0317217371744
40.5 -0.0310717326651
41.0 -0.0304302659554
41.5 -0.0298048863235
42.0 -0.0291758789834
42.5 -0.0285380663403
43.0 -0.0279010341331
43.5 -0.0272784401611
44.0 -0.0266679153095
44.5 -0.0260341055227
45.0 -0.0254169893662
45.5 -0.0248160106384
46.0 -0.0242209395637
46.5 -0.0236214561339
47.0 -0.023043213972
47.5 -0.0224545677953
48.0 -0.0218872754472
48.5 -0.021325882121
49.0 -0.0207766763715
49.5 -0.020215860409
50.0 -0.0196473414322
50.5 -0.0191290102017
51.0 -0.0186049706299
51.5 -0.0180843792027
52.0 -0.0175815340173
52.5 -0.0170717865675
53.0 -0.01660109466
53.5 -0.0161195325134
54.0 -0.015639697587
54.5 -0.0151902423997
55.0 -0.0147060667616
55.5 -0.0142508902587
56.0 -0.0138331041329
56.5 -0.0133913711917
57.0 -0.0129774980768
57.5 -0.0125491144662
58.0 -0.0121515998754
58.5 -0.0117744336782
59.0 -0.0113807099201
59.5 -0.0110066456468
60.0 -0.0106347017211
60.5 -0.010283716357
61.0 -0.00992190929061
61.5 -0.00958192013632
62.0 -0.00925220732109
62.5 -0.00891750530277
63.0 -0.00863888542863
63.5 -0.00833862869636
64.0 -0.00802664839285
64.5 -0.00774065141343
65.0 -0.00745763298347
65.5 -0.00718815901989
66.0 -0.00689082262106
66.5 -0.00662109883464
67.0 -0.00637465694625
67.5 -0.00616955439253
68.0 -0.00591059548303
68.5 -0.00564624055136
69.0 -0.00545485112041
69.5 -0.00526876839926
70.0 -0.00508302476478
70.5 -0.00480135696057
71.0 -0.0046095747739
71.5 -0.00444217210702
72.0 -0.00424347956666
72.5 -0.00404401078979
73.0 -0.00387504636499
73.5 -0.00370550561411
74.0 -0.00354913498056
74.5 -0.00340756774048
75.0 -0.0032616956512
75.5 -0.00312348037716
76.0 -0.00297006103469
76.5 -0.00282108493953
77.0 -0.00269702962967
77.5 -0.00258908070196
78.0 -0.00246809875951
78.5 -0.00237684917849
79.0 -0.00227841113124
79.5 -0.00219664464324
80.0 -0.00215309728901
80.5 -0.00200169271984
81.0 -0.00188439151668
81.5 -0.00177721495351
82.0 -0.0017182346851
82.5 -0.00165917038601
83.0 -0.00157082183794
83.5 -0.00147871008168
84.0 -0.00136989227387
84.5 -0.00135431553129
85.0 -0.00132810667928
85.5 -0.00138813104899
86.0 -0.00119356736343
86.5 -0.0011746785322
87.0 -0.00113653854626
87.5 -0.00108178990388
88.0 -0.00108033248961
88.5 -0.00101783162101
89.0 -0.00104436305692
89.5 -0.000961856747445
90.0 -0.00100613195102
90.5 -0.00101040885092
91.0 -0.000941189125026
91.5 -0.000928634405341
92.0 -0.000918798359432
92.5 -0.000872144531186
93.0 -0.000857767575585
93.5 -0.000860371979492
94.0 -0.000848030981544
94.5 -0.000889348640143
95.0 -0.000825622145719
95.5 -0.000887776707867
96.0 -0.000993374531902
96.5 -0.00098586411589
97.0 -0.00104570706775
97.5 -0.00112622544566
98.0 -0.0011231119731
98.5 -0.00110505650831
99.0 -0.00119163164482
99.5 -0.0012289884919
100.0 -0.00134091387552
100.5 -0.00123242729306
101.0 -0.00131449044117
101.5 -0.00143829792233
102.0 -0.00137201525021
102.5 -0.00147722949902
103.0 -0.00164584397112
103.5 -0.00181141808802
104.0 -0.00197552228345
104.5 -0.00192015576812
105.0 -0.00199883367348
105.5 -0.00198147145479
106.0 -0.00207732556703
106.5 -0.00220155601311
107.0 -0.00216132835284
107.5 -0.00223278346353
108.0 -0.00256432791585
108.5 -0.00287326598807
109.0 -0.00288937978962
109.5 -0.00315447356574
110.0 -0.00304899085923
110.5 -0.00361812707569
111.0 -0.00345606554938
111.5 -0.00398620897289
112.0 -0.00408111115185
112.5 -0.00407261512851
113.0 -0.00425925507638
113.5 -0.00458747667723
114.0 -0.00431413816675
114.5 -0.00477619657623
115.0 -0.00432644979082
115.5 -0.00444114370666
116.0 -0.00419588862907
116.5 -0.00470778881916
117.0 -0.00471504541434
117.5 -0.00525625278848
118.0 -0.00284637808474
118.5 -0.00199059193639
119.0 7.12267623157e-05
119.5 0.00784429912692
120.0 0.00822635538967
120.5 0.00537845049259
121.0 0.00248926435292
121.5 -0.00525400293104
122.0 -0.00682496572082
122.5 -0.0100010082754
123.0 -0.00811227116974
123.5 -0.00683286724197
124.0 -0.0070653344038
124.5 -0.00786653220285
125.0 -0.0075684998498
125.5 -0.006105566272
126.0 -0.00602145421716
126.5 -0.00643650636111
127.0 -0.00594739567003
127.5 -0.0054805320429
128.0 -0.0050884415255
128.5 -0.00521311753226
129.0 -0.00541827670302
129.5 -0.00449452358591
130.0 -0.00455154007912
130.5 -0.00394078503005
131.0 -0.00408033204725
131.5 -0.00395637742673
132.0 -0.00374610597927
132.5 -0.00323690801325
133.0 -0.00302602624328
133.5 -0.00315751085553
134.0 -0.00281427909221
134.5 -0.00259004436639
135.0 -0.00248680677452
135.5 -0.00227396573353
136.0 -0.00215644841521
136.5 -0.00203894371221
137.0 -0.00184331490593
137.5 -0.00179922547286
138.0 -0.00161838935852
138.5 -0.00149186812051
139.0 -0.00136445562773
139.5 -0.00126327673302
140.0 -0.00113010584446
140.5 -0.00102000854259
141.0 -0.000838310150876
141.5 -0.000724975910035
142.0 -0.000790612275228
142.5 -0.000849880260272
143.0 -0.000686624618217
143.5 -0.000565855505485
144.0 -0.00050758526972
144.5 -0.000363441377999
145.0 -0.000313978433009
145.5 -0.000235188778356
146.0 -0.000179891426346
146.5 -0.000129065008975
147.0 -5.07191214418e-05
147.5 2.27982500673e-05
148.0 0.00013853920013
148.5 0.000281250899394
149.0 0.000338852105789
149.5 0.000434833291071
150.0 0.000539966097325
150.5 0.000716580783064
151.0 0.000551092508294
151.5 0.000619268292335
152.0 0.000808607091225
152.5 0.000750897879271
153.0 0.000716351176859
153.5 0.000823870388876
154.0 0.000939663291458
154.5 0.00102122940852
155.0 0.0010913320456
155.5 0.00118384789062
156.0 0.00127803975862
156.5 0.00136562770501
157.0 0.00149714856943
157.5 0.00160358422807
158.0 0.00170145890763
158.5 0.00174433085783
159.0 0.00164886784088
159.5 0.00181483482537
160.0 0.00204636426825
160.5 0.00212021214579
161.0 0.00212011966457
161.5 0.00218203736056
162.0 0.00220765293268
162.5 0.00234252775958
163.0 0.00244213863945
163.5 0.00239489005948
164.0 0.00234190872845
164.5 0.00263053303458
165.0 0.00297874662111
165.5 0.00303621106953
166.0 0.00290654785553
166.5 0.00308080226139
167.0 0.00320479098544
167.5 0.00335289895862
168.0 0.00358046996955
168.5 0.00376264031923
169.0 0.00382989067221
169.5 0.0039470138302
170.0 0.0040265640921
170.5 0.00405447304622
171.0 0.00432019907736
171.5 0.0040746696292
172.0 0.00427341756368
172.5 0.00475854482029
173.0 0.00507337625636
173.5 0.00536487454822
174.0 0.00558882911524
174.5 0.00555000754116
175.0 0.00550384060224
175.5 0.00494502313343
176.0 0.00501886689806
176.5 0.00532669688018
177.0 0.00571707861096
177.5 0.00756352444729
178.0 0.00394390697895
178.5 0.00366573415633
179.0 0.000606078428959
179.5 -0.00340371070266
180.0 -0.0046922351934
180.5 -0.00515351471948
181.0 -0.00210377596679
181.5 0.000518815080468
182.0 0.00190147384767
182.5 0.00324242768662
183.0 0.00275937974581
183.5 0.00282766067983
184.0 0.00243593851995
184.5 0.0022012604436
185.0 0.00214926466226
185.5 0.00191350532496
186.0 0.0019775938155
186.5 0.00182927082766
187.0 0.00204621886706
187.5 0.00185729227377
188.0 0.00150709827177
188.5 0.00142469202304
189.0 0.00109333286257
189.5 0.000849274657043
190.0 0.00058578333568
190.5 0.000215899276228
191.0 -1.68166367018e-05
191.5 -0.000378782447967
192.0 -0.000678370727925
192.5 -0.000908068309286
193.0 -0.00146087951586
193.5 -0.00192595508804
194.0 -0.00248710962192
194.5 -0.00300771046813
195.0 -0.00363215450744
195.5 -0.00549771712693
196.0 -0.00644342582383
196.5 -0.007687634842
197.0 -0.00900879806024
197.5 -0.00996027229378
198.0 -0.0128794122439
198.5 -0.0179349059911
199.0 -0.0283639656587
199.5 -0.0448795439304
