0.0 -0.0026195778204
0.5 0.0193947913878
1.0 0.0208665642342
1.5 0.0132436256308
2.0 0.00853216515623
2.5 0.00404164749564
3.0 0.00130255142638
3.5 -0.00135532541749
4.0 -0.00388621244515
4.5 -0.00621129733113
5.0 -0.00851741648536
5.5 -0.0104342496022
6.0 -0.0125318600405
6.5 -0.0143873081008
7.0 -0.0160259779512
7.5 -0.0178010597417
8.0 -0.0195229959633
8.5 -0.0210909363654
9.0 -0.0226419801729
9.5 -0.0241771939902
10.0 -0.0256750162225
10.5 -0.0271929243413
11.0 -0.0286151036401
11.5 -0.0299783852071
12.0 -0.0313469544109
12.5 -0.0326860893304
13.0 -0.0339260582655
13.5 -0.0351479955544
14.0 -0.0363200631928
14.5 -0.0374337014065
15.0 -0.03850274314
15.5 -0.0395400678671
16.0 -0.0404870878404
16.5 -0.0413949009791
17.0 -0.0422561347357
17.5 -0.0430615826573
18.0 -0.0438037588346
18.5 -0.0444809244471
19.0 -0.0450990259781
19.5 -0.045660673877
20.0 -0.0461785771606
20.5 -0.0466175819312
21.0 -0.0469740154512
21.5 -0.0472905722022
22.0 -0.0475587862033
22.5 -0.0477314797306
23.0 -0.047891011878
23.5 -0.0479682577476
24.0 -0.0480143304161
24.5 -0.0480137466273
25.0 -0.0479201337277
25.5 -0.0477841509938
26.0 -0.0476130827029
26.5 -0.0473868717898
27.0 -0.0471209865243
27.5 -0.0468127922929
28.0 -0.0464854391578
28.5 -0.0461275541495
29.0 -0.0457404655698
29.5 -0.0453000015658
30.0 -0.0448151577816
30.5 -0.0443137401637
31.0 -0.0437947299844
31.5 -0.0432460808783
32.0 -0.0426813243931
32.5 -0.042093184107
33.0 -0.0414902849324
33.5 -0.0408738923397
34.0 -0.0402403170959
34.5 -0.039598243398
35.0 -0.0389542250405
35.5 -0.038301604395
36.0 -0.0376273077002
36.5 -0.036939441932
37.0 -0.0362513512099
37.5 -0.0355685844896
38.0 -0.0348867277634
38.5 -0.0341790834455
39.0 -0.0334818655861
39.5 -0.0327996666421
40.0 -0.0320978714884
40.5 -0.0314214723057
41.0 -0.0307267258655
41.5 -0.0300434147962
42.0 -0.0293681713751
42.5 -0.0286920674191
43.0 -0.0280145778814
43.5 -0.0273430397714
44.0 -0.0266862476163
44.5 -0.0260435836777
45.0 -0.025393732985
45.5 -0.0247598473207
46.0 -0.0241181283567
46.5 -0.0234993923447
47.0 -0.0229061925314
47.5 -0.0222988884073
48.0 -0.0217101823145
48.5 -0.0211196589044
49.0 -0.0205421465757
49.5 -0.0199764152135
50.0 -0.0193931555509
50.5 -0.0188418496717
51.0 -0.0183130290306
51.5 -0.0177697642267
52.0 -0.0172599703533
52.5 -0.0167514525956
53.0 -0.0162599791548
53.5 -0.0157704583657
54.0 -0.0152951059055
54.5 -0.0148117027272
55.0 -0.0143473802215
55.5 -0.0138972010439
56.0 -0.0134710176418
56.5 -0.0130171186947
57.0 -0.0126041403426
57.5 -0.0121986246385
58.0 -0.0118019367808
58.5 -0.0114205091888
59.0 -0.0110391954932
59.5 -0.0106643240072
60.0 -0.0102998916271
60.5 -0.00992658936232
61.0 -0.00956896157813
61.5 -0.00923074826553
62.0 -0.00892310861801
62.5 -0.00859805895045
63.0 -0.008308887765
63.5 -0.00800109556402
64.0 -0.00766445728604
64.5 -0.00739997919907
65.0 -0.00713173111548
65.5 -0.00687524291754
66.0 -0.00660134585195
66.5 -0.00631592018276
67.0 -0.00608440493277
67.5 -0.00584165694079
68.0 -0.00560376692535
68.5 -0.00538498582109
69.0 -0.00519068148766
69.5 -0.00498587298496
70.0 -0.00477811107003
70.5 -0.00457962081363
71.0 -0.004385695219
71.5 -0.00419722461223
72.0 -0.00400235339134
72.5 -0.00384816433339
73.0 -0.00369662085995
73.5 -0.00351540360476
74.0 -0.00337440060078
74.5 -0.00323390439077
75.0 -0.003095242027
75.5 -0.00296796250768
76.0 -0.00282788570698
76.5 -0.00268575610782
77.0 -0.00255715563554
77.5 -0.00243530216526
78.0 -0.00235254941264
78.5 -0.00221094114466
79.0 -0.00214357026585
79.5 -0.00209342744319
80.0 -0.00189865305625
80.5 -0.00182458616395
81.0 -0.0017376952133
81.5 -0.00168460836981
82.0 -0.00158979934741
82.5 -0.0014967810428
83.0 -0.00144921667192
83.5 -0.00140636750741
84.0 -0.00125715364173
84.5 -0.00123565110746
85.0 -0.00123406563485
85.5 -0.00124052008356
86.0 -0.00121720374448
86.5 -0.0012200955804
87.0 -0.00114424602988
87.5 -0.00106800869396
88.0 -0.00101281431865
88.5 -0.00092166185231
89.0 -0.00094792575635
89.5 -0.00101884263232
90.0 -0.000977276376624
90.5 -0.00101248460667
91.0 -0.000906095606368
91.5 -0.000896825950353
92.0 -0.00100606949906
92.5 -0.000974919003436
93.0 -0.000920611097818
93.5 -0.000949176963672
94.0 -0.000824442855137
94.5 -0.000852660191775
95.0 -0.00102305549325
95.5 -0.000994367810875
96.0 -0.000985282225567
96.5 -0.000999412910559
97.0 -0.00110552356237
97.5 -0.00113010607744
98.0 -0.00119017236758
98.5 -0.00128753656115
99.0 -0.00114514096519
99.5 -0.00131437083946
100.0 -0.00142374176731
100.5 -0.0013389659783
101.0 -0.00143514126317
101.5 -0.00154070396131
102.0 -0.00160657754396
102.5 -0.00165795759654
103.0 -0.00165728637766
103.5 -0.00176774127877
104.0 -0.00180831934201
104.5 -0.00166293636602
105.0 -0.00193975673207
105.5 -0.002096740044
106.0 -0.00210282745166
106.5 -0.00227734272474
107.0 -0.00258159454616
107.5 -0.00273663630017
108.0 -0.00286035895387
108.5 -0.00310850833372
109.0 -0.00319655009573
109.5 -0.00286274222362
110.0 -0.00332540246918
110.5 -0.00346174341806
111.0 -0.0038602321149
111.5 -0.00422065044074
112.0 -0.00438126304123
112.5 -0.00411474882466
113.0 -0.00419484321365
113.5 -0.00499403031323
114.0 -0.00499021133105
114.5 -0.00572836230555
115.0 -0.00569611498169
115.5 -0.00570226958735
116.0 -0.00635670471165
116.5 -0.00705050132315
117.0 -0.00727324069989
117.5 -0.00828881902402
118.0 -0.00607585841972
118.5 -0.00226817521576
119.0 0.00214394489537
119.5 0.00782309600119
120.0 0.00546567224148
120.5 0.00346057453334
121.0 0.00291052113232
121.5 -0.00149511110203
122.0 -0.00484650958428
122.5 -0.00533713970262
123.0 -0.00575588625787
123.5 -0.00543811528026
124.0 -0.00558716993947
124.5 -0.00565509782317
125.0 -0.00603925031783
125.5 -0.00514071164658
126.0 -0.00456037072725
126.5 -0.00604165697291
127.0 -0.00575002823113
127.5 -0.00536290966309
128.0 -0.00516003205219
128.5 -0.00480736599052
129.0 -0.00437010423012
129.5 -0.00440596986128
130.0 -0.00369415635762
130.5 -0.00467958270006
131.0 -0.00408344323901
131.5 -0.00357338423618
132.0 -0.00385850358874
132.5 -0.00371960096495
133.0 -0.00328902012303
133.5 -0.00297665604846
134.0 -0.00272206985954
134.5 -0.00254162407563
135.0 -0.00240767677845
135.5 -0.00216299515422
136.0 -0.00200358479408
136.5 -0.00175332021448
137.0 -0.00182957574536
137.5 -0.00193778618435
138.0 -0.00164954518488
138.5 -0.00143801233906
139.0 -0.00130118262628
139.5 -0.00144292887869
140.0 -0.00126607922587
140.5 -0.00118569220731
141.0 -0.00106705407542
141.5 -0.00105863680172
142.0 -0.000839353683826
142.5 -0.000736016714635
143.0 -0.000509133789125
143.5 -0.000448619730035
144.0 -0.000632766692371
144.5 -0.000467038365347
145.0 -0.000383103908832
145.5 -0.00012488132808
146.0 -0.00029634891223
146.5 -0.000309555779205
147.0 -0.000241805961156
147.5 -0.000107409398792
148.0 2.33932414408e-05
148.5 0.000236289667501
149.0 0.000396924206591
149.5 0.000279512697881
150.0 0.000340390719155
150.5 0.000379407976574
151.0 0.000407951062403
151.5 0.000414191528268
152.0 0.000488886138323
152.5 0.000613396101576
153.0 0.000828094427064
153.5 0.000922800552305
154.0 0.000840437201727
154.5 0.000849153151179
155.0 0.000810370011322
155.5 0.000904258705004
156.0 0.001099108096
156.5 0.00121465908803
157.0 0.00141128390233
157.5 0.00143561902413
158.0 0.00137307341104
158.5 0.00143654956444
159.0 0.00145815870612
159.5 0.00147229533079
160.0 0.00157250468311
160.5 0.00160540043068
161.0 0.00167376752429
161.5 0.00174406701134
162.0 0.00166611992277
162.5 0.00190226289696
163.0 0.002197179827
163.5 0.0023019101118
164.0 0.00225398011661
164.5 0.00225887709588
165.0 0.00240025862584
165.5 0.00209746742537
166.0 0.00225785168394
166.5 0.00261004212789
167.0 0.00274773328468
167.5 0.00299123197976
168.0 0.00319759511785
168.5 0.00329989856841
169.0 0.00321556654631
169.5 0.00305977555366
170.0 0.00345148419893
170.5 0.00373129882597
171.0 0.00392425374393
171.5 0.00417895214227
172.0 0.00381573765755
172.5 0.00413209831682
173.0 0.00456303003448
173.5 0.00488602022554
174.0 0.00518308598562
174.5 0.00501416188703
175.0 0.00411971337807
175.5 0.00389023966481
176.0 0.0038562478661
176.5 0.00366011743404
177.0 0.00346911830965
177.5 0.00458405731023
178.0 0.00268387469076
178.5 0.00105428651079
179.0 -0.00177941658048
179.5 -0.00493998336079
180.0 -0.00534346507726
180.5 -0.0052394088636
181.0 -0.00134136550948
181.5 0.00187183084877
182.0 0.00310375043503
182.5 0.00434266765114
183.0 0.00370461471496
183.5 0.0035188380774
184.0 0.00290920325585
184.5 0.00257550076046
185.0 0.00239904567985
185.5 0.00195452126562
186.0 0.00259706775041
186.5 0.00227717497972
187.0 0.00206238523202
187.5 0.00172468956592
188.0 0.00135984491985
188.5 0.00112691884323
189.0 0.000825788090808
189.5 0.000531699414154
190.0 0.000311699111734
190.5 -6.96334963521e-05
191.0 -0.000427718883628
191.5 -0.000843242041896
192.0 -0.00122325806991
192.5 -0.00152603689271
193.0 -0.0021895819108
193.5 -0.00285042539734
194.0 -0.00378847785625
194.5 -0.00461717292546
195.0 -0.00565853749342
195.5 -0.00726731927099
196.0 -0.00820730482917
196.5 -0.010746018018
197.0 -0.0131081484721
197.5 -0.0151504604235
198.0 -0.0204000330018
198.5 -0.0278481679261
199.0 -0.0429681188216
199.5 -0.0683959990765
