0.0 0.010567292059
0.5 0.0412919023924
1.0 0.0606992972823
1.5 0.0530645665475
2.0 0.048910015451
2.5 0.0453156958487
3.0 0.0430903617139
3.5 0.0411905460803
4.0 0.0392648375574
4.5 0.0381238328095
5.0 0.0368994607073
5.5 0.0360005831968
6.0 0.0351115527966
6.5 0.0343632100431
7.0 0.0337748898136
7.5 0.0330791355919
8.0 0.0324282741664
8.5 0.0319521222939
9.0 0.031478641359
9.5 0.0310092798618
10.0 0.0305303923126
10.5 0.0300879234991
11.0 0.0296261017816
11.5 0.0292141633376
12.0 0.0288027172206
12.5 0.0283761092433
13.0 0.0279242299289
13.5 0.0274255255001
14.0 0.0269986393119
14.5 0.026552306492
15.0 0.0260993809765
15.5 0.0255486888707
16.0 0.0250594229973
16.5 0.0245441147159
17.0 0.0239885446247
17.5 0.0233861575654
18.0 0.022782704938
18.5 0.0221410339103
19.0 0.0214428949637
19.5 0.0207197580174
20.0 0.0199768533352
20.5 0.019186691476
21.0 0.0183480079764
21.5 0.0174841455394
22.0 0.0165626489786
22.5 0.015588644442
23.0 0.014575215117
23.5 0.0134926310185
24.0 0.012347969463
24.5 0.0111531967689
25.0 0.00990468980105
25.5 0.0085894348668
26.0 0.00721813261913
26.5 0.00577411827021
27.0 0.00424014054513
27.5 0.0026310311868
28.0 0.000974578143506
28.5 -0.000765511422735
29.0 -0.0026140007565
29.5 -0.00453154096257
30.0 -0.00655827063474
30.5 -0.00863468556499
31.0 -0.0108117843708
31.5 -0.0130798555673
32.0 -0.0154652281453
32.5 -0.0179408134434
33.0 -0.0205054207132
33.5 -0.023138505358
34.0 -0.0259198423849
34.5 -0.0288157502457
35.0 -0.0318126811841
35.5 -0.0349239879061
36.0 -0.0381200079402
36.5 -0.0414266428718
37.0 -0.0448673013373
37.5 -0.0483757483893
38.0 -0.0519354897925
38.5 -0.0556272024839
39.0 -0.0593745744951
39.5 -0.0632751794004
40.0 -0.0672812631201
40.5 -0.0713359653736
41.0 -0.0753765685059
41.5 -0.0794645310647
42.0 -0.0835928437194
42.5 -0.0877597273819
43.0 -0.0919334203135
43.5 -0.0960548245459
44.0 -0.100147993537
44.5 -0.104181003724
45.0 -0.108040058286
45.5 -0.111718517142
46.0 -0.115308603483
46.5 -0.118682631764
47.0 -0.121837293135
47.5 -0.124711879349
48.0 -0.12730513178
48.5 -0.129580083829
49.0 -0.131534591634
49.5 -0.133144256082
50.0 -0.13428786115
50.5 -0.135075198065
51.0 -0.135483755917
51.5 -0.13551560223
52.0 -0.135192828117
52.5 -0.1345061365
53.0 -0.133515961716
53.5 -0.132216483067
54.0 -0.130628256019
54.5 -0.128767112959
55.0 -0.126662836382
55.5 -0.12434254899
56.0 -0.121864473632
56.5 -0.119212395072
57.0 -0.116456000222
57.5 -0.113585925355
58.0 -0.110673892957
58.5 -0.107681195639
59.0 -0.104624242402
59.5 -0.101570914859
60.0 -0.0984890934172
60.5 -0.0953743452656
61.0 -0.0922983002846
61.5 -0.0892281709333
62.0 -0.0861911354233
62.5 -0.0832048971982
63.0 -0.080240215738
63.5 -0.0773243322619
64.0 -0.0744629045069
64.5 -0.0716673463663
65.0 -0.068901973544
65.5 -0.0661959915028
66.0 -0.0635557117922
66.5 -0.0609992369483
67.0 -0.0584725275242
67.5 -0.0560519749576
68.0 -0.0536523420065
68.5 -0.0513198279648
69.0 -0.0490642399758
69.5 -0.0468769834729
70.0 -0.0447461869883
70.5 -0.0426664491554
71.0 -0.0406504910621
71.5 -0.0387070442682
72.0 -0.0368303866541
72.5 -0.0349876998147
73.0 -0.0332448155984
73.5 -0.031550802281
74.0 -0.0299037605462
74.5 -0.0283255523615
75.0 -0.0267814247457
75.5 -0.0253069682199
76.0 -0.0238818681019
76.5 -0.0225031026189
77.0 -0.0211433810969
77.5 -0.019838325407
78.0 -0.018634304875
78.5 -0.0174149986759
79.0 -0.0162943695
79.5 -0.0152052904326
80.0 -0.0141452477006
80.5 -0.0131391479933
81.0 -0.0121463273172
81.5 -0.0112303160297
82.0 -0.0103228015432
82.5 -0.00947200085781
83.0 -0.00862940068438
83.5 -0.00784635871198
84.0 -0.00710104512136
84.5 -0.00640848741432
85.0 -0.0057352373784
85.5 -0.00515092188524
86.0 -0.00445400809767
86.5 -0.00385801152525
87.0 -0.00328891175806
87.5 -0.00270424792676
88.0 -0.00219972057172
88.5 -0.0016966436197
89.0 -0.00128330868712
89.5 -0.000905196110502
90.0 -0.000410092106378
90.5 -5.88016904715e-05
91.0 0.000291171252332
91.5 0.000666831533017
92.0 0.00101200231545
92.5 0.00132172443965
93.0 0.00160822864687
93.5 0.00188989164321
94.0 0.00213477684748
94.5 0.00232644395778
95.0 0.00243887964684
95.5 0.00266558552133
96.0 0.00287607123375
96.5 0.0031275128292
97.0 0.003244947032
97.5 0.00334070535298
98.0 0.00343627553951
98.5 0.00347776811098
99.0 0.0035528729562
99.5 0.00372090871351
100.0 0.00382924875551
100.5 0.00392760302804
101.0 0.00399296257481
101.5 0.00408913966503
102.0 0.00411284286651
102.5 0.00405579715376
103.0 0.00403199556033
103.5 0.00394116669734
104.0 0.00382332105634
104.5 0.00359065367081
105.0 0.00377886346591
105.5 0.00401618408048
106.0 0.00373277706804
106.5 0.0033312064748
107.0 0.00341460962451
107.5 0.00341505477271
108.0 0.00321514245589
108.5 0.00311448791565
109.0 0.00313456913364
109.5 0.00306766914333
110.0 0.00293594129656
110.5 0.00255907458485
111.0 0.00210539759311
111.5 0.00197013048962
112.0 0.0018680546588
112.5 0.00160510248202
113.0 0.00159565276819
113.5 0.00148890836837
114.0 0.00138011649307
114.5 0.00157633001017
115.0 0.000622886363573
115.5 0.000914859462981
116.0 0.00107522957948
116.5 0.000833150236602
117.0 0.000189914650633
117.5 -0.00187657880832
118.0 -0.00142455722678
118.5 -0.000172652000344
119.0 0.00206249082383
119.5 0.00931212958614
120.0 0.00923140871096
120.5 0.00720311503783
121.0 0.00605829305276
121.5 -0.000628527037449
122.0 -0.00103246048793
122.5 -0.00323078210715
123.0 -0.00171434082792
123.5 -0.00104985366168
124.0 -0.000201367870673
124.5 -1.83630228321e-05
125.0 -0.000825097087855
125.5 -0.000511561863163
126.0 -0.000307378242297
126.5 -0.000415762409503
127.0 -0.000289905799676
127.5 -4.48250162037e-05
128.0 -1.57171707116e-05
128.5 0.000114229008688
129.0 0.000785878668793
129.5 0.000716801898527
130.0 0.00150611307497
130.5 0.00171589878813
131.0 0.000827562203952
131.5 0.00143358316527
132.0 0.00162736733107
132.5 0.00173050303989
133.0 0.00201629352412
133.5 0.00217964279872
134.0 0.0022721771933
134.5 0.00191280542236
135.0 0.00236287565034
135.5 0.00242843673768
136.0 0.00236618116607
136.5 0.00265080456053
137.0 0.00280691409205
137.5 0.00273227515673
138.0 0.00304109848365
138.5 0.00312552760831
139.0 0.00284747243991
139.5 0.00313942577466
140.0 0.00305222670391
140.5 0.00327041767894
141.0 0.00321571930645
141.5 0.00330699714572
142.0 0.0033574620594
142.5 0.00347703048535
143.0 0.00372803096769
143.5 0.00364954822355
144.0 0.00342534683854
144.5 0.00371370883202
145.0 0.00382445438417
145.5 0.00377459122556
146.0 0.00378230043678
146.5 0.00369832383893
147.0 0.00380003083115
147.5 0.00391433601125
148.0 0.00385712748945
148.5 0.00385722209403
149.0 0.00406553047198
149.5 0.00420676401162
150.0 0.00402270420425
150.5 0.00403857997905
151.0 0.00404531519083
151.5 0.00412089325384
152.0 0.00430273244918
152.5 0.00420943820142
153.0 0.00416714613259
153.5 0.00419943605356
154.0 0.00419494118225
154.5 0.00441752348405
155.0 0.0045777445551
155.5 0.00474717599186
156.0 0.00464374057545
156.5 0.00470902728453
157.0 0.00492978264868
157.5 0.00496604737846
158.0 0.00489641941873
158.5 0.0049493242988
159.0 0.00496342380861
159.5 0.00495579711085
160.0 0.00498184419407
160.5 0.00486473227367
161.0 0.00508402710399
161.5 0.00528579467858
162.0 0.00543006236396
162.5 0.00554284832036
163.0 0.00557490490097
163.5 0.00558749397373
164.0 0.00560815085526
164.5 0.00568260866338
165.0 0.00584366321561
165.5 0.00560901516327
166.0 0.00586277585273
166.5 0.00620803380641
167.0 0.00604539573403
167.5 0.0062495191472
168.0 0.00663950488647
168.5 0.00688109954443
169.0 0.00687518146112
169.5 0.00695652141323
170.0 0.00710463798885
170.5 0.00718100344858
171.0 0.00751081701895
171.5 0.00719763742214
172.0 0.00771045045352
172.5 0.00832914260228
173.0 0.0085670036944
173.5 0.00886821712612
174.0 0.00917571452123
174.5 0.00920260162503
175.0 0.00859721042228
175.5 0.00865856868482
176.0 0.00908394548004
176.5 0.0093001491865
177.0 0.00929807531351
177.5 0.011618987178
178.0 0.0098334540435
178.5 0.00789508924595
179.0 0.00510338594133
179.5 0.00137596444112
180.0 -0.00172948676257
180.5 -0.00442037920858
181.0 -0.00182055315524
181.5 0.000630724619697
182.0 0.00310896676777
182.5 0.00413714079068
183.0 0.00526196608823
183.5 0.00586464784021
184.0 0.00524644026983
184.5 0.00501827381653
185.0 0.00490173413117
185.5 0.00463235052489
186.0 0.00466448589449
186.5 0.0044832059147
187.0 0.00427826626603
187.5 0.00424100425762
188.0 0.00397780473534
188.5 0.00375463339995
189.0 0.00346846338928
189.5 0.00314288983438
190.0 0.00284605915665
190.5 0.00239680563872
191.0 0.00222995677763
191.5 0.00191318931346
192.0 0.00164749167112
192.5 0.00147252965124
193.0 0.00100135891189
193.5 0.000640456393015
194.0 -0.000153493357701
194.5 -0.000815624127767
195.0 -0.00136103068833
195.5 -0.00229321940897
196.0 -0.00394848942919
196.5 -0.00512539128123
197.0 -0.0065897468901
197.5 -0.00740339291337
198.0 -0.0101596709427
198.5 -0.0151051900381
199.0 -0.025222139707
199.5 -0.0416513128121
