0.0 0.0110196964029
0.5 0.043056091453
1.0 0.0602083611174
1.5 0.0530228845597
2.0 0.0489906851858
2.5 0.0451983402554
3.0 0.0431304870721
3.5 0.0412761772232
4.0 0.0400205617256
4.5 0.0387765734205
5.0 0.0374398382367
5.5 0.0364887410802
6.0 0.0356012348189
6.5 0.0348740166864
7.0 0.0342048380744
7.5 0.0335283115451
8.0 0.0330817342942
8.5 0.0325806538855
9.0 0.0321429301232
9.5 0.0317139915963
10.0 0.031273862847
10.5 0.0308851638912
11.0 0.0304878974453
11.5 0.030107463464
12.0 0.0297387574159
12.5 0.029372381995
13.0 0.0289907270517
13.5 0.0285498513199
14.0 0.0282003650717
14.5 0.027850526454
15.0 0.0273936896517
15.5 0.0269684568843
16.0 0.0265483384891
16.5 0.0261264748027
17.0 0.0256651274609
17.5 0.0251643279812
18.0 0.0246453445533
18.5 0.0240895670594
19.0 0.0235055245167
19.5 0.0229128291237
20.0 0.0222811608385
20.5 0.0216102882787
21.0 0.02092585026
21.5 0.0201937155191
22.0 0.0194068134699
22.5 0.0185814569389
23.0 0.0177248368637
23.5 0.0168068877345
24.0 0.0158347612259
24.5 0.0148221896474
25.0 0.0137702736325
25.5 0.0126511604878
26.0 0.0114760235364
26.5 0.0102525483187
27.0 0.00896414584798
27.5 0.00762542865273
28.0 0.00621371054036
28.5 0.00472031256679
29.0 0.00318907221166
29.5 0.00156337390691
30.0 -0.000111974844806
30.5 -0.00186019108506
31.0 -0.00369998864125
31.5 -0.00562328680412
32.0 -0.00763526997009
32.5 -0.00968627179417
33.0 -0.0118077055511
33.5 -0.0140423226626
34.0 -0.0163744283316
34.5 -0.018769307813
35.0 -0.0212698018069
35.5 -0.0238571462847
36.0 -0.0265176974297
36.5 -0.0292708237984
37.0 -0.0321226220108
37.5 -0.0350572677269
38.0 -0.0380707565286
38.5 -0.0411897230339
39.0 -0.0443707294546
39.5 -0.0476493008043
40.0 -0.0510211863652
40.5 -0.0544715040542
41.0 -0.0580134107902
41.5 -0.061652226583
42.0 -0.065363182273
42.5 -0.0691503935419
43.0 -0.0730141986847
43.5 -0.0769309006614
44.0 -0.0808955988865
44.5 -0.0848510202655
45.0 -0.0889105126095
45.5 -0.0930106958837
46.0 -0.0970652233731
46.5 -0.101126787862
47.0 -0.105154327789
47.5 -0.10914056639
48.0 -0.113125488641
48.5 -0.117007456521
49.0 -0.120798044942
49.5 -0.124485379574
50.0 -0.127938548394
50.5 -0.131125399711
51.0 -0.1341826945
51.5 -0.137008265862
52.0 -0.139522401476
52.5 -0.141701713909
53.0 -0.143570903025
53.5 -0.145041359344
54.0 -0.146090695286
54.5 -0.14682068243
55.0 -0.147070988497
55.5 -0.146881160094
56.0 -0.146288206916
56.5 -0.145255512313
57.0 -0.143860244994
57.5 -0.142098671575
58.0 -0.139982450443
58.5 -0.137551888348
59.0 -0.134816767308
59.5 -0.13182788182
60.0 -0.128587885498
60.5 -0.12515719544
61.0 -0.121626028595
61.5 -0.117928778018
62.0 -0.114143491557
62.5 -0.110353072291
63.0 -0.1065010619
63.5 -0.102595181867
64.0 -0.0987097990463
64.5 -0.0948627426424
65.0 -0.0910216341411
65.5 -0.0872303785405
66.0 -0.0835036632374
66.5 -0.0798688477514
67.0 -0.0762806023208
67.5 -0.0728268873613
68.0 -0.0694221041186
68.5 -0.0661222664883
69.0 -0.06291531737
69.5 -0.0598179075454
70.0 -0.0568059293942
70.5 -0.0538710473719
71.0 -0.051047144728
71.5 -0.048333561565
72.0 -0.0457119688285
72.5 -0.0431575028129
73.0 -0.0407382170929
73.5 -0.0384201993387
74.0 -0.0361646074773
74.5 -0.0339961320034
75.0 -0.0319202979723
75.5 -0.0299354257885
76.0 -0.0280149456659
76.5 -0.0261880741216
77.0 -0.0244112446002
77.5 -0.0227150108937
78.0 -0.021146841626
78.5 -0.019583818147
79.0 -0.0181344853221
79.5 -0.0167356972224
80.0 -0.0153879951498
80.5 -0.0141123554251
81.0 -0.012876588175
81.5 -0.0117593526509
82.0 -0.0106103644136
82.5 -0.00952838747966
83.0 -0.00853375463486
83.5 -0.00757208240574
84.0 -0.0066613612573
84.5 -0.00582305352369
85.0 -0.00499067503111
85.5 -0.00424634806544
86.0 -0.0034916132702
86.5 -0.00281783692446
87.0 -0.0021613310543
87.5 -0.00147724405156
88.0 -0.000902083934889
88.5 -0.00030996222177
89.0 0.000196687642315
89.5 0.000675881954098
90.0 0.00114470084755
90.5 0.00151107694077
91.0 0.00191992276843
91.5 0.00232724569871
92.0 0.00267809875561
92.5 0.00299990992912
93.0 0.00328269703765
93.5 0.00356336105662
94.0 0.00383790126291
94.5 0.00406500598102
95.0 0.00435768455433
95.5 0.00451709376162
96.0 0.00470515866092
96.5 0.00489616888129
97.0 0.00499233071962
97.5 0.00515006783825
98.0 0.00532573662354
98.5 0.00544270559655
99.0 0.00563125310417
99.5 0.00567791230614
100.0 0.00572307592761
100.5 0.0056434677978
101.0 0.00563096219735
101.5 0.00560826882408
102.0 0.00565244050203
102.5 0.00562591128729
103.0 0.00563398286457
103.5 0.00566164450115
104.0 0.00569608694254
104.5 0.00550875378465
105.0 0.00545380201503
105.5 0.0052973606627
106.0 0.00517215290158
106.5 0.00503223734912
107.0 0.00500918402636
107.5 0.00492735684986
108.0 0.00474136376174
108.5 0.0045177550206
109.0 0.0044242608439
109.5 0.00445728672351
110.0 0.00439058950749
110.5 0.00423901445915
111.0 0.00368203151059
111.5 0.0033575155434
112.0 0.00306977598166
112.5 0.00292212019951
113.0 0.002809745476
113.5 0.00223913243508
114.0 0.00206057074422
114.5 0.00202452900508
115.0 0.00132661109348
115.5 0.00182563213288
116.0 0.00162132130096
116.5 0.00188660120007
117.0 0.00115251623208
117.5 -0.000318266771885
118.0 0.00211930614719
118.5 0.00351841121478
119.0 0.00613911372317
119.5 0.0129734196492
120.0 0.0116203870876
120.5 0.00824748829693
121.0 0.00541284694573
121.5 -0.000489278406022
122.0 -0.00174931589007
122.5 -0.00389502474702
123.0 -0.00125436423674
123.5 -0.000638817837498
124.0 -0.00154742546736
124.5 -0.000467738560928
125.0 -0.000846132554571
125.5 -6.76708861107e-05
126.0 -7.91807030396e-05
126.5 -0.000338767980082
127.0 -3.73026883835e-05
127.5 0.000517141680817
128.0 0.000669204958669
128.5 0.000755117549389
129.0 0.00123787458458
129.5 0.00132052067938
130.0 0.0016035675327
130.5 0.00186025091955
131.0 0.00130998534596
131.5 0.00177402126237
132.0 0.00207599371929
132.5 0.00234963476309
133.0 0.00248863046002
133.5 0.00246450094098
134.0 0.00261580769156
134.5 0.00270419571707
135.0 0.00280063023499
135.5 0.00328931134374
136.0 0.00293033440462
136.5 0.00285782096657
137.0 0.00322081898624
137.5 0.00321351396826
138.0 0.0032944972012
138.5 0.00346395708202
139.0 0.00359155884291
139.5 0.00337720617916
140.0 0.00350342647326
140.5 0.00343270511139
141.0 0.00377056175774
141.5 0.00358576504697
142.0 0.00381522503875
142.5 0.00384941942111
143.0 0.00386827951524
143.5 0.00382596701554
144.0 0.00377025316381
144.5 0.00401192871936
145.0 0.0039602028099
145.5 0.00398618058129
146.0 0.00433271859334
146.5 0.00410269765035
147.0 0.00395386134483
147.5 0.00401804941677
148.0 0.00416444206751
148.5 0.00425285682957
149.0 0.00431434643062
149.5 0.00454184229344
150.0 0.00428441603152
150.5 0.00428733433376
151.0 0.00465464434571
151.5 0.00453317545821
152.0 0.00442938537776
152.5 0.00449161848172
153.0 0.00456497017397
153.5 0.0045162446675
154.0 0.00451080986399
154.5 0.00465512028124
155.0 0.00454762355074
155.5 0.00470565869815
156.0 0.00471828823412
156.5 0.00457540521315
157.0 0.00456187643859
157.5 0.00460394995743
158.0 0.00471101158909
158.5 0.00488232171751
159.0 0.00489092033025
159.5 0.00490696134797
160.0 0.00499074693305
160.5 0.00483025077931
161.0 0.00510965741229
161.5 0.00535488275735
162.0 0.00546062607417
162.5 0.00551462718418
163.0 0.0055515547649
163.5 0.0054976952355
164.0 0.00540977952092
164.5 0.00560789886433
165.0 0.00583156483157
165.5 0.00584927111667
166.0 0.00582334301571
166.5 0.00609535929849
167.0 0.00613847191538
167.5 0.00654926582762
168.0 0.00686567194694
168.5 0.00690268055214
169.0 0.00690836948036
169.5 0.00696604053798
170.0 0.00674420083836
170.5 0.00722264596136
171.0 0.00750427390697
171.5 0.00713371151186
172.0 0.00746730836372
172.5 0.00805124577478
173.0 0.00794682513298
173.5 0.00778467433248
174.0 0.00814565174011
174.5 0.00815118824761
175.0 0.00809917482074
175.5 0.00722661274838
176.0 0.00681343574141
176.5 0.00698962927007
177.0 0.00619453281671
177.5 0.00648061809767
178.0 0.00445650779616
178.5 0.00498257831376
179.0 0.00258270653801
179.5 -0.000590990602603
180.0 -0.00141142987015
180.5 -0.00104440955906
181.0 0.00374734215589
181.5 0.00626393583254
182.0 0.00666497111959
182.5 0.00790345604128
183.0 0.00726264351479
183.5 0.00685509850429
184.0 0.00629640759134
184.5 0.00605784004999
185.0 0.00598018459822
185.5 0.00565159016824
186.0 0.00563309309051
186.5 0.00555140733104
187.0 0.00538569439649
187.5 0.00509735898021
188.0 0.00476139572315
188.5 0.00465007175833
189.0 0.00427827346286
189.5 0.00397756076171
190.0 0.00376277981837
190.5 0.00327375810562
191.0 0.00306242180811
191.5 0.00274057218761
192.0 0.00244519293895
192.5 0.0022625129053
193.0 0.00163435906501
193.5 0.00113717028103
194.0 0.000659242505819
194.5 0.00014678849054
195.0 -0.000449861949306
195.5 -0.00145388136518
196.0 -0.00302108872684
196.5 -0.0040228967782
197.0 -0.00533839744017
197.5 -0.00643773446527
198.0 -0.0101542511051
198.5 -0.0148714357214
199.0 -0.0241194909585
199.5 -0.0418355653628
