0.0 0.0123876392951
0.5 0.044438826639
1.0 0.0631992766258
1.5 0.0555486351353
2.0 0.0513375260797
2.5 0.0479105591644
3.0 0.0457367817639
3.5 0.0438551480396
4.0 0.0424280755823
4.5 0.0409135065868
5.0 0.0397115225496
5.5 0.0389172269945
6.0 0.0380351059939
6.5 0.0373472431504
7.0 0.0367567401566
7.5 0.0361382278841
8.0 0.0356836895332
8.5 0.0351977930365
9.0 0.0346943650816
9.5 0.0343135106101
10.0 0.0339261570745
10.5 0.0335228013507
11.0 0.0330781331922
11.5 0.0327607631849
12.0 0.0324057483872
12.5 0.032039844678
13.0 0.031728787811
13.5 0.0313895574314
14.0 0.0309274935892
14.5 0.0305817846063
15.0 0.0302338441273
15.5 0.0297667919397
16.0 0.0293421191367
16.5 0.0289300538037
17.0 0.0284720407944
17.5 0.0279917180206
18.0 0.0274678427125
18.5 0.026943989609
19.0 0.0263892247849
19.5 0.0257878285509
20.0 0.0251427122709
20.5 0.0244776338018
21.0 0.0237816733862
21.5 0.0230586956557
22.0 0.0222776675395
22.5 0.0214547651273
23.0 0.0206009773873
23.5 0.0196922282951
24.0 0.0187279084488
24.5 0.0176970769088
25.0 0.0166450953146
25.5 0.0155338424068
26.0 0.0143603751371
26.5 0.0131349672372
27.0 0.0118428553747
27.5 0.0105210737681
28.0 0.00911795316329
28.5 0.00763499683859
29.0 0.00611911532004
29.5 0.00451116314359
30.0 0.00286035678556
30.5 0.00114599648525
31.0 -0.000646428370596
31.5 -0.00250455388748
32.0 -0.00443414259269
32.5 -0.00641047830386
33.0 -0.00846190219581
33.5 -0.0105931863011
34.0 -0.0127682794035
34.5 -0.0150325705432
35.0 -0.0173697040385
35.5 -0.0197818121355
36.0 -0.0222459907591
36.5 -0.0247787400274
37.0 -0.0273599053409
37.5 -0.0299960322908
38.0 -0.0326984641136
38.5 -0.0354697825621
39.0 -0.0383143734846
39.5 -0.0412505194649
40.0 -0.0442464498434
40.5 -0.0472969925446
41.0 -0.0504045088725
41.5 -0.0535757034157
42.0 -0.0568171671862
42.5 -0.0600953169661
43.0 -0.0633910240847
43.5 -0.0667374403875
44.0 -0.0701560382701
44.5 -0.0736225405752
45.0 -0.0770866840514
45.5 -0.0806867969867
46.0 -0.0843135991385
46.5 -0.087952344461
47.0 -0.0916117203153
47.5 -0.0952793730839
48.0 -0.0989619338196
48.5 -0.102625629781
49.0 -0.106307818073
49.5 -0.109899367633
50.0 -0.113541438865
50.5 -0.117168662269
51.0 -0.120755848369
51.5 -0.12422228962
52.0 -0.127635670223
52.5 -0.130930961741
53.0 -0.134110998807
53.5 -0.137137311068
54.0 -0.139991466847
54.5 -0.142664837276
55.0 -0.145065282776
55.5 -0.147212044404
56.0 -0.149071093157
56.5 -0.150624232329
57.0 -0.151897509458
57.5 -0.152806094015
58.0 -0.153353196185
58.5 -0.153516139126
59.0 -0.153243276802
59.5 -0.152587631916
60.0 -0.151462529644
60.5 -0.14989337677
61.0 -0.147961524069
61.5 -0.145597546539
62.0 -0.142903246339
62.5 -0.139877949072
63.0 -0.136581854081
63.5 -0.13299628455
64.0 -0.129168177259
64.5 -0.125188740543
65.0 -0.121005977787
65.5 -0.11675567609
66.0 -0.112365918295
66.5 -0.10793066946
67.0 -0.103513053312
67.5 -0.0990631974456
68.0 -0.0946591356101
68.5 -0.090319234168
69.0 -0.0860451581239
69.5 -0.0818322575714
70.0 -0.0777095529218
70.5 -0.0736988673558
71.0 -0.0697966598479
71.5 -0.0659911838682
72.0 -0.0623295256598
72.5 -0.058764300393
73.0 -0.0553750989479
73.5 -0.0521328634044
74.0 -0.0489648625174
74.5 -0.0459246306895
75.0 -0.0430192084143
75.5 -0.0402617199021
76.0 -0.037601375785
76.5 -0.0350291995626
77.0 -0.032600074512
77.5 -0.0302926711933
78.0 -0.0280710265445
78.5 -0.0259832766273
79.0 -0.0239858693856
79.5 -0.0220745076039
80.0 -0.0202773945407
80.5 -0.0185353661848
81.0 -0.0168767200539
81.5 -0.0153294745842
82.0 -0.0138241143534
82.5 -0.0124090780262
83.0 -0.0111193171367
83.5 -0.00983686834167
84.0 -0.00860191371919
84.5 -0.0075320718141
85.0 -0.00646051308502
85.5 -0.00552211791662
86.0 -0.00451055744158
86.5 -0.00363195074911
87.0 -0.00279155087302
87.5 -0.0019403469329
88.0 -0.00121328856442
88.5 -0.000501055116327
89.0 0.000201185419076
89.5 0.000735910864453
90.0 0.00132879456343
90.5 0.00179366056814
91.0 0.00237914763773
91.5 0.00284786798366
92.0 0.00322118699862
92.5 0.00366596228996
93.0 0.00407757581558
93.5 0.00440088659108
94.0 0.00480475925655
94.5 0.00514440332581
95.0 0.00538315021607
95.5 0.00554583696348
96.0 0.00573441509108
96.5 0.00589451301863
97.0 0.00603857471908
97.5 0.00623691520297
98.0 0.00641069189406
98.5 0.00651009811046
99.0 0.00666988356151
99.5 0.00676070265876
100.0 0.00683437558046
100.5 0.00689013374858
101.0 0.0068938232171
101.5 0.00690781019738
102.0 0.0069318869232
102.5 0.0069291801901
103.0 0.00691012546833
103.5 0.00676137792777
104.0 0.00667353594418
104.5 0.00656372598279
105.0 0.00642305615183
105.5 0.0064651228794
106.0 0.006436462221
106.5 0.00619094275958
107.0 0.0060878352261
107.5 0.00592559152362
108.0 0.0056831468594
108.5 0.00558992574901
109.0 0.00557692191778
109.5 0.00513472380027
110.0 0.00481903103795
110.5 0.00459050475929
111.0 0.00436138955132
111.5 0.00407408331917
112.0 0.00354556880175
112.5 0.00357485858046
113.0 0.00373483148114
113.5 0.00303658558116
114.0 0.00269809139715
114.5 0.00233360748391
115.0 0.00252258139953
115.5 0.00177351640916
116.0 0.00129152648866
116.5 0.000355027067229
117.0 -7.85406627699e-05
117.5 -0.00157742848855
118.0 -1.39082770261e-05
118.5 3.89961971194e-05
119.0 0.00280361409378
119.5 0.0119762698669
120.0 0.0144727643197
120.5 0.0139020540229
121.0 0.0112504415873
121.5 0.00710549421092
122.0 0.00381125375472
122.5 0.00204228438446
123.0 0.00116932512915
123.5 0.000856832748283
124.0 0.000303840734475
124.5 0.00117313378323
125.0 0.000663443239858
125.5 0.00122448902924
126.0 0.00139552609831
126.5 0.0015631971397
127.0 0.00149804171279
127.5 0.00144859843031
128.0 0.00157644603992
128.5 0.0017400870204
129.0 0.0021284806107
129.5 0.00207336254947
130.0 0.0025532027775
130.5 0.00287867065059
131.0 0.0026564091667
131.5 0.00313545191194
132.0 0.00327340188532
132.5 0.00303522388239
133.0 0.00313426005376
133.5 0.00348246215335
134.0 0.00372249767579
134.5 0.00372510015161
135.0 0.00346962243732
135.5 0.00388414609473
136.0 0.00374466980917
136.5 0.00366804461596
137.0 0.00404851044642
137.5 0.00404917398924
138.0 0.00400314524561
138.5 0.00406927785886
139.0 0.00428506478576
139.5 0.00416324016184
140.0 0.00450312833003
140.5 0.00447238964574
141.0 0.00454353995504
141.5 0.00443903160093
142.0 0.00436359632853
142.5 0.00442359569581
143.0 0.00461108512233
143.5 0.00465711551059
144.0 0.00463475640639
144.5 0.00458399669057
145.0 0.004402244298
145.5 0.00478591829441
146.0 0.00477786921037
146.5 0.00467958472935
147.0 0.00484325871062
147.5 0.00490878645391
148.0 0.00486749146081
148.5 0.00486490652533
149.0 0.00487579711199
149.5 0.00495469042776
150.0 0.00502184480688
150.5 0.00509648273634
151.0 0.00511379479429
151.5 0.00498064688916
152.0 0.00509018176383
152.5 0.00512413836294
153.0 0.00513075894468
153.5 0.00511886940193
154.0 0.00512386527368
154.5 0.00525347732381
155.0 0.00512510556665
155.5 0.00531005295435
156.0 0.00516791709314
156.5 0.00529396779741
157.0 0.00524228582744
157.5 0.00527124767681
158.0 0.00525909633907
158.5 0.005240029001
159.0 0.00522849228796
159.5 0.00526567740913
160.0 0.00525706004312
160.5 0.00550426149989
161.0 0.00564418988435
161.5 0.00581872436033
162.0 0.00596755575069
162.5 0.00600023458919
163.0 0.00600981742858
163.5 0.00591504775834
164.0 0.00579498621904
164.5 0.00597292691098
165.0 0.00617077762573
165.5 0.00625833145462
166.0 0.0063177224357
166.5 0.00654026871507
167.0 0.00624177977557
167.5 0.00653438101497
168.0 0.00686837135077
168.5 0.00708603624854
169.0 0.00720254337282
169.5 0.00725613616991
170.0 0.00732538294395
170.5 0.00731769429862
171.0 0.00740319110537
171.5 0.0075238524286
172.0 0.00767575956716
172.5 0.00798119605572
173.0 0.00815930175935
173.5 0.00826892927731
174.0 0.00850820646239
174.5 0.00852531000369
175.0 0.00792605360598
175.5 0.00812756755455
176.0 0.00848384466364
176.5 0.00913313927121
177.0 0.00950116269087
177.5 0.00945409534955
178.0 0.00797916722674
178.5 0.0068636638497
179.0 0.00363053570481
179.5 0.000610061719257
180.0 -0.000247223962447
180.5 -0.000878035946556
181.0 0.00210400436565
181.5 0.0047817760281
182.0 0.00593276538197
182.5 0.00612753721401
183.0 0.00673296449172
183.5 0.00678410617301
184.0 0.00627774686554
184.5 0.00600320598019
185.0 0.0059210925771
185.5 0.00568648151062
186.0 0.00566663284994
186.5 0.00548579802144
187.0 0.00519773069435
187.5 0.00520354684339
188.0 0.00496506270862
188.5 0.00475149453793
189.0 0.00435636525684
189.5 0.00410037261312
190.0 0.00385542871324
190.5 0.00341859475452
191.0 0.00317414460487
191.5 0.00286262626931
192.0 0.00261999239876
192.5 0.00234008184098
193.0 0.00183323758652
193.5 0.00141717447576
194.0 0.000993597224834
194.5 0.000457456713818
195.0 -0.000520742333563
195.5 -0.00178671024094
196.0 -0.00267667965723
196.5 -0.00375441984845
197.0 -0.00518421290502
197.5 -0.00627475378349
198.0 -0.00998785640377
198.5 -0.0151348465917
199.0 -0.0244489520321
199.5 -0.0427011297798
