0.0 0.012155031787
0.5 0.0362482597342
1.0 0.0590752137678
1.5 0.0529227268
2.0 0.0487980859052
2.5 0.0458270870908
3.0 0.0437845657701
3.5 0.0419826638282
4.0 0.0404943718296
4.5 0.0393048285169
5.0 0.0377976853697
5.5 0.036988828503
6.0 0.0361855362613
6.5 0.0354343972995
7.0 0.0347871472983
7.5 0.0341333881987
8.0 0.0335605252815
8.5 0.0329061166721
9.0 0.0324605071443
9.5 0.0319704285066
10.0 0.0314734471264
10.5 0.0310005903588
11.0 0.030504750864
11.5 0.0300443745367
12.0 0.0295603018275
12.5 0.0290870974483
13.0 0.0285988045464
13.5 0.0280854276999
14.0 0.027549968038
14.5 0.0270154343248
15.0 0.0264704961313
15.5 0.0258757988805
16.0 0.0252723651766
16.5 0.0246466453629
17.0 0.0239570566567
17.5 0.0232192209745
18.0 0.0224927859834
18.5 0.021700952105
19.0 0.0208848199645
19.5 0.0200130001471
20.0 0.019086076047
20.5 0.0181029620025
21.0 0.0170890910443
21.5 0.016010343615
22.0 0.0148605526138
22.5 0.013639834119
23.0 0.0123676847977
23.5 0.0110231095641
24.0 0.00958888126932
24.5 0.00808846516966
25.0 0.00651711748724
25.5 0.00484488193381
26.0 0.00307420040813
26.5 0.00122136175208
27.0 -0.000697079737507
27.5 -0.00271243037611
28.0 -0.00486045746763
28.5 -0.00712730019051
29.0 -0.00945977943989
29.5 -0.011935515691
30.0 -0.0144973509295
30.5 -0.0171747787587
31.0 -0.0199830482599
31.5 -0.0228881728149
32.0 -0.0259052375162
32.5 -0.029056309391
33.0 -0.032299364814
33.5 -0.0355835793383
34.0 -0.0390483150291
34.5 -0.0426350905987
35.0 -0.0463172732121
35.5 -0.0499624562312
36.0 -0.0537384900769
36.5 -0.0575816245524
37.0 -0.0614481552787
37.5 -0.0653453460285
38.0 -0.069240715037
38.5 -0.0730909050861
39.0 -0.0769175018231
39.5 -0.0806190707352
40.0 -0.0842120046044
40.5 -0.087708398412
41.0 -0.0910655960113
41.5 -0.0942589851942
42.0 -0.0972244685728
42.5 -0.0999767511718
43.0 -0.102514076242
43.5 -0.104776126312
44.0 -0.106791247039
44.5 -0.108535485393
45.0 -0.109957112367
45.5 -0.111142318868
46.0 -0.112064433646
46.5 -0.112797484582
47.0 -0.113284947338
47.5 -0.113520946412
48.0 -0.113581878161
48.5 -0.113448697149
49.0 -0.113120462456
49.5 -0.112652368294
50.0 -0.111969357566
50.5 -0.111187740497
51.0 -0.110306033474
51.5 -0.109290521971
52.0 -0.108208601039
52.5 -0.107032151886
53.0 -0.105794991204
53.5 -0.104470658758
54.0 -0.10309166747
54.5 -0.101680278965
55.0 -0.100162039113
55.5 -0.0986216196457
56.0 -0.0970677665943
56.5 -0.0954752995699
57.0 -0.0938565604566
57.5 -0.0922008173743
58.0 -0.0905645888597
58.5 -0.0888960672611
59.0 -0.0871945727065
59.5 -0.0855084381559
60.0 -0.0837884892948
60.5 -0.0820469713146
61.0 -0.0802943462641
61.5 -0.0785502655815
62.0 -0.0768252084647
62.5 -0.0750610555458
63.0 -0.073310670611
63.5 -0.0715691923766
64.0 -0.069830639513
64.5 -0.0680924081313
65.0 -0.0663336274861
65.5 -0.064596595302
66.0 -0.0628240151601
66.5 -0.0610781603362
67.0 -0.059372920882
67.5 -0.057642611305
68.0 -0.0559332161858
68.5 -0.0542452002759
69.0 -0.0525748581504
69.5 -0.0509089743987
70.0 -0.0492471148287
70.5 -0.0475913391216
71.0 -0.0459579127604
71.5 -0.0443533434851
72.0 -0.042747512874
72.5 -0.0411658629615
73.0 -0.0396405029179
73.5 -0.0381310585266
74.0 -0.0366306446141
74.5 -0.0351750657567
75.0 -0.0337195094753
75.5 -0.0322985119086
76.0 -0.0308938148185
76.5 -0.0295182305293
77.0 -0.0281826717039
77.5 -0.0268771598733
78.0 -0.0256043151633
78.5 -0.0243428722862
79.0 -0.0231544732383
79.5 -0.0219842643626
80.0 -0.0208530938052
80.5 -0.0196968347794
81.0 -0.018598689032
81.5 -0.0175714284555
82.0 -0.0165366300283
82.5 -0.0155395379645
83.0 -0.0145481086382
83.5 -0.0136367791605
84.0 -0.0127959959137
84.5 -0.0119431200539
85.0 -0.0110967741455
85.5 -0.010365859259
86.0 -0.00953635645602
86.5 -0.00879508290052
87.0 -0.00807955090715
87.5 -0.00737005276531
88.0 -0.00670625466132
88.5 -0.00605319543137
89.0 -0.0054677782216
89.5 -0.00491131605195
90.0 -0.00438869606941
90.5 -0.00394794877292
91.0 -0.00345253146257
91.5 -0.0029879883186
92.0 -0.00249627432429
92.5 -0.00199656325872
93.0 -0.00163550502244
93.5 -0.00132743415234
94.0 -0.000883057794127
94.5 -0.000500167339744
95.0 -0.000347786925325
95.5 0.000137591200726
96.0 0.000342285304779
96.5 0.000667270273528
97.0 0.000828420749173
97.5 0.000982743181627
98.0 0.00116367404061
98.5 0.00131052839015
99.0 0.00154187069804
99.5 0.00170848869334
100.0 0.00201454629793
100.5 0.0018756369822
101.0 0.0020271061784
101.5 0.00212380832664
102.0 0.00230907304852
102.5 0.00235446571457
103.0 0.0024327832159
103.5 0.00250141303785
104.0 0.00243087229034
104.5 0.0023808758741
105.0 0.00248731139726
105.5 0.00234215441102
106.0 0.00239076466369
106.5 0.00215189776278
107.0 0.00211058272399
107.5 0.00215596823882
108.0 0.00204629696138
108.5 0.00187227367032
109.0 0.00182364504025
109.5 0.00160368504662
110.0 0.00129968148077
110.5 0.00130458326264
111.0 0.00116413603944
111.5 0.000842788722544
112.0 0.000868057761579
112.5 0.000688685306372
113.0 0.000311066091541
113.5 1.08205793197e-05
114.0 0.000246477474846
114.5 -0.000493609693734
115.0 0.000530682598594
115.5 0.000163321546168
116.0 0.000148288565924
116.5 0.000121907928943
117.0 9.14649771602e-05
117.5 -0.0010867900686
118.0 -6.85945821743e-05
118.5 0.0015326645406
119.0 0.00302978476903
119.5 0.0108392222319
120.0 0.0133442576762
120.5 0.0118316986271
121.0 0.00718088989947
121.5 0.00131433150719
122.0 -0.000946613442295
122.5 -0.00223445647254
123.0 -0.00106190366148
123.5 -0.00077485045081
124.0 -0.00132514269978
124.5 -0.0019109163165
125.0 -0.00173986270573
125.5 -0.000767322374841
126.0 -0.000858597689358
126.5 -0.000775904140383
127.0 -0.000301722732047
127.5 -7.26724579465e-05
128.0 9.84242923039e-05
128.5 0.000292928754661
129.0 0.000579340427166
129.5 0.000637262226199
130.0 0.00154346753664
130.5 0.00135544395726
131.0 0.00146337793495
131.5 0.00206964604755
132.0 0.00168991970435
132.5 0.00157347550008
133.0 0.00190294735509
133.5 0.00221918131798
134.0 0.00239428693369
134.5 0.00257787020842
135.0 0.0028250723533
135.5 0.00261314770179
136.0 0.00257122501453
136.5 0.00268061935513
137.0 0.00284617269026
137.5 0.00280266634681
138.0 0.00297701610355
138.5 0.00306551908035
139.0 0.00323707765196
139.5 0.0034408015074
140.0 0.00299428041726
140.5 0.00325136231666
141.0 0.00326455131503
141.5 0.00337824865393
142.0 0.00365796049326
142.5 0.00352994731535
143.0 0.00346928183787
143.5 0.00352343246397
144.0 0.00353845271996
144.5 0.00369581641545
145.0 0.0037369193962
145.5 0.00380801356912
146.0 0.00385660336195
146.5 0.004013747213
147.0 0.0037906714628
147.5 0.00386397649707
148.0 0.00395472405091
148.5 0.00405959563835
149.0 0.0041858238958
149.5 0.00387899676001
150.0 0.00419072825924
150.5 0.00412393783802
151.0 0.00417796290258
151.5 0.00402835049992
152.0 0.00430358026939
152.5 0.0044368839388
153.0 0.00453132579322
153.5 0.0045686594914
154.0 0.00446507932458
154.5 0.00447862031592
155.0 0.00445204153293
155.5 0.00445892441903
156.0 0.00445355470017
156.5 0.00432676526871
157.0 0.00429006712707
157.5 0.00441881307705
158.0 0.0046046720158
158.5 0.00483314866961
159.0 0.00494945399106
159.5 0.00499951881403
160.0 0.00498517654938
160.5 0.00478141880584
161.0 0.00503556810686
161.5 0.00526428018152
162.0 0.00536649572503
162.5 0.00531020434671
163.0 0.00532985246312
163.5 0.00546115484623
164.0 0.00551959902822
164.5 0.00560512340474
165.0 0.00580677634262
165.5 0.00591249517154
166.0 0.00602862064057
166.5 0.00624270678368
167.0 0.00604921732958
167.5 0.00624512732772
168.0 0.00663979618976
168.5 0.00685253602158
169.0 0.00684349657212
169.5 0.00691991623589
170.0 0.00702959986129
170.5 0.00709025341698
171.0 0.00738458460324
171.5 0.00701154517849
172.0 0.00733180289035
172.5 0.00790711355745
173.0 0.0082889050277
173.5 0.00873552464219
174.0 0.00867082609759
174.5 0.00802759439486
175.0 0.00839076401918
175.5 0.00811980846292
176.0 0.00814746091389
176.5 0.00808336753356
177.0 0.00816844220519
177.5 0.00817801539952
178.0 0.00701609106473
178.5 0.00671802106719
179.0 0.00255612327288
179.5 -0.000265780748094
180.0 0.000470101325263
180.5 -0.000721387630364
181.0 0.000375814609811
181.5 0.00240216377031
182.0 0.00307417353348
182.5 0.00281309369853
183.0 0.00327969503894
183.5 0.00388611231436
184.0 0.00357930617467
184.5 0.00364121074455
185.0 0.00379784837281
185.5 0.00359752068759
186.0 0.0035069617219
186.5 0.00397801391485
187.0 0.00390400313202
187.5 0.00352294087696
188.0 0.00313271166151
188.5 0.00290949278562
189.0 0.00261766262861
189.5 0.00235376287121
190.0 0.00226287047521
190.5 0.00169117828634
191.0 0.00138130388333
191.5 0.000957299816605
192.0 0.00045285093708
192.5 8.30569430548e-05
193.0 -0.000510468112495
193.5 -0.0011234175149
194.0 -0.00175169689305
194.5 -0.00252047979177
195.0 -0.00386179174845
195.5 -0.00546321343215
196.0 -0.00686586901149
196.5 -0.00843246622
197.0 -0.0105269824723
197.5 -0.0121601645459
198.0 -0.0181197765748
198.5 -0.0250127942235
199.0 -0.0407692193206
199.5 -0.0645850141062
