0.0 0.0112758293805
0.5 0.0450289990565
1.0 0.0671036788835
1.5 0.0597564887626
2.0 0.0550019688085
2.5 0.0511000928328
3.0 0.0486948234693
3.5 0.0467022435676
4.0 0.0450738481177
4.5 0.0437181081329
5.0 0.0424179884617
5.5 0.0414925378452
6.0 0.0405943284245
6.5 0.0397953703467
7.0 0.0391854020488
7.5 0.038554358053
8.0 0.0380090311465
8.5 0.0373866410636
9.0 0.0369874180697
9.5 0.0365266125263
10.0 0.0360628274301
10.5 0.0356342812431
11.0 0.0351939274161
11.5 0.0347593357894
12.0 0.0343734591764
12.5 0.0339210114536
13.0 0.0334211408726
13.5 0.0330106857351
14.0 0.0325437703247
14.5 0.0320627942334
15.0 0.0315725804841
15.5 0.031028888945
16.0 0.0304675520392
16.5 0.0298790657396
17.0 0.0292539794463
17.5 0.028569431339
18.0 0.0278475171837
18.5 0.0271010709315
19.0 0.0263008705358
19.5 0.0254311686935
20.0 0.0245301618598
20.5 0.0235635291737
21.0 0.0225392014201
21.5 0.0214620154489
22.0 0.0202978140533
22.5 0.0190552571143
23.0 0.017750148504
23.5 0.0163577399783
24.0 0.0148638117732
24.5 0.0132930997504
25.0 0.0116333036172
25.5 0.00987165807558
26.0 0.00801826905426
26.5 0.00606096091307
27.0 0.00398526566904
27.5 0.00183311737631
28.0 -0.000446705746421
28.5 -0.00286912102224
29.0 -0.00538793132545
29.5 -0.00796725782414
30.0 -0.0106959534173
30.5 -0.0135618188176
31.0 -0.0164839840735
31.5 -0.0195059230735
32.0 -0.0226243088231
32.5 -0.0258313273916
33.0 -0.029115158208
33.5 -0.0324364997763
34.0 -0.0358310979285
34.5 -0.0392516218348
35.0 -0.0427193121995
35.5 -0.0461804687786
36.0 -0.0496021018441
36.5 -0.0529870038014
37.0 -0.0563286017715
37.5 -0.0596033737868
38.0 -0.0627998408815
38.5 -0.065893004207
39.0 -0.0688279923647
39.5 -0.0717009318696
40.0 -0.0744698212807
40.5 -0.0770984512017
41.0 -0.0795535391636
41.5 -0.0819051871947
42.0 -0.0841365365049
42.5 -0.0862346160785
43.0 -0.0881982378273
43.5 -0.0900201190151
44.0 -0.0917443922703
44.5 -0.0934334357195
45.0 -0.0949386199845
45.5 -0.0963795178625
46.0 -0.0977270745765
46.5 -0.0990115434437
47.0 -0.100191280943
47.5 -0.101259310045
48.0 -0.102291579769
48.5 -0.103269305918
49.0 -0.104150424756
49.5 -0.104978179413
50.0 -0.105727414578
50.5 -0.106436908159
51.0 -0.107054213276
51.5 -0.107652111596
52.0 -0.108169124151
52.5 -0.108610622545
53.0 -0.109034725475
53.5 -0.109370340761
54.0 -0.109632271158
54.5 -0.109861516918
55.0 -0.109955657313
55.5 -0.110009369577
56.0 -0.110000445913
56.5 -0.10994239073
57.0 -0.109782549649
57.5 -0.109537928814
58.0 -0.109252474924
58.5 -0.108853426755
59.0 -0.108345127881
59.5 -0.107787166298
60.0 -0.107108280656
60.5 -0.106284808635
61.0 -0.105428466697
61.5 -0.10443116559
62.0 -0.103356079151
62.5 -0.102183169205
63.0 -0.100935996338
63.5 -0.0995645433821
64.0 -0.0980706940397
64.5 -0.0965022490389
65.0 -0.0948231976505
65.5 -0.0930449252746
66.0 -0.091134644334
66.5 -0.0891544548015
67.0 -0.0871237716555
67.5 -0.0849790597763
68.0 -0.0827775473473
68.5 -0.0805298803192
69.0 -0.0782420278388
69.5 -0.0758894515474
70.0 -0.0734732191734
70.5 -0.0710338712993
71.0 -0.0685721917755
71.5 -0.0660741980758
72.0 -0.0635807611864
72.5 -0.0610921292294
73.0 -0.0586600568145
73.5 -0.0561888626456
74.0 -0.0537698341262
74.5 -0.051356181392
75.0 -0.0489628159383
75.5 -0.0466466479509
76.0 -0.0443573432987
76.5 -0.0420907451123
77.0 -0.0398853168055
77.5 -0.0377414681446
78.0 -0.0356709032674
78.5 -0.0336273477771
79.0 -0.0316903060269
79.5 -0.0298129222994
80.0 -0.0279576867259
80.5 -0.0261794736004
81.0 -0.0244543488503
81.5 -0.0228442256146
82.0 -0.0212740550544
82.5 -0.0197234516955
83.0 -0.0182797503333
83.5 -0.0168698314044
84.0 -0.0155130000499
84.5 -0.0142478193434
85.0 -0.0130736335649
85.5 -0.0118845305107
86.0 -0.010777915576
86.5 -0.00979796817395
87.0 -0.0087447150043
87.5 -0.00774012542876
88.0 -0.00687146895898
88.5 -0.00595840759643
89.0 -0.00514076711726
89.5 -0.0044448951415
90.0 -0.00358531617007
90.5 -0.00294713325847
91.0 -0.0023907246353
91.5 -0.00174642622963
92.0 -0.00116881019764
92.5 -0.000602091444254
93.0 -0.000136708759353
93.5 0.000257484464207
94.0 0.000908368575409
94.5 0.00127883105615
95.0 0.0016460935877
95.5 0.0020007771396
96.0 0.00230563409022
96.5 0.00257156745855
97.0 0.00282591013972
97.5 0.00316915587672
98.0 0.00344237383004
98.5 0.00363014681236
99.0 0.00398764251218
99.5 0.0040810408737
100.0 0.00425461960791
100.5 0.00427320549916
101.0 0.0043727256531
101.5 0.00444337875515
102.0 0.00448334140695
102.5 0.00465448271699
103.0 0.00473539086509
103.5 0.004578364826
104.0 0.00469673244056
104.5 0.00473009776366
105.0 0.00483001982733
105.5 0.0044843756048
106.0 0.00457692910911
106.5 0.00449669285017
107.0 0.00432186898974
107.5 0.00454395752378
108.0 0.00460413363326
108.5 0.00418688871024
109.0 0.00393134720652
109.5 0.00377945722619
110.0 0.00342375523428
110.5 0.00298204137136
111.0 0.0033514589252
111.5 0.00318858365778
112.0 0.00272310242298
112.5 0.00242977410075
113.0 0.00218813132423
113.5 0.00168446046756
114.0 0.00170826448934
114.5 0.000924498127503
115.0 0.00109990952646
115.5 0.00154401269243
116.0 0.00134483293418
116.5 0.00077731802935
117.0 0.000195190313704
117.5 -0.00102474510807
118.0 0.000760067525562
118.5 0.00327020480053
119.0 0.00587002504334
119.5 0.0130290748254
120.0 0.0128192427309
120.5 0.0103829396526
121.0 0.00638266814801
121.5 0.00127450961838
122.0 -0.000632533010176
122.5 -0.00134668136178
123.0 0.000182048885492
123.5 0.000442206944712
124.0 0.000506271187916
124.5 0.000863113869144
125.0 0.000211570369899
125.5 0.000732182132367
126.0 0.00116415140866
126.5 0.000660157412653
127.0 0.000804413591808
127.5 0.00128131529553
128.0 0.00134712243637
128.5 0.0012505343857
129.0 0.00169747772734
129.5 0.00203748165578
130.0 0.00195811868236
130.5 0.00229085241165
131.0 0.00242134297946
131.5 0.00301186240674
132.0 0.00258258353675
132.5 0.00267517201111
133.0 0.0031466323906
133.5 0.00322672703377
134.0 0.00305346347091
134.5 0.00311277766535
135.0 0.00329402584342
135.5 0.00316809527362
136.0 0.00388539807972
136.5 0.00354660900575
137.0 0.0033199370254
137.5 0.00354251300975
138.0 0.00393616443047
138.5 0.00400468880705
139.0 0.00404407353914
139.5 0.00387821518452
140.0 0.00401408854518
140.5 0.00411288279463
141.0 0.00414958315499
141.5 0.00415638031306
142.0 0.00423276519634
142.5 0.00451069611637
143.0 0.00458508880573
143.5 0.00431849467714
144.0 0.00431429160358
144.5 0.00458140671565
145.0 0.00438138598759
145.5 0.00466650328036
146.0 0.0046095557746
146.5 0.00456794580449
147.0 0.00445897287315
147.5 0.00459739298468
148.0 0.00468530950341
148.5 0.00479301854631
149.0 0.00492159070057
149.5 0.00463468179072
150.0 0.00481530718803
150.5 0.00479600469999
151.0 0.00467874169332
151.5 0.00510095995744
152.0 0.00508942734106
152.5 0.00493946581144
153.0 0.00502120014928
153.5 0.00510873035311
154.0 0.00501934526085
154.5 0.00502244029808
155.0 0.00502236506784
155.5 0.00483868659012
156.0 0.0051747390603
156.5 0.00534833292008
157.0 0.00522212648025
157.5 0.00512672889285
158.0 0.00517740784169
158.5 0.00532568399443
159.0 0.00529094991257
159.5 0.00521616809895
160.0 0.00546136432439
160.5 0.00556372223787
161.0 0.00568449706896
161.5 0.00580373636584
162.0 0.00588720601485
162.5 0.00601244661682
163.0 0.00612820753066
163.5 0.00624840272471
164.0 0.00637657419322
164.5 0.00644824358623
165.0 0.00646366945755
165.5 0.00618264894482
166.0 0.00637604703234
166.5 0.00668199750126
167.0 0.0067718592145
167.5 0.00690654252011
168.0 0.00690747011343
168.5 0.00692746650532
169.0 0.00712952522939
169.5 0.00730065855829
170.0 0.00743313999846
170.5 0.00754375026025
171.0 0.00791790688851
171.5 0.00806280436241
172.0 0.00822135778991
172.5 0.00860399244741
173.0 0.00888576060247
173.5 0.0088058652213
174.0 0.00849251563515
174.5 0.00877934425456
175.0 0.00892519204506
175.5 0.00852588687822
176.0 0.00901046285666
176.5 0.00989439107848
177.0 0.00940794351061
177.5 0.00978145234181
178.0 0.0097138187395
178.5 0.00719474735799
179.0 0.00305666787051
179.5 -3.02444513096e-05
180.0 -0.00245276055205
180.5 -0.00457497894384
181.0 -0.000297424638774
181.5 0.00424806033129
182.0 0.00401310268083
182.5 0.00588066037155
183.0 0.00526958752867
183.5 0.00528212858676
184.0 0.00494254401309
184.5 0.0047752477364
185.0 0.00462365391162
185.5 0.00410516107496
186.0 0.00478336874585
186.5 0.004580759251
187.0 0.00444388172011
187.5 0.0041243950174
188.0 0.00377162501405
188.5 0.00366034577017
189.0 0.00325582714581
189.5 0.00292873117475
190.0 0.00264347302985
190.5 0.00223697870182
191.0 0.00199133987182
191.5 0.00154065107758
192.0 0.00119557240195
192.5 0.00077364142561
193.0 3.05906675919e-05
193.5 -0.00032789888364
194.0 -0.00118536080024
194.5 -0.0023014029649
195.0 -0.00299546703019
195.5 -0.00449424210741
196.0 -0.00544407339592
196.5 -0.00785886241034
197.0 -0.0101775801854
197.5 -0.0125892770454
198.0 -0.0182017100658
198.5 -0.0252500463716
199.0 -0.0401602989709
199.5 -0.067856314079
