0.0 0.0111860499432
0.5 0.0351624553413
1.0 0.0571744374273
1.5 0.051533700057
2.0 0.0471058375405
2.5 0.0436030890723
3.0 0.0419645819381
3.5 0.0403908912659
4.0 0.0389204220307
4.5 0.0376620610291
5.0 0.036466368801
5.5 0.0355719370622
6.0 0.0347341886921
6.5 0.0339894177563
7.0 0.0333761964575
7.5 0.0327434248559
8.0 0.0322281834242
8.5 0.0317195794343
9.0 0.0311179351027
9.5 0.0307045074487
10.0 0.0302493046059
10.5 0.0298358025402
11.0 0.0294136330584
11.5 0.0289077698591
12.0 0.0284688672864
12.5 0.0280578503689
13.0 0.0276232804006
13.5 0.0271615178973
14.0 0.0266920726238
14.5 0.0262359026958
15.0 0.0256815977728
15.5 0.0251599826537
16.0 0.0246552182408
16.5 0.0241135882298
17.0 0.0235114617479
17.5 0.0228701100574
18.0 0.022224125942
18.5 0.0215445464099
19.0 0.0208321835959
19.5 0.0200679905256
20.0 0.0192684530896
20.5 0.0184262848103
21.0 0.01755949672
21.5 0.01662958518
22.0 0.0156389781254
22.5 0.0146269061227
23.0 0.0135195226628
23.5 0.0123805764351
24.0 0.0111758598558
24.5 0.00991020168276
25.0 0.0085674557083
25.5 0.0071558477722
26.0 0.00568102214683
26.5 0.0041261615232
27.0 0.00250396521184
27.5 0.00083740390658
28.0 -0.000944175021861
28.5 -0.00282331183972
29.0 -0.00478923228081
29.5 -0.00684244126389
30.0 -0.00897759629981
30.5 -0.011242573137
31.0 -0.0135682879951
31.5 -0.0159856245444
32.0 -0.018513447675
32.5 -0.0211607905755
33.0 -0.0239216775721
33.5 -0.026788604673
34.0 -0.0297714696257
34.5 -0.0328075404543
35.0 -0.0359769793473
35.5 -0.039277258033
36.0 -0.0427001764699
36.5 -0.0462382171277
37.0 -0.0498307300598
37.5 -0.0535099817596
38.0 -0.0573029246671
38.5 -0.0611530732314
39.0 -0.0650998344362
39.5 -0.0691280116915
40.0 -0.073177365823
40.5 -0.0773011422365
41.0 -0.0814019872417
41.5 -0.0855207997911
42.0 -0.0896264507668
42.5 -0.0936755003276
43.0 -0.0976361409601
43.5 -0.101510269872
44.0 -0.105330125008
44.5 -0.108939642571
45.0 -0.112368163525
45.5 -0.115486134926
46.0 -0.118431562665
46.5 -0.121124074803
47.0 -0.123526755682
47.5 -0.125573787457
48.0 -0.127268124672
48.5 -0.128600965181
49.0 -0.129638595422
49.5 -0.130295890913
50.0 -0.130529933639
50.5 -0.130448238684
51.0 -0.130060275369
51.5 -0.129332357234
52.0 -0.128343953751
52.5 -0.127081030186
53.0 -0.125611904355
53.5 -0.123903247664
54.0 -0.121977989107
54.5 -0.119901080596
55.0 -0.117610121201
55.5 -0.115212259851
56.0 -0.112741407856
56.5 -0.110202248682
57.0 -0.107577686987
57.5 -0.104887818168
58.0 -0.102188346526
58.5 -0.0994398541794
59.0 -0.0966504015369
59.5 -0.0938854445138
60.0 -0.091110247276
60.5 -0.0883767738846
61.0 -0.0856414786315
61.5 -0.0829136032009
62.0 -0.080232400267
62.5 -0.0775899297961
63.0 -0.0749853706989
63.5 -0.072426463204
64.0 -0.0699236975919
64.5 -0.0674430506103
65.0 -0.0649966193215
65.5 -0.0626157849303
66.0 -0.0602623642242
66.5 -0.0579691378534
67.0 -0.0557537734312
67.5 -0.0535545201802
68.0 -0.0514161315185
68.5 -0.0493417865698
69.0 -0.0473344942367
69.5 -0.0453596820783
70.0 -0.0434264923983
70.5 -0.0415440470805
71.0 -0.0397196509503
71.5 -0.037918190729
72.0 -0.0361740332972
72.5 -0.0345081350495
73.0 -0.0329299169971
73.5 -0.0313337314553
74.0 -0.0298061615244
74.5 -0.0283323885648
75.0 -0.0269006035577
75.5 -0.0255291288443
76.0 -0.0241403584507
76.5 -0.0228343854848
77.0 -0.0215554124577
77.5 -0.020331109187
78.0 -0.0191926251409
78.5 -0.0180268579843
79.0 -0.0169490931581
79.5 -0.0159237201871
80.0 -0.0149142799316
80.5 -0.0138975245252
81.0 -0.0129443998694
81.5 -0.0120653630151
82.0 -0.0111376656514
82.5 -0.010270444033
83.0 -0.00952137995531
83.5 -0.00873792527851
84.0 -0.0079487408901
84.5 -0.00728802930957
85.0 -0.00657213692443
85.5 -0.00596114398575
86.0 -0.00533068741811
86.5 -0.00476813205232
87.0 -0.00421401222347
87.5 -0.00361884459285
88.0 -0.00312882342458
88.5 -0.00264826772156
89.0 -0.00216001649127
89.5 -0.00179770334847
90.0 -0.00124404162065
90.5 -0.000849326552242
91.0 -0.000475180652213
91.5 -0.000127454103296
92.0 0.000195359705554
92.5 0.00052592230297
93.0 0.000808494393247
93.5 0.00104481533577
94.0 0.0013935667071
94.5 0.00163236102788
95.0 0.00181568010904
95.5 0.00204759807845
96.0 0.00219432901728
96.5 0.00240784455517
97.0 0.00255700444498
97.5 0.00270872691212
98.0 0.00284251321229
98.5 0.00293003711869
99.0 0.00309980700583
99.5 0.00323101465004
100.0 0.00333631363381
100.5 0.00341996800878
101.0 0.00337847211068
101.5 0.00332085089352
102.0 0.00338002538971
102.5 0.00329338284516
103.0 0.00334039854889
103.5 0.00344916041371
104.0 0.00338991315459
104.5 0.00356655281891
105.0 0.00352711813655
105.5 0.00319442452129
106.0 0.0032517857376
106.5 0.00314449068512
107.0 0.00303675953285
107.5 0.00297221924243
108.0 0.00291405631402
108.5 0.00276477163511
109.0 0.00250017918954
109.5 0.00226656648643
110.0 0.00236821233253
110.5 0.0023527429829
111.0 0.00201792397045
111.5 0.00174419799681
112.0 0.00194470957469
112.5 0.00163264455898
113.0 0.00118155517525
113.5 0.000740490977449
114.0 0.000745557843956
114.5 0.000859368418375
115.0 0.00101916489824
115.5 0.00107242811244
116.0 0.000494054532794
116.5 -0.000206794777412
117.0 -0.000961217782063
117.5 -0.00216623053248
118.0 -0.000553120277786
118.5 -0.000566295305447
119.0 0.0019736008048
119.5 0.00994170244135
120.0 0.0112167123631
120.5 0.00974939610535
121.0 0.00582138118592
121.5 0.00161823878469
122.0 -0.00126235584241
122.5 -0.00285082124724
123.0 -0.00258783966723
123.5 -0.00142535706331
124.0 -0.000442041676251
124.5 -0.00078295966938
125.0 6.63824087752e-05
125.5 -0.000181962038909
126.0 -0.000758877882689
126.5 -0.000283469074319
127.0 2.65466523359e-05
127.5 0.000180690529831
128.0 0.000130161288979
128.5 0.000247051032829
129.0 0.000907813149823
129.5 0.00090151051004
130.0 0.000780172920571
130.5 0.000976498428962
131.0 0.00101336986188
131.5 0.00140939405976
132.0 0.00140869641157
132.5 0.0017835622406
133.0 0.00206798340143
133.5 0.00195895415833
134.0 0.00194805267804
134.5 0.00180741929662
135.0 0.00233006183957
135.5 0.00230752534156
136.0 0.00277229594442
136.5 0.00243291633788
137.0 0.00246783286756
137.5 0.00237649766753
138.0 0.00261246834741
138.5 0.00276998560067
139.0 0.0028140585191
139.5 0.00306564244535
140.0 0.00302723978395
140.5 0.00315721343089
141.0 0.00317188625313
141.5 0.00302915607335
142.0 0.00338518236211
142.5 0.00324037957603
143.0 0.00308823289368
143.5 0.00325707384742
144.0 0.00348986348924
144.5 0.00354178944513
145.0 0.00348674817959
145.5 0.00333759264515
146.0 0.003492674998
146.5 0.00359762766396
147.0 0.00346536116995
147.5 0.00353802241829
148.0 0.00362128840094
148.5 0.00375636824785
149.0 0.00388695265581
149.5 0.00360614725407
150.0 0.0037156088453
150.5 0.00358461017621
151.0 0.00384217751902
151.5 0.0037282203156
152.0 0.00386268430036
152.5 0.00403357936677
153.0 0.00411812620597
153.5 0.00406057917561
154.0 0.00398872209431
154.5 0.00407848615655
155.0 0.00412002053069
155.5 0.00415895642779
156.0 0.00414399232719
156.5 0.00426447620008
157.0 0.00451427022402
157.5 0.00456551513911
158.0 0.00452155711961
158.5 0.00458709588415
159.0 0.00458321720683
159.5 0.00457688625702
160.0 0.0046590156871
160.5 0.00462803253676
161.0 0.00467915921199
161.5 0.00472088055869
162.0 0.00459022223003
162.5 0.00471930798725
163.0 0.00491859093287
163.5 0.00502176009082
164.0 0.00509907737583
164.5 0.00519919632532
165.0 0.00536651347667
165.5 0.00549068323105
166.0 0.00546167086735
166.5 0.00561639408146
167.0 0.00555156605549
167.5 0.00567875952384
168.0 0.00569428949949
168.5 0.00570230996362
169.0 0.00585184635581
169.5 0.00600750614969
170.0 0.00618883619836
170.5 0.00627272542044
171.0 0.00641085520388
171.5 0.00670451070211
172.0 0.0068262778053
172.5 0.00716424976186
173.0 0.00734110168581
173.5 0.0074760808002
174.0 0.00718007516414
174.5 0.00636583631635
175.0 0.00648760786454
175.5 0.00586546427455
176.0 0.00560095036882
176.5 0.00558677533766
177.0 0.00597022968458
177.5 0.00589088083893
178.0 0.00360707616844
178.5 0.00440792726287
179.0 0.00166335860598
179.5 -0.000667353393126
180.0 0.000292733980828
180.5 -0.000101194494988
181.0 0.00253569061898
181.5 0.00557245839744
182.0 0.00563095348878
182.5 0.00604132637199
183.0 0.00614314586298
183.5 0.00651074261278
184.0 0.00580790554936
184.5 0.00554978280543
185.0 0.00547204390749
185.5 0.00510965902679
186.0 0.00509298818153
186.5 0.0048746103387
187.0 0.005085650213
187.5 0.00489790389481
188.0 0.00452079128658
188.5 0.00417711528208
189.0 0.00392169358726
189.5 0.00356866659654
190.0 0.00341184927386
190.5 0.00299936954767
191.0 0.00275209997653
191.5 0.00238536829497
192.0 0.00211114513692
192.5 0.00178839194345
193.0 0.00120461818867
193.5 0.000796361859088
194.0 0.000342713389088
194.5 -0.00017669334737
195.0 -0.0012399192518
195.5 -0.00247296780815
196.0 -0.00346527470522
196.5 -0.00472579407496
197.0 -0.00636098475808
197.5 -0.00763557653933
198.0 -0.010407126568
198.5 -0.0150327132171
199.0 -0.0255468539702
199.5 -0.0437805865874
