0.0 0.0106664795439
0.5 0.0424090642514
1.0 0.0613680510113
1.5 0.0539081413019
2.0 0.0492541762179
2.5 0.0457174688378
3.0 0.0435326229279
3.5 0.0415839335381
4.0 0.0399553683014
4.5 0.0385809350946
5.0 0.0372694015491
5.5 0.0363315637769
6.0 0.0354419667105
6.5 0.0345080883742
7.0 0.0338322065317
7.5 0.0332362133688
8.0 0.0326799888266
8.5 0.0321225021297
9.0 0.0314894159289
9.5 0.0310645815294
10.0 0.030607897532
10.5 0.030054337543
11.0 0.0295756759838
11.5 0.0291077452741
12.0 0.0286754056118
12.5 0.028227567411
13.0 0.0277503743813
13.5 0.0271991843939
14.0 0.0267233476972
14.5 0.0262271842155
15.0 0.0257158304734
15.5 0.0251071012356
16.0 0.0245624458495
16.5 0.0239990138561
17.0 0.0233660279148
17.5 0.0226778429376
18.0 0.0220022234786
18.5 0.0212638205411
19.0 0.0205084993582
19.5 0.0197108688499
20.0 0.0188716910237
20.5 0.0179751155068
21.0 0.017034677783
21.5 0.0160464371898
22.0 0.0149979412443
22.5 0.0138936151422
23.0 0.0127454560148
23.5 0.0115234095641
24.0 0.0102277422816
24.5 0.0088625418491
25.0 0.00744791437314
25.5 0.00595038859538
26.0 0.00437198778724
26.5 0.00272254076757
27.0 0.000981137939655
27.5 -0.000830671416236
28.0 -0.00272811479081
28.5 -0.00472910329922
29.0 -0.00682064219275
29.5 -0.00902446303173
30.0 -0.0113183799828
30.5 -0.0137214738103
31.0 -0.0162194788245
31.5 -0.0188147116936
32.0 -0.0215261584773
32.5 -0.0243243614595
33.0 -0.0272490321691
33.5 -0.0303110200994
34.0 -0.0334945406054
34.5 -0.0366862014362
35.0 -0.0400783017857
35.5 -0.043599706262
36.0 -0.0472185457362
36.5 -0.0508712406442
37.0 -0.0546183131697
37.5 -0.0584643819209
38.0 -0.0623737608121
38.5 -0.0663540960441
39.0 -0.0703462944958
39.5 -0.0744333058217
40.0 -0.0785834717051
40.5 -0.0825997762706
41.0 -0.0866092778994
41.5 -0.0905879025957
42.0 -0.0944560498073
42.5 -0.0982029309467
43.0 -0.101810854891
43.5 -0.105241408784
44.0 -0.108549640194
44.5 -0.111613791474
45.0 -0.114346779406
45.5 -0.116844195715
46.0 -0.119034913518
46.5 -0.120869746988
47.0 -0.122419590601
47.5 -0.12363321549
48.0 -0.124514444156
48.5 -0.125072013082
49.0 -0.125320260111
49.5 -0.125226157098
50.0 -0.124832808319
50.5 -0.124203230253
51.0 -0.123327865565
51.5 -0.122196505677
52.0 -0.120876729721
52.5 -0.119362081048
53.0 -0.117722572213
53.5 -0.115922115797
54.0 -0.11399034885
54.5 -0.111970796207
55.0 -0.109815992986
55.5 -0.107586409399
56.0 -0.105312506318
56.5 -0.103016112517
57.0 -0.100660801378
57.5 -0.0982558278693
58.0 -0.0958685385735
58.5 -0.0934563562465
59.0 -0.0910224451459
59.5 -0.0886169381811
60.0 -0.0862054383623
60.5 -0.0838081325021
61.0 -0.0814063873538
61.5 -0.0790320557549
62.0 -0.0767095496658
62.5 -0.0743879181512
63.0 -0.0721159612995
63.5 -0.0698618594985
64.0 -0.0676416709806
64.5 -0.0654574769257
65.0 -0.063286582767
65.5 -0.0611723117326
66.0 -0.0590572835746
66.5 -0.0569933077842
67.0 -0.0549894052601
67.5 -0.0530506523814
68.0 -0.0511080315647
68.5 -0.049217897197
69.0 -0.047372037804
69.5 -0.0455703685118
70.0 -0.0438034978189
70.5 -0.0420471110096
71.0 -0.0403393277161
71.5 -0.0386838411332
72.0 -0.0370651163764
72.5 -0.0354644535522
73.0 -0.0339362400499
73.5 -0.0324464080354
74.0 -0.030996708113
74.5 -0.029580403081
75.0 -0.0281975942967
75.5 -0.0268691297711
76.0 -0.0255572021367
76.5 -0.0242787059579
77.0 -0.0230434212507
77.5 -0.0218508081271
78.0 -0.0207404420345
78.5 -0.0195859819704
79.0 -0.0184802699483
79.5 -0.0174575225699
80.0 -0.0164685173881
80.5 -0.0155315829798
81.0 -0.0145158162623
81.5 -0.0136224108169
82.0 -0.0127372992625
82.5 -0.0118839651404
83.0 -0.0110495893765
83.5 -0.0102807213718
84.0 -0.00956306453978
84.5 -0.00882883297685
85.0 -0.00812607789708
85.5 -0.00747745472279
86.0 -0.00680398989299
86.5 -0.00620462756416
87.0 -0.00566458212075
87.5 -0.00506710391716
88.0 -0.00449683554355
88.5 -0.0039773029322
89.0 -0.00346898757988
89.5 -0.0030254861415
90.0 -0.00256958444833
90.5 -0.0021856514849
91.0 -0.00177883215451
91.5 -0.0013750584429
92.0 -0.00101252163224
92.5 -0.000657227004805
93.0 -0.000341915533372
93.5 -7.90968332218e-05
94.0 0.00024725122719
94.5 0.000422912297903
95.0 0.000720646886634
95.5 0.000951855814908
96.0 0.0011519965462
96.5 0.00137276914689
97.0 0.00149494226384
97.5 0.00166835795722
98.0 0.00186446048581
98.5 0.00200308369104
99.0 0.00216423567713
99.5 0.00209503574378
100.0 0.00235265833301
100.5 0.00241544229192
101.0 0.00235112397016
101.5 0.00250923774852
102.0 0.00264905106033
102.5 0.00257236340015
103.0 0.00259766692295
103.5 0.00266817736856
104.0 0.00260652389442
104.5 0.00264914464125
105.0 0.00239657326946
105.5 0.00257270941055
106.0 0.00249607978881
106.5 0.00223345422791
107.0 0.00209374092086
107.5 0.00196728285084
108.0 0.00198631005819
108.5 0.00202278031634
109.0 0.00170379158119
109.5 0.00148070396608
110.0 0.00134933746173
110.5 0.00121818059139
111.0 0.00130996906157
111.5 0.000948393125775
112.0 0.000605655965906
112.5 0.000133394500438
113.0 -0.000142123712976
113.5 -0.000534968142162
114.0 -0.000708715308349
114.5 -0.000814319719382
115.0 -0.00132408492567
115.5 -0.00118331521249
116.0 -0.00225169925216
116.5 -0.00230953450702
117.0 -0.00342816024963
117.5 -0.00486580059825
118.0 -0.00348303735957
118.5 -0.0025771298091
119.0 0.000308534014408
119.5 0.0106537214879
120.0 0.0132857835547
120.5 0.00911735828107
121.0 0.00544074547096
121.5 0.00439350346838
122.0 -0.0010822020064
122.5 -0.000747827797809
123.0 3.33090199405e-05
123.5 4.33302330407e-05
124.0 0.000539758172579
124.5 -2.51346591682e-05
125.0 0.000592433345034
125.5 0.000740909233102
126.0 -0.000744083991833
126.5 -0.000325424542694
127.0 -0.000113339780853
127.5 0.000218282951963
128.0 0.000721382481217
128.5 0.000442629148125
129.0 -4.63237910537e-05
129.5 0.00094748648938
130.0 0.00086305671276
130.5 0.00146099370341
131.0 0.00126582885272
131.5 0.00134508830741
132.0 0.00179032554072
132.5 0.00215897592054
133.0 0.00205187735302
133.5 0.00192983092295
134.0 0.00226471513368
134.5 0.0025145999489
135.0 0.00195474711055
135.5 0.00257150569058
136.0 0.0023915715247
136.5 0.00264333771595
137.0 0.0026690458389
137.5 0.0027236654584
138.0 0.0028914835021
138.5 0.00288493147709
139.0 0.00302157743495
139.5 0.00312862568797
140.0 0.00312474206658
140.5 0.00295301628489
141.0 0.00333264390941
141.5 0.00346605110109
142.0 0.00335247040218
142.5 0.0030520985784
143.0 0.00325432180773
143.5 0.00358268409825
144.0 0.00357049375251
144.5 0.00364377344264
145.0 0.00345729868128
145.5 0.00400937223107
146.0 0.00365939906556
146.5 0.00366241650957
147.0 0.00364103322311
147.5 0.00380939044448
148.0 0.00389805251508
148.5 0.00380845548274
149.0 0.00368894738937
149.5 0.00371120301053
150.0 0.00410156868766
150.5 0.00419170304601
151.0 0.00391167886657
151.5 0.00408742938925
152.0 0.00397742666155
152.5 0.00397966860961
153.0 0.00398617977521
153.5 0.00404118990068
154.0 0.00426017674949
154.5 0.00420257448508
155.0 0.00399894746643
155.5 0.00415524667985
156.0 0.00432230278845
156.5 0.00442298176046
157.0 0.00452365132826
157.5 0.00457254121906
158.0 0.00459433495833
158.5 0.00471100119721
159.0 0.00476531049404
159.5 0.00479475222936
160.0 0.00488707114421
160.5 0.00491508580917
161.0 0.00503156408948
161.5 0.00520643022976
162.0 0.00529024247664
162.5 0.00536307280949
163.0 0.00537608979018
163.5 0.00528074464009
164.0 0.00524407150006
164.5 0.00554275166064
165.0 0.00572811027082
165.5 0.00567746795177
166.0 0.00562012368091
166.5 0.00589010905155
167.0 0.0056360867035
167.5 0.0058800143964
168.0 0.00632153120003
168.5 0.00640563665949
169.0 0.00618582431953
169.5 0.0064893761846
170.0 0.00680093668566
170.5 0.00681967232951
171.0 0.00684047386336
171.5 0.00711344544091
172.0 0.00665945440996
172.5 0.0069381455742
173.0 0.00734615651996
173.5 0.00756317045605
174.0 0.00769068208763
174.5 0.00767533364983
175.0 0.00773324328549
175.5 0.00741359766872
176.0 0.00800161940464
176.5 0.00875575645424
177.0 0.00808332891171
177.5 0.0100255205635
178.0 0.00679077496044
178.5 0.00624041327961
179.0 0.000515665343528
179.5 -0.000247454624144
180.0 0.00121521502246
180.5 4.53010460859e-05
181.0 0.00272056717083
181.5 0.00505157763527
182.0 0.00691081299514
182.5 0.00769877416118
183.0 0.00568239098216
183.5 0.00532393942507
184.0 0.00478374410788
184.5 0.00456107176397
185.0 0.00448094588283
185.5 0.00424063614886
186.0 0.00427640778082
186.5 0.00412624238922
187.0 0.0039354698434
187.5 0.00388677866034
188.0 0.00364757551331
188.5 0.00346304659556
189.0 0.0030574269325
189.5 0.00273902314831
190.0 0.00246722444096
190.5 0.0020600239485
191.0 0.00177358183227
191.5 0.001341536867
192.0 0.000934498834297
192.5 0.000621840692858
193.0 0.000104054814045
193.5 -0.00056577081466
194.0 -0.00145550568773
194.5 -0.00224049076719
195.0 -0.00320033228692
195.5 -0.00469819151913
196.0 -0.00593428292994
196.5 -0.00720048497037
197.0 -0.0102501308029
197.5 -0.0127874341277
198.0 -0.0179312808366
198.5 -0.0252070334669
199.0 -0.0403336580369
199.5 -0.0677533114257
