0.0 0.0125162336126
0.5 0.0360815712707
1.0 0.0581414283529
1.5 0.0523939145534
2.0 0.0482269085458
2.5 0.0449474180209
3.0 0.0428929938812
3.5 0.0408841127002
4.0 0.0397163348115
4.5 0.0385534912216
5.0 0.0370622125272
5.5 0.0362305430773
6.0 0.0354273726322
6.5 0.034689162138
7.0 0.0340647631829
7.5 0.0333907392033
8.0 0.0328409311107
8.5 0.0323085319858
9.0 0.0318238705211
9.5 0.0313275799929
10.0 0.0308465761478
10.5 0.0302938268362
11.0 0.0298228364256
11.5 0.0293679709983
12.0 0.0289060295175
12.5 0.0284330588622
13.0 0.027968321082
13.5 0.0274833510961
14.0 0.026901828912
14.5 0.0264036230831
15.0 0.0258750142821
15.5 0.0252999922536
16.0 0.0247246139057
16.5 0.0240917112037
17.0 0.0234307343871
17.5 0.0227398386198
18.0 0.0220286716671
18.5 0.0212576589853
19.0 0.0204664649177
19.5 0.0196278200263
20.0 0.0187426842061
20.5 0.0178027273379
21.0 0.0168254218881
21.5 0.0157828663291
22.0 0.0146790270098
22.5 0.0135285935807
23.0 0.0123021454046
23.5 0.0110104322248
24.0 0.00964262542826
24.5 0.00821042786436
25.0 0.00669712528201
25.5 0.00513026937705
26.0 0.00347069534123
26.5 0.00171228898624
27.0 -0.000154356488351
27.5 -0.00206413970735
28.0 -0.00407103316661
28.5 -0.00621997372086
29.0 -0.00843472276775
29.5 -0.0107775957483
30.0 -0.0132054670266
30.5 -0.0157445337091
31.0 -0.0184077419714
31.5 -0.0211790377605
32.0 -0.0240697445178
32.5 -0.0270471527278
33.0 -0.0301149974412
33.5 -0.0333483808389
34.0 -0.0366759199332
34.5 -0.04014400137
35.0 -0.0436128464077
35.5 -0.047240187948
36.0 -0.0509754158265
36.5 -0.0548130882593
37.0 -0.0586754751985
37.5 -0.0625558419934
38.0 -0.0664918413566
38.5 -0.0704993236369
39.0 -0.0745046563828
39.5 -0.0784140057728
40.0 -0.0823569097961
40.5 -0.0862551229161
41.0 -0.0899724948928
41.5 -0.093583778773
42.0 -0.0970537981091
42.5 -0.100332511211
43.0 -0.103393233403
43.5 -0.106240530979
44.0 -0.108903504599
44.5 -0.111283339741
45.0 -0.113293995493
45.5 -0.115040996441
46.0 -0.116486047577
46.5 -0.117620798801
47.0 -0.118481071865
47.5 -0.119042980671
48.0 -0.119346052128
48.5 -0.119383277869
49.0 -0.119181986543
49.5 -0.11874095274
50.0 -0.118062715625
50.5 -0.117218089805
51.0 -0.116162919573
51.5 -0.114985795153
52.0 -0.113661777563
52.5 -0.11220272875
53.0 -0.110679408011
53.5 -0.109045006845
54.0 -0.107309276466
54.5 -0.105526819621
55.0 -0.103657683633
55.5 -0.101760856304
56.0 -0.0997821320557
56.5 -0.0978157710238
57.0 -0.0958106721641
57.5 -0.0937729535963
58.0 -0.0917421513038
58.5 -0.0897026737341
59.0 -0.0876497274233
59.5 -0.0855918857744
60.0 -0.0835186367686
60.5 -0.081454649466
61.0 -0.0794095062609
61.5 -0.0773519296195
62.0 -0.0753203489619
62.5 -0.073314721499
63.0 -0.0713449368861
63.5 -0.0693669662257
64.0 -0.0673964273756
64.5 -0.0654691991943
65.0 -0.0635417042699
65.5 -0.0616164990427
66.0 -0.0597218139048
66.5 -0.0578667296662
67.0 -0.056002231786
67.5 -0.0542109829291
68.0 -0.0524053883645
68.5 -0.0506372097098
69.0 -0.0489246442584
69.5 -0.0472166361598
70.0 -0.045524675935
70.5 -0.043875296012
71.0 -0.0422351770004
71.5 -0.0406145537104
72.0 -0.0390402857536
72.5 -0.0374990204383
73.0 -0.0360334692269
73.5 -0.0345490811942
74.0 -0.0331341389056
74.5 -0.0317227691366
75.0 -0.0303224628353
75.5 -0.0289904018188
76.0 -0.0276768649808
76.5 -0.0263615787202
77.0 -0.0251016220265
77.5 -0.0238910489014
78.0 -0.0226972334731
78.5 -0.021573939724
79.0 -0.0204678878561
79.5 -0.019331207245
80.0 -0.0183064593605
80.5 -0.0173065466688
81.0 -0.0162904087788
81.5 -0.0153737374449
82.0 -0.0144001669481
82.5 -0.0134441254396
83.0 -0.0126018131897
83.5 -0.0117433138241
84.0 -0.0109368460421
84.5 -0.0101854063404
85.0 -0.00945672968477
85.5 -0.00877058498325
86.0 -0.00804846500625
86.5 -0.00740174975433
87.0 -0.00677036606834
87.5 -0.00610527742979
88.0 -0.00555595426467
88.5 -0.00501018875172
89.0 -0.00444291882323
89.5 -0.00399333901003
90.0 -0.00347826943771
90.5 -0.00307249352857
91.0 -0.00256612717059
91.5 -0.00211885591762
92.0 -0.00174774260171
92.5 -0.0014287656272
93.0 -0.00107875305233
93.5 -0.000660046190657
94.0 -0.000281890607571
94.5 3.47128798772e-05
95.0 0.000261996449144
95.5 0.000442895779784
96.0 0.000816138762097
96.5 0.00102711775426
97.0 0.00123110026263
97.5 0.00135352587987
98.0 0.00144566261682
98.5 0.00164996546852
99.0 0.00187887559647
99.5 0.00200125004011
100.0 0.0022899707968
100.5 0.00227365167719
101.0 0.00239083901221
101.5 0.00247000262896
102.0 0.00255905652262
102.5 0.00258621700323
103.0 0.00263951507544
103.5 0.00258720226626
104.0 0.0024907180253
104.5 0.00261553364486
105.0 0.00259549056841
105.5 0.00248384318015
106.0 0.00240935343371
106.5 0.00241372790655
107.0 0.00247207939563
107.5 0.0022838054214
108.0 0.00204228967183
108.5 0.00197363907506
109.0 0.00188086413746
109.5 0.0017802802986
110.0 0.00151043469504
110.5 0.0014593401638
111.0 0.00113081693986
111.5 0.000731088768951
112.0 0.00103324722821
112.5 0.000809743322598
113.0 0.000465493675136
113.5 0.000402985883952
114.0 0.000790822751526
114.5 0.000598819452563
115.0 0.000224424706019
115.5 0.00113251198285
116.0 -0.000127924572269
116.5 0.00052311224934
117.0 7.56417446723e-05
117.5 -0.00114661432119
118.0 -0.00134866517598
118.5 0.00153532552923
119.0 0.00488321990898
119.5 0.0100734079772
120.0 0.00786272894302
120.5 0.00497404657975
121.0 0.00205784215903
121.5 0.000380896374537
122.0 -0.00107660640987
122.5 -0.000741939957734
123.0 -0.000289321914465
123.5 -0.000924641206325
124.0 -0.000404885959327
124.5 -0.000698901252107
125.0 -0.000516841126228
125.5 -0.000249583964703
126.0 -0.000365700906016
126.5 -0.00043948778854
127.0 -0.000533048603089
127.5 -0.000648646605143
128.0 -0.000190803421248
128.5 0.000373892100171
129.0 0.000638335703918
129.5 0.000689908123334
130.0 0.00126574158124
130.5 0.000767413966692
131.0 0.000774207963239
131.5 0.0011894290358
132.0 0.00148559288219
132.5 0.00166700037401
133.0 0.00184265523189
133.5 0.00210215140857
134.0 0.00226662924184
134.5 0.00174399724624
135.0 0.00211906389719
135.5 0.00252723015449
136.0 0.00289170498648
136.5 0.00240135617436
137.0 0.00250306161323
137.5 0.00281544976152
138.0 0.00283857977224
138.5 0.002617154343
139.0 0.00282195864799
139.5 0.0029114238942
140.0 0.00295307854132
140.5 0.0029854627011
141.0 0.0031625456171
141.5 0.00306428644896
142.0 0.00319130269203
142.5 0.00323919134693
143.0 0.00335522043009
143.5 0.00343951613254
144.0 0.00350695229531
144.5 0.00371625130146
145.0 0.00328173995903
145.5 0.00346119213289
146.0 0.00344864656548
146.5 0.00348642795901
147.0 0.00347823212486
147.5 0.00369985030266
148.0 0.00385296460831
148.5 0.00384222927514
149.0 0.00382089380703
149.5 0.00385064816695
150.0 0.00395163228192
150.5 0.0040065619485
151.0 0.00377042218853
151.5 0.00408087273343
152.0 0.00416206885342
152.5 0.00398309191059
153.0 0.00413533784334
153.5 0.00431698571702
154.0 0.00408322918537
154.5 0.00399714383625
155.0 0.0042525821746
155.5 0.00406143254722
156.0 0.00421792232018
156.5 0.00433109409638
157.0 0.00447492151209
157.5 0.00460190547905
158.0 0.0047105766991
158.5 0.00489051930125
159.0 0.00493279913237
159.5 0.0048622548417
160.0 0.00490362271732
160.5 0.00472842103445
161.0 0.00502242003725
161.5 0.00520683953997
162.0 0.00525871896954
162.5 0.00530429898537
163.0 0.0053785142889
163.5 0.00543317297315
164.0 0.00545107295354
164.5 0.00543470181512
165.0 0.00535495550822
165.5 0.00561977725496
166.0 0.00570312701726
166.5 0.00596951484174
167.0 0.00608278762836
167.5 0.00626863304581
168.0 0.00626940392078
168.5 0.00638087281992
169.0 0.00670778333242
169.5 0.00683060763217
170.0 0.0065995075575
170.5 0.00703756358224
171.0 0.00716603245259
171.5 0.00735328726269
172.0 0.00753055366317
172.5 0.00788821712598
173.0 0.00811922327912
173.5 0.00832298678456
174.0 0.00856872966023
174.5 0.00867326680424
175.0 0.00878030781435
175.5 0.00831855878457
176.0 0.0083459377004
176.5 0.00849603339948
177.0 0.00835780751187
177.5 0.00760880042468
178.0 0.00625926998406
178.5 0.00512439313468
179.0 0.000359440466553
179.5 -0.00320229098305
180.0 -0.00316376616274
180.5 -0.00289111980835
181.0 0.000359146122733
181.5 0.00193042971871
182.0 0.00292001695657
182.5 0.00447652664469
183.0 0.00436301945295
183.5 0.00476304841553
184.0 0.00453054366581
184.5 0.0044366126169
185.0 0.00503893189334
185.5 0.00436912955901
186.0 0.00421220027204
186.5 0.00393972263404
187.0 0.00410264155607
187.5 0.00383561940139
188.0 0.00336990210383
188.5 0.00314324253723
189.0 0.00265568664896
189.5 0.00232200092903
190.0 0.00222789056926
190.5 0.00168353503464
191.0 0.00139476242198
191.5 0.000987047385621
192.0 0.000539685493379
192.5 0.000106682966731
193.0 -0.000525515174658
193.5 -0.00115590986601
194.0 -0.00191294473105
194.5 -0.00281433749031
195.0 -0.00378896985336
195.5 -0.00556115497979
196.0 -0.00691568439562
196.5 -0.00848875588102
197.0 -0.0106850158566
197.5 -0.0129026467744
198.0 -0.0183118160087
198.5 -0.0257333094743
199.0 -0.0407871131617
199.5 -0.0681721875814
