0.0 0.0131334586199
0.5 0.0461028848179
1.0 0.0683462987316
1.5 0.0608506067399
2.0 0.0560748409769
2.5 0.0523433589469
3.0 0.0501273606007
3.5 0.0481526394207
4.0 0.0467610779286
4.5 0.0454518337045
5.0 0.0440173305155
5.5 0.0433038551457
6.0 0.0422867970101
6.5 0.041589924276
7.0 0.0411350447783
7.5 0.0405938327939
8.0 0.0401163621345
8.5 0.0395341895821
9.0 0.0391483778253
9.5 0.0388458447116
10.0 0.0384423936934
10.5 0.0380991767133
11.0 0.0377654174071
11.5 0.0374134424047
12.0 0.0370812909417
12.5 0.0367502590657
13.0 0.0364503056283
13.5 0.0360991218475
14.0 0.0357323803872
14.5 0.0353835487632
15.0 0.035011171146
15.5 0.03459893395
16.0 0.0341933857082
16.5 0.0337472995574
17.0 0.0332673958383
17.5 0.0327702037313
18.0 0.0322265327772
18.5 0.0316505878337
19.0 0.0310366298533
19.5 0.0303663598899
20.0 0.0296922844826
20.5 0.0289642532198
21.0 0.0281670456087
21.5 0.0273158938404
22.0 0.0264079784884
22.5 0.0254619441049
23.0 0.0244463462942
23.5 0.0233624320782
24.0 0.0222127532905
24.5 0.0209894964437
25.0 0.0197104067329
25.5 0.0183482457743
26.0 0.0169113859689
26.5 0.0154048127555
27.0 0.0138098421989
27.5 0.0121849915837
28.0 0.0104787979156
28.5 0.00865409250883
29.0 0.00674100261009
29.5 0.00477234730526
30.0 0.00273586318159
30.5 0.000611980798106
31.0 -0.00158139491145
31.5 -0.00383427428761
32.0 -0.00613121765574
32.5 -0.00848978040072
33.0 -0.0109362465457
33.5 -0.0134433344296
34.0 -0.0160060793541
34.5 -0.0186290452816
35.0 -0.0213097023012
35.5 -0.0240240597766
36.0 -0.0267350156121
36.5 -0.0294985410253
37.0 -0.0323323693495
37.5 -0.0351804269145
38.0 -0.0380229940712
38.5 -0.0409417938366
39.0 -0.0439039950386
39.5 -0.0468429613182
40.0 -0.0497953918425
40.5 -0.0528162371787
41.0 -0.0558656843072
41.5 -0.0589367137363
42.0 -0.0619891416596
42.5 -0.0650298309106
43.0 -0.0681151585288
43.5 -0.0712708754028
44.0 -0.074424813812
44.5 -0.0775714178642
45.0 -0.0807298019372
45.5 -0.0839195712494
46.0 -0.087120308153
46.5 -0.0902739277039
47.0 -0.0934727051025
47.5 -0.0967040331908
48.0 -0.0999302650626
48.5 -0.103102668288
49.0 -0.106273672882
49.5 -0.109405108327
50.0 -0.112562290164
50.5 -0.115750073596
51.0 -0.118864448528
51.5 -0.121942830393
52.0 -0.124946951946
52.5 -0.127848549423
53.0 -0.130734648964
53.5 -0.133596100146
54.0 -0.136316102031
54.5 -0.138937236367
55.0 -0.141390036007
55.5 -0.143734489903
56.0 -0.14589387675
56.5 -0.147877176868
57.0 -0.149678790081
57.5 -0.151266378016
58.0 -0.152610453001
58.5 -0.153689311538
59.0 -0.154468536074
59.5 -0.154946051001
60.0 -0.1550942276
60.5 -0.154835884822
61.0 -0.154237303414
61.5 -0.153223605651
62.0 -0.151869647038
62.5 -0.150167771307
63.0 -0.148064925937
63.5 -0.145604176237
64.0 -0.14277001144
64.5 -0.139618284157
65.0 -0.136128979823
65.5 -0.13235389125
66.0 -0.128331504079
66.5 -0.12411649093
67.0 -0.119746929688
67.5 -0.115260412146
68.0 -0.110660372234
68.5 -0.106013653087
69.0 -0.101412173979
69.5 -0.0967232756313
70.0 -0.092064803664
70.5 -0.0874695584424
71.0 -0.0829362470852
71.5 -0.0785295700497
72.0 -0.0742203556154
72.5 -0.0699839840794
73.0 -0.0659230255265
73.5 -0.0620091136222
74.0 -0.0582070673419
74.5 -0.0545474729531
75.0 -0.0510395634908
75.5 -0.0476735948882
76.0 -0.0444424514972
76.5 -0.0413550197088
77.0 -0.0383797045721
77.5 -0.0355546522232
78.0 -0.0329159047073
78.5 -0.0303369697184
79.0 -0.0279239881159
79.5 -0.0256377899481
80.0 -0.0234330405501
80.5 -0.0213652081283
81.0 -0.0193951878125
81.5 -0.0175815631957
82.0 -0.0157859046832
82.5 -0.0140675215759
83.0 -0.0125170088649
83.5 -0.0110119144125
84.0 -0.00962489963724
84.5 -0.00836250226744
85.0 -0.00702157135929
85.5 -0.00588030500068
86.0 -0.00476063093746
86.5 -0.00372686723328
87.0 -0.00274015028777
87.5 -0.00178650663036
88.0 -0.000984819494025
88.5 -0.00018290755035
89.0 0.000639356413064
89.5 0.00132601569697
90.0 0.00200091587226
90.5 0.00252375212817
91.0 0.00314325604736
91.5 0.00370341845929
92.0 0.00418572518814
92.5 0.00462174571924
93.0 0.00501134635631
93.5 0.00536374653388
94.0 0.00569782243937
94.5 0.00611140882278
95.0 0.00640067160852
95.5 0.00666598083614
96.0 0.00689465137082
96.5 0.00714533288533
97.0 0.00733081463691
97.5 0.00750332999635
98.0 0.00762599410855
98.5 0.00770537200226
99.0 0.007867416407
99.5 0.00795846036149
100.0 0.00810139516676
100.5 0.00815022001748
101.0 0.00815882953204
101.5 0.00812594074853
102.0 0.00814625494089
102.5 0.00809726668375
103.0 0.00809231857177
103.5 0.00805856304596
104.0 0.00799701421544
104.5 0.00790870260236
105.0 0.00788675682482
105.5 0.00796345680017
106.0 0.007686237826
106.5 0.00738152617158
107.0 0.00737926065928
107.5 0.00729379245281
108.0 0.00703182736771
108.5 0.00677504917874
109.0 0.00655224713031
109.5 0.0063879534301
110.0 0.00569063354868
110.5 0.00563515006389
111.0 0.00570534790609
111.5 0.00511939449269
112.0 0.00512721602043
112.5 0.00481904841632
113.0 0.00432665814773
113.5 0.00383554674237
114.0 0.00360893322629
114.5 0.00309589805009
115.0 0.00333102016779
115.5 0.00365954799425
116.0 0.00283491665417
116.5 0.0022159276979
117.0 0.00185759102719
117.5 0.00121855956969
118.0 0.000673463674062
118.5 0.00190859018839
119.0 0.00579069987833
119.5 0.0144390436484
120.0 0.014835558129
120.5 0.0121379252673
121.0 0.0106951845005
121.5 0.00381122849781
122.0 0.00268905791273
122.5 -2.03301374597e-05
123.0 0.0015116709508
123.5 0.00174302584242
124.0 0.0021493895805
124.5 0.00177626387175
125.0 0.00074929450362
125.5 0.00181805418293
126.0 0.00179944883229
126.5 0.00178524537851
127.0 0.0018950588525
127.5 0.00233525562784
128.0 0.00205895738085
128.5 0.00167414892864
129.0 0.00283357143682
129.5 0.00296332886492
130.0 0.00253302002242
130.5 0.00293334794245
131.0 0.0030228696811
131.5 0.00345601258971
132.0 0.00369123039861
132.5 0.00372254733904
133.0 0.00395619543625
133.5 0.00421065968506
134.0 0.00412071796521
134.5 0.00357969609837
135.0 0.00427380520996
135.5 0.00440121806918
136.0 0.0042749127383
136.5 0.00419009390916
137.0 0.00457054373509
137.5 0.00458450936431
138.0 0.00464606819505
138.5 0.00455918507136
139.0 0.00453800046441
139.5 0.00486764488344
140.0 0.00472208629343
140.5 0.00465064908517
141.0 0.00478464571641
141.5 0.0047411036821
142.0 0.00466202850847
142.5 0.00482333670538
143.0 0.00506666597329
143.5 0.00510010222438
144.0 0.00513068147264
144.5 0.00520107139615
145.0 0.00524998732394
145.5 0.0047912949454
146.0 0.00515044193026
146.5 0.00518303156386
147.0 0.00508992594875
147.5 0.00504963861075
148.0 0.00508051851775
148.5 0.00507101837473
149.0 0.00504613356331
149.5 0.00528815753519
150.0 0.00519569240934
150.5 0.00545079671022
151.0 0.00545589169649
151.5 0.00547091761721
152.0 0.00542070496815
152.5 0.00528356491
153.0 0.00537842550375
153.5 0.00550782800942
154.0 0.00554602593701
154.5 0.00581584116887
155.0 0.00574758929961
155.5 0.00553145868644
156.0 0.00564358465889
156.5 0.00556667914012
157.0 0.00542567776651
157.5 0.00530873452995
158.0 0.00538651741628
158.5 0.00565807732199
159.0 0.00580658069914
159.5 0.0059404574607
160.0 0.00610382681064
160.5 0.00599196978111
161.0 0.00600249289298
161.5 0.00587642692432
162.0 0.00601674286782
162.5 0.00623225559773
163.0 0.00637357658367
163.5 0.00644139179001
164.0 0.00647590888013
164.5 0.0065540021121
165.0 0.00674757748921
165.5 0.0068770957923
166.0 0.00686758390014
166.5 0.00671089039701
167.0 0.00682858469094
167.5 0.00724514788755
168.0 0.00750576729804
168.5 0.00760817813433
169.0 0.00751690971235
169.5 0.00730215274015
170.0 0.00761578128319
170.5 0.00775330650453
171.0 0.00801029602707
171.5 0.00832251970711
172.0 0.0086805488957
172.5 0.009130539918
173.0 0.00951011120503
173.5 0.00950874261778
174.0 0.00928187925194
174.5 0.00967527001038
175.0 0.010032383726
175.5 0.00957134450994
176.0 0.00950453062998
176.5 0.0098824142095
177.0 0.00899041627956
177.5 0.0106090482365
178.0 0.00760574108207
178.5 0.00768160211061
179.0 0.00201167885955
179.5 0.000849188760981
180.0 0.00162911808118
180.5 -0.000940996864315
181.0 0.000894986323772
181.5 0.0029451683769
182.0 0.00465153714688
182.5 0.00604487313886
183.0 0.00529029757634
183.5 0.0055247776022
184.0 0.00528689879118
184.5 0.00512176340945
185.0 0.00505627610326
185.5 0.00480946925306
186.0 0.00482356643698
186.5 0.00465222657739
187.0 0.00446087837599
187.5 0.00414384571899
188.0 0.00400076989489
188.5 0.00393771897166
189.0 0.00356104337226
189.5 0.00321857147469
190.0 0.00290824352318
190.5 0.00248730882822
191.0 0.0021799490146
191.5 0.00175051867821
192.0 0.00138914170626
192.5 0.00104550122438
193.0 0.000313428026033
193.5 -0.000159387157652
194.0 -0.000956967972499
194.5 -0.00170924487406
195.0 -0.00239810306886
195.5 -0.00463087429924
196.0 -0.00591636678209
196.5 -0.00759718901882
197.0 -0.0098511783502
197.5 -0.0122101043926
198.0 -0.017721434733
198.5 -0.0238899783371
199.0 -0.0398288669958
199.5 -0.0643714024277
