0.0 0.0136161608158
0.5 0.0378317434192
1.0 0.06143261963
1.5 0.0555996276558
2.0 0.0510659667215
2.5 0.0474880514274
3.0 0.0457518692748
3.5 0.0440704150452
4.0 0.0426843272054
4.5 0.0414875188083
5.0 0.0399917699042
5.5 0.039181081475
6.0 0.0383943131373
6.5 0.0376785292094
7.0 0.0369812909091
7.5 0.0362607732228
8.0 0.035825266455
8.5 0.0353259160216
9.0 0.0347106815092
9.5 0.0343036853683
10.0 0.0338390542071
10.5 0.0333926257349
11.0 0.0329183698818
11.5 0.0324829859247
12.0 0.0320378365211
12.5 0.0315658392042
13.0 0.03105516845
13.5 0.0306058213178
14.0 0.030098313622
14.5 0.029584398052
15.0 0.0290666083307
15.5 0.0285064865247
16.0 0.0278862011847
16.5 0.0272590264168
17.0 0.0266054148714
17.5 0.0258972474834
18.0 0.0251465090666
18.5 0.0243602830396
19.0 0.0235349786907
19.5 0.0226270101385
20.0 0.0216965077807
20.5 0.0207042184563
21.0 0.0196600817714
21.5 0.0185439998802
22.0 0.0173543403151
22.5 0.016106229757
23.0 0.0147676770197
23.5 0.0133403556795
24.0 0.0118269790272
24.5 0.0102637699842
25.0 0.00858864489621
25.5 0.00682167739539
26.0 0.00496761964215
26.5 0.00300736122217
27.0 0.000922138369918
27.5 -0.00124696953347
28.0 -0.00352346236007
28.5 -0.0058924857896
29.0 -0.00841819262815
29.5 -0.0110673050218
30.0 -0.0137470751204
30.5 -0.016599265216
31.0 -0.0195675998224
31.5 -0.0226174823432
32.0 -0.0257718973172
32.5 -0.0290236417833
33.0 -0.0323725420662
33.5 -0.0357864093032
34.0 -0.0392999897277
34.5 -0.042775359894
35.0 -0.0463415063971
35.5 -0.0499474859691
36.0 -0.0535658974233
36.5 -0.0571672918747
37.0 -0.0607538641682
37.5 -0.0642534286004
38.0 -0.067633205964
38.5 -0.0709541077904
39.0 -0.0741296758286
39.5 -0.0772018027104
40.0 -0.0801030079725
40.5 -0.0828420881842
41.0 -0.0853985436126
41.5 -0.0877913367581
42.0 -0.0900044534622
42.5 -0.0920440576224
43.0 -0.0939208335577
43.5 -0.0956280130651
44.0 -0.0971722323898
44.5 -0.0985326049228
45.0 -0.0997311132451
45.5 -0.100783310346
46.0 -0.101690470104
46.5 -0.102522524946
47.0 -0.103218622566
47.5 -0.103783310421
48.0 -0.104267348342
48.5 -0.104628464774
49.0 -0.104912489359
49.5 -0.105116791504
50.0 -0.10520301037
50.5 -0.105253355125
51.0 -0.105225253314
51.5 -0.105123651877
52.0 -0.104974070405
52.5 -0.104745193515
53.0 -0.104466005026
53.5 -0.104139205386
54.0 -0.103753476718
54.5 -0.103285699901
55.0 -0.102781065478
55.5 -0.102228522494
56.0 -0.10158728242
56.5 -0.100916500058
57.0 -0.100206584693
57.5 -0.0994430019806
58.0 -0.0986237688479
58.5 -0.0977565058213
59.0 -0.096823857828
59.5 -0.0958313041092
60.0 -0.0947865287431
60.5 -0.0936738084532
61.0 -0.0925294747907
61.5 -0.0912855916253
62.0 -0.0900097347729
62.5 -0.0886984268112
63.0 -0.0873513649405
63.5 -0.0859227595503
64.0 -0.0844219812393
64.5 -0.0829082927578
65.0 -0.0813216945581
65.5 -0.0796644829788
66.0 -0.0779676829785
66.5 -0.0762463564006
67.0 -0.0744481527457
67.5 -0.0726601120454
68.0 -0.0708021425108
68.5 -0.0689295579248
69.0 -0.0670425726583
69.5 -0.0651361660088
70.0 -0.0631885139183
70.5 -0.0612112269624
71.0 -0.0592255480849
71.5 -0.0572363711597
72.0 -0.0552350893853
72.5 -0.0532395996207
73.0 -0.051276517635
73.5 -0.0493211334445
74.0 -0.0474107964064
74.5 -0.045488345035
75.0 -0.0435641377573
75.5 -0.0416837075781
76.0 -0.0398158609026
76.5 -0.0379734404442
77.0 -0.0361735600684
77.5 -0.0344260742766
78.0 -0.0327426364626
78.5 -0.0310266188945
79.0 -0.0294243783438
79.5 -0.0278445926482
80.0 -0.0263142141196
80.5 -0.0248259505595
81.0 -0.0233474301247
81.5 -0.0219791935383
82.0 -0.0205750064564
82.5 -0.0192270381103
83.0 -0.0179840587414
83.5 -0.0167893914087
84.0 -0.0156014597062
84.5 -0.0144922887743
85.0 -0.0133910710082
85.5 -0.0124318631399
86.0 -0.011382200784
86.5 -0.0104140045562
87.0 -0.00947033227653
87.5 -0.00860867634001
88.0 -0.00779429506984
88.5 -0.00694647286354
89.0 -0.00624159209149
89.5 -0.00562750381964
90.0 -0.00484045218618
90.5 -0.00426694724412
91.0 -0.00361904135698
91.5 -0.00304358091364
92.0 -0.00245510844775
92.5 -0.00194619729093
93.0 -0.00149776889119
93.5 -0.000992576358076
94.0 -0.000507202913795
94.5 -0.00013615641603
95.0 0.000307399632572
95.5 0.000537247433602
96.0 0.000887139247745
96.5 0.00129091920435
97.0 0.00153336033518
97.5 0.00170039807296
98.0 0.00191972091007
98.5 0.00217573662016
99.0 0.00239756787605
99.5 0.00269397845245
100.0 0.00294387261286
100.5 0.00305650898441
101.0 0.00318354181996
101.5 0.00314587729603
102.0 0.00323985057839
102.5 0.00334918811417
103.0 0.0034711809117
103.5 0.00345060197648
104.0 0.00332681061862
104.5 0.00340311514221
105.0 0.00357250187105
105.5 0.00342670059987
106.0 0.00358096827107
106.5 0.00354807654553
107.0 0.00351075780292
107.5 0.00331062923004
108.0 0.00321286384725
108.5 0.00321104552715
109.0 0.00296343480304
109.5 0.00277704285259
110.0 0.00287077149734
110.5 0.00245992678075
111.0 0.00257265337593
111.5 0.00206599908082
112.0 0.00204091065611
112.5 0.00188113834501
113.0 0.00152639313134
113.5 0.00117694892491
114.0 0.0014079683301
114.5 0.000990231003385
115.0 0.000690880527287
115.5 0.000612673263944
116.0 -0.000234978269205
116.5 -0.000415788507667
117.0 -0.00123143853422
117.5 -0.0020327553561
118.0 -0.000599400029159
118.5 -0.000131188479799
119.0 0.00302766128144
119.5 0.012158383327
120.0 0.0141214850623
120.5 0.0126389107146
121.0 0.00660640211245
121.5 0.000510418632246
122.0 -0.000591869616173
122.5 -0.0032568957061
123.0 -0.00156080493983
123.5 -0.0011039466215
124.0 -0.000477286941944
124.5 -0.000692901351869
125.0 -0.00038168521921
125.5 0.000252748340912
126.0 -0.000464733516623
126.5 -0.000708491021285
127.0 -0.000248360840587
127.5 -2.8264326474e-05
128.0 9.22328354136e-05
128.5 0.000350215959244
129.0 0.000819968027486
129.5 0.000805826248651
130.0 0.00127524956353
130.5 0.00109714989333
131.0 0.00124034419626
131.5 0.00165842709388
132.0 0.00162216024777
132.5 0.00171848489732
133.0 0.00206087813697
133.5 0.00234951643503
134.0 0.0025778218357
134.5 0.00256584353894
135.0 0.00232149381242
135.5 0.00249953795831
136.0 0.00283151682654
136.5 0.00281759300958
137.0 0.00318635500243
137.5 0.00296342440714
138.0 0.00293351668946
138.5 0.00312173135406
139.0 0.00323159684515
139.5 0.00350865670945
140.0 0.0031133332506
140.5 0.00335725361241
141.0 0.00335236703931
141.5 0.00345281986228
142.0 0.00381277128277
142.5 0.00363429366825
143.0 0.0034560899104
143.5 0.00358159962474
144.0 0.00371142701995
144.5 0.00365282565395
145.0 0.00396723778777
145.5 0.00376172431371
146.0 0.00405716053143
146.5 0.0039261721324
147.0 0.0041292643152
147.5 0.00423755715162
148.0 0.00424730741536
148.5 0.00420555903906
149.0 0.0041129755145
149.5 0.00425095859528
150.0 0.00404425670229
150.5 0.00438010429366
151.0 0.00454209439268
151.5 0.00440155718436
152.0 0.00426758254228
152.5 0.00433611436743
153.0 0.0042966118831
153.5 0.00427264672027
154.0 0.0045030269001
154.5 0.0045411355892
155.0 0.00452800848127
155.5 0.00486969073423
156.0 0.00465551278794
156.5 0.00457629839975
157.0 0.00448805616992
157.5 0.00443623940881
158.0 0.00449527472669
158.5 0.0047160350164
159.0 0.00486921779092
159.5 0.00499741883209
160.0 0.00522543342107
160.5 0.00529856581774
161.0 0.00525979355085
161.5 0.00527481934196
162.0 0.00532774380962
162.5 0.00525433697199
163.0 0.00533442073974
163.5 0.00553418262398
164.0 0.00567416119318
164.5 0.00582999542692
165.0 0.0059579578795
165.5 0.00589077837848
166.0 0.0058028449273
166.5 0.00602773392929
167.0 0.00602933279927
167.5 0.00615937068427
168.0 0.0063898410671
168.5 0.00662677706231
169.0 0.00664732923207
169.5 0.00672053978653
170.0 0.00684103963542
170.5 0.00685765924226
171.0 0.00703224557131
171.5 0.00730573405259
172.0 0.00694580919487
172.5 0.00729332979392
173.0 0.00780598449215
173.5 0.00809909830612
174.0 0.00846627596813
174.5 0.0087887694133
175.0 0.00904228556386
175.5 0.00892775689624
176.0 0.00818454289742
176.5 0.00917062683946
177.0 0.00994831316939
177.5 0.00944148177116
178.0 0.00799194516695
178.5 0.00576031832659
179.0 0.00255963688414
179.5 0.00156601954934
180.0 0.00258715841423
180.5 -0.000864149001472
181.0 -0.00149092915734
181.5 0.00176198931166
182.0 0.00259984789072
182.5 0.00530498916139
183.0 0.00469013529074
183.5 0.00505382286525
184.0 0.00484089165811
184.5 0.00481012133122
185.0 0.00486901885051
185.5 0.00464468799051
186.0 0.00463987116771
186.5 0.00430785405621
187.0 0.00445057224456
187.5 0.00421865643773
188.0 0.00382515384545
188.5 0.00345399097151
189.0 0.00319118914469
189.5 0.00281711934009
190.0 0.00249892597006
190.5 0.00208181316955
191.0 0.0017988733824
191.5 0.00137177669701
192.0 0.0008599298326
192.5 0.000480595492604
193.0 -0.000104963448834
193.5 -0.000740865390043
194.0 -0.00148801263703
194.5 -0.00232336219661
195.0 -0.00309403190985
195.5 -0.00449642982602
196.0 -0.00652913335122
196.5 -0.00820613131908
197.0 -0.0103764399077
197.5 -0.0118843246442
198.0 -0.0176966272749
198.5 -0.024235141772
199.0 -0.0401452458862
199.5 -0.0644424979886
