0.0 0.00964438923408
0.5 0.0407385599449
1.0 0.0603349182175
1.5 0.0528188818085
2.0 0.0487933648462
2.5 0.0451322576474
3.0 0.0426218814845
3.5 0.0409932176705
4.0 0.0394784630117
4.5 0.0382086383973
5.0 0.0369798798895
5.5 0.036134715262
6.0 0.0352747417819
6.5 0.0345100368541
7.0 0.0339006828377
7.5 0.0333019702007
8.0 0.0327658560333
8.5 0.0321481604787
9.0 0.0317654977703
9.5 0.0313296762806
10.0 0.0308949497632
10.5 0.030492644409
11.0 0.0300944023787
11.5 0.029662070463
12.0 0.029235965122
12.5 0.028881250436
13.0 0.0285074739136
13.5 0.0281205287987
14.0 0.0277003320866
14.5 0.027294407202
15.0 0.0268905260045
15.5 0.0264321002945
16.0 0.0259709178444
16.5 0.0255161704059
17.0 0.0250273721917
17.5 0.0244952750643
18.0 0.0239618329607
18.5 0.0233826961611
19.0 0.0227700181345
19.5 0.022147195072
20.0 0.0214833984101
20.5 0.0207795512159
21.0 0.0200577987337
21.5 0.0192772637931
22.0 0.0184511520351
22.5 0.017598924054
23.0 0.016688037316
23.5 0.0157318949993
24.0 0.0147288822198
24.5 0.0136590525175
25.0 0.0125473066931
25.5 0.0113881198826
26.0 0.0101656030617
26.5 0.008884351948
27.0 0.00752374646552
27.5 0.00612627871069
28.0 0.00464733489577
28.5 0.00308582946178
29.0 0.00146296903374
29.5 -0.000236360835522
30.0 -0.00200306720664
30.5 -0.0038593784912
31.0 -0.00581322081498
31.5 -0.00780687133276
32.0 -0.0098834206692
32.5 -0.0120513317919
33.0 -0.0143073161283
33.5 -0.0166589613499
34.0 -0.0190913160081
34.5 -0.021647635189
35.0 -0.0243030987376
35.5 -0.0270536408524
36.0 -0.0298517277723
36.5 -0.0327494087596
37.0 -0.0357448961241
37.5 -0.0388461797215
38.0 -0.0420447099178
38.5 -0.0453311247734
39.0 -0.0487129227212
39.5 -0.052204976171
40.0 -0.0557444811552
40.5 -0.0594446235411
41.0 -0.0632284162606
41.5 -0.0670416315625
42.0 -0.0709093594665
42.5 -0.0748329409906
43.0 -0.0788248392201
43.5 -0.0829172530313
44.0 -0.0870618124707
44.5 -0.0912379302324
45.0 -0.0953354518697
45.5 -0.0994176537556
46.0 -0.10354668685
46.5 -0.107613022144
47.0 -0.111573280107
47.5 -0.115399310976
48.0 -0.119150614127
48.5 -0.122801401685
49.0 -0.126260225245
49.5 -0.129494370172
50.0 -0.132419296258
50.5 -0.135092610818
51.0 -0.137398186279
51.5 -0.139415362757
52.0 -0.14110509258
52.5 -0.142391035406
53.0 -0.14329216647
53.5 -0.143760000607
54.0 -0.143814453822
54.5 -0.143462812864
55.0 -0.142683957055
55.5 -0.141512309328
56.0 -0.139940605179
56.5 -0.138070451856
57.0 -0.135881531767
57.5 -0.133398766011
58.0 -0.130695195261
58.5 -0.127757031925
59.0 -0.124624731506
59.5 -0.121375364785
60.0 -0.117980167589
60.5 -0.114458745781
61.0 -0.110900696738
61.5 -0.107252164971
62.0 -0.103602808824
62.5 -0.0999651756242
63.0 -0.096343233539
63.5 -0.0927361980862
64.0 -0.089151770095
64.5 -0.0856324602403
65.0 -0.0821513043178
65.5 -0.0787187486596
66.0 -0.0753672226485
66.5 -0.0721086123471
67.0 -0.0688937476905
67.5 -0.0658073851228
68.0 -0.0627779845248
68.5 -0.059855806405
69.0 -0.0570035196616
69.5 -0.0542459733724
70.0 -0.0515721810137
70.5 -0.0489719687061
71.0 -0.0464586776638
71.5 -0.0440491158635
72.0 -0.0416764180809
72.5 -0.0394272294779
73.0 -0.0373039003958
73.5 -0.0352057442878
74.0 -0.0332212590461
74.5 -0.0312866996167
75.0 -0.0294064123618
75.5 -0.0276280727105
76.0 -0.025921230305
76.5 -0.0242437640799
77.0 -0.0226513683668
77.5 -0.0211418531202
78.0 -0.0197353543197
78.5 -0.0183131487837
79.0 -0.0169709140075
79.5 -0.0157168461495
80.0 -0.0144943009911
80.5 -0.0133334408744
81.0 -0.012203134878
81.5 -0.0111750945847
82.0 -0.0101517126133
82.5 -0.00915501762039
83.0 -0.00826033194506
83.5 -0.00737802692168
84.0 -0.00656085192281
84.5 -0.00575435242265
85.0 -0.00498246525732
85.5 -0.00429339606749
86.0 -0.00360291076371
86.5 -0.0029528522242
87.0 -0.00232693398387
87.5 -0.00175115246432
88.0 -0.00120170730847
88.5 -0.000621318892819
89.0 -0.000157599645433
89.5 0.000290066808166
90.0 0.000714649410408
90.5 0.00104122822098
91.0 0.0013882721649
91.5 0.00180435767859
92.0 0.00216624339357
92.5 0.00252817236465
93.0 0.00281467777047
93.5 0.00301778689327
94.0 0.00330457798289
94.5 0.00346979749565
95.0 0.00371527566018
95.5 0.00395974660291
96.0 0.00408027752979
96.5 0.00424284630063
97.0 0.00433010116635
97.5 0.00437666247554
98.0 0.00449614697779
98.5 0.00469184637603
99.0 0.00483345105268
99.5 0.00487630722332
100.0 0.00491950798003
100.5 0.00486608516205
101.0 0.00485105837041
101.5 0.00498569071016
102.0 0.00495422235362
102.5 0.00482055827754
103.0 0.00486848082922
103.5 0.00489684000414
104.0 0.00475904664
104.5 0.00468635083413
105.0 0.00469988758471
105.5 0.00459723191074
106.0 0.00448903226186
106.5 0.00428564260679
107.0 0.00411308533759
107.5 0.00400101174274
108.0 0.00389162456604
108.5 0.00386729508389
109.0 0.00390062487575
109.5 0.00345396947381
110.0 0.00311008931534
110.5 0.00277695087631
111.0 0.00239482890431
111.5 0.00212724735984
112.0 0.00175564216958
112.5 0.00138149702818
113.0 0.00143491286656
113.5 0.0014296902138
114.0 0.00120321528904
114.5 0.000240776337364
115.0 0.000620406452043
115.5 0.000309009261045
116.0 -0.000334039880769
116.5 -0.000159275875887
117.0 -0.000589345563853
117.5 -0.000905985529428
118.0 -0.00114455520689
118.5 -0.000163790567868
119.0 0.00274467273266
119.5 0.0125870475313
120.0 0.0145254293152
120.5 0.0108792209118
121.0 0.00578670285203
121.5 0.00167943122052
122.0 0.00222126347273
122.5 0.00016861000374
123.0 0.00120789930902
123.5 0.000674587203065
124.0 0.000850614520303
124.5 0.00150340864107
125.0 0.000446702157774
125.5 0.000595950494144
126.0 0.000841387232214
126.5 0.00031861138774
127.0 0.00105740961136
127.5 0.00195168933114
128.0 0.00168120696193
128.5 0.00104124985186
129.0 0.00168878251821
129.5 0.00214036845308
130.0 0.00217747912298
130.5 0.00235547787365
131.0 0.00233412196241
131.5 0.00264648940779
132.0 0.00264185647808
132.5 0.0027429887544
133.0 0.00297278387079
133.5 0.00304162803187
134.0 0.00321726927759
134.5 0.00368526893511
135.0 0.0029694931777
135.5 0.0030767629416
136.0 0.00346361127211
136.5 0.00335266549056
137.0 0.0036858703571
137.5 0.00380122526954
138.0 0.00379619250099
138.5 0.00359637043412
139.0 0.00368198513385
139.5 0.00397473968653
140.0 0.0038804385836
140.5 0.00356855034658
141.0 0.00410969674277
141.5 0.004037655628
142.0 0.00400028753863
142.5 0.00407112891506
143.0 0.00430557567943
143.5 0.00425170067689
144.0 0.00401411245724
144.5 0.00425127894463
145.0 0.00405880612242
145.5 0.00424510995727
146.0 0.00413849410718
146.5 0.0042802612889
147.0 0.00450861279291
147.5 0.00453226262313
148.0 0.004397896137
148.5 0.00439503916337
149.0 0.0044626954886
149.5 0.00435387927448
150.0 0.00432526439996
150.5 0.00453759347511
151.0 0.00463722722339
151.5 0.00450196717718
152.0 0.00458379173677
152.5 0.00470329351563
153.0 0.00475964229037
153.5 0.00475309453769
154.0 0.00476413961933
154.5 0.0047710647064
155.0 0.00473806376777
155.5 0.00507365437108
156.0 0.00501100093648
156.5 0.00481056673506
157.0 0.0047229391832
157.5 0.00466867044575
158.0 0.00477455957797
158.5 0.00503013809488
159.0 0.00510791504514
159.5 0.00514695196125
160.0 0.00526498732195
160.5 0.0053420328941
161.0 0.0053927466849
161.5 0.00546704656998
162.0 0.00554707261505
162.5 0.00572905810729
163.0 0.00589342579885
163.5 0.00600621491221
164.0 0.00603760794156
164.5 0.00601001970487
165.0 0.00607492453102
165.5 0.00583473750201
166.0 0.00611537801758
166.5 0.00635989996437
167.0 0.00641451859444
167.5 0.00658207029238
168.0 0.00673673088063
168.5 0.00688270231957
169.0 0.00697087970883
169.5 0.00701705417556
170.0 0.00679602985671
170.5 0.00727811552322
171.0 0.00754611385067
171.5 0.00767791471999
172.0 0.00788215549555
172.5 0.00835657782345
173.0 0.00817460053547
173.5 0.00811291673263
174.0 0.00858196499651
174.5 0.00876429935727
175.0 0.00889139849501
175.5 0.00846194573785
176.0 0.00887825390032
176.5 0.00950530341042
177.0 0.00975663421769
177.5 0.00906441684978
178.0 0.00798836423894
178.5 0.00664963381944
179.0 0.00383943882331
179.5 0.000949947248813
180.0 -0.00109613645684
180.5 -0.00340733818926
181.0 -0.000996880374075
181.5 0.00214107076155
182.0 0.00315875548088
182.5 0.00404266167496
183.0 0.00400666322825
183.5 0.00463956725211
184.0 0.00463037052195
184.5 0.00460355287073
185.0 0.00464485045279
185.5 0.00452744491768
186.0 0.00466913729349
186.5 0.00455490771304
187.0 0.00443466391101
187.5 0.00428850318572
188.0 0.00407930526725
188.5 0.00392537256
189.0 0.00362250461639
189.5 0.00335472908758
190.0 0.0031875394649
190.5 0.00275352057371
191.0 0.00249089612636
191.5 0.00217348000805
192.0 0.0018619400544
192.5 0.00159560228589
193.0 0.00103325836851
193.5 0.000593519751078
194.0 -7.97390958951e-06
194.5 -0.000653478196753
195.0 -0.00110099267128
195.5 -0.0022255288961
196.0 -0.00385485373693
196.5 -0.00493867133306
197.0 -0.00644414586384
197.5 -0.0075818153709
198.0 -0.0103035090095
198.5 -0.015169090242
199.0 -0.0255438056071
199.5 -0.043661946219
