0.0 0.0122720613647
0.5 0.0354706126459
1.0 0.0568170385092
1.5 0.0509373952347
2.0 0.0468878126074
2.5 0.043730768031
3.0 0.0418009135573
3.5 0.0401331921881
4.0 0.0387437299461
4.5 0.0376069838598
5.0 0.0361720421136
5.5 0.0354578139255
6.0 0.0346988353425
6.5 0.0340192579356
7.0 0.0333473163742
7.5 0.0326786856513
8.0 0.0322534431265
8.5 0.0317883142821
9.0 0.0313428195128
9.5 0.030934976706
10.0 0.0303774406133
10.5 0.0300022690361
11.0 0.0296003269707
11.5 0.0292206151734
12.0 0.0288226883882
12.5 0.0284130911514
13.0 0.0280148582822
13.5 0.0276021906631
14.0 0.0271857124359
14.5 0.0267702416376
15.0 0.0263321043036
15.5 0.025869355272
16.0 0.025371537179
16.5 0.0248646134496
17.0 0.0243786006837
17.5 0.0238293319899
18.0 0.0232217427966
18.5 0.0226372662555
19.0 0.0220238082318
19.5 0.0213314461244
20.0 0.0206437846313
20.5 0.0199007701168
21.0 0.0191250514766
21.5 0.018322070993
22.0 0.0174584646365
22.5 0.0165456576616
23.0 0.015595880625
23.5 0.0145798462447
24.0 0.0135100679456
24.5 0.0123835861627
25.0 0.0112196885087
25.5 0.00998572611022
26.0 0.00867504728369
26.5 0.00732869304662
27.0 0.00591222792103
27.5 0.00440755370466
28.0 0.00285109398746
28.5 0.00120232406966
29.0 -0.000528203241823
29.5 -0.00232114744414
30.0 -0.00419189741666
30.5 -0.00615390355089
31.0 -0.00821828696543
31.5 -0.0103227210702
32.0 -0.0125255754202
32.5 -0.0148482850077
33.0 -0.0172721922924
33.5 -0.0197594908327
34.0 -0.0223646490446
34.5 -0.025100156933
35.0 -0.027873778957
35.5 -0.0307484162927
36.0 -0.0337276310098
36.5 -0.036821471225
37.0 -0.0400294760726
37.5 -0.0433407296298
38.0 -0.0467430347353
38.5 -0.0502434963901
39.0 -0.0538562182703
39.5 -0.0575699431876
40.0 -0.0612969758115
40.5 -0.0650964456022
41.0 -0.0690150473236
41.5 -0.0730446790689
42.0 -0.0771202437829
42.5 -0.0812298886244
43.0 -0.0853734842352
43.5 -0.0895336303499
44.0 -0.0937191513859
44.5 -0.0978555891049
45.0 -0.101863827574
45.5 -0.105930172334
46.0 -0.109893012784
46.5 -0.113757665341
47.0 -0.117448998059
47.5 -0.120943191783
48.0 -0.124232413823
48.5 -0.127253030372
49.0 -0.130106395791
49.5 -0.132640466831
50.0 -0.134731471008
50.5 -0.136473281544
51.0 -0.13791729484
51.5 -0.138940760214
52.0 -0.13959201032
52.5 -0.139836268107
53.0 -0.13968370328
53.5 -0.139139645446
54.0 -0.138233760762
54.5 -0.136968940086
55.0 -0.135343995748
55.5 -0.133429752405
56.0 -0.131222590813
56.5 -0.128808137889
57.0 -0.126181396646
57.5 -0.123360737098
58.0 -0.120416435928
58.5 -0.117332304261
59.0 -0.114123345731
59.5 -0.110867701337
60.0 -0.107533393503
60.5 -0.104169254747
61.0 -0.100763537615
61.5 -0.0973764381345
62.0 -0.0940350147819
62.5 -0.0906848793438
63.0 -0.0873955175134
63.5 -0.0841271470983
64.0 -0.0808918374962
64.5 -0.0777386970382
65.0 -0.0746234034079
65.5 -0.0715966948552
66.0 -0.0686132141092
66.5 -0.0657156466457
67.0 -0.0628586877487
67.5 -0.0601225685978
68.0 -0.0574231316245
68.5 -0.0548145521621
69.0 -0.0522928527363
69.5 -0.0498608764681
70.0 -0.0474875196237
70.5 -0.0451617080975
71.0 -0.0429160771508
71.5 -0.0407603584854
72.0 -0.0386558438879
72.5 -0.036623727792
73.0 -0.0346915039066
73.5 -0.0328375640442
74.0 -0.0310250181601
74.5 -0.0292848533654
75.0 -0.0276139636304
75.5 -0.0260035888619
76.0 -0.0244356283225
76.5 -0.0229340861138
77.0 -0.0214680663725
77.5 -0.0200800281923
78.0 -0.0187583271297
78.5 -0.0174791089538
79.0 -0.0162799773606
79.5 -0.0151204701918
80.0 -0.0140313577636
80.5 -0.0129142996936
81.0 -0.0118537394588
81.5 -0.0108797659728
82.0 -0.00991748093876
82.5 -0.00901487430092
83.0 -0.00812925575623
83.5 -0.00732494845307
84.0 -0.0065827096554
84.5 -0.00583088366157
85.0 -0.00509303095333
85.5 -0.00446384111799
86.0 -0.00386114515543
86.5 -0.0032149616771
87.0 -0.00260453144938
87.5 -0.00203222372753
88.0 -0.00151884292396
88.5 -0.0010241197581
89.0 -0.000589911395959
89.5 -0.000173107265574
90.0 0.000334832315755
90.5 0.00066946857325
91.0 0.00105702421004
91.5 0.00142967607512
92.0 0.00175528343102
92.5 0.00207487083787
93.0 0.00231787829522
93.5 0.00254066926738
94.0 0.00288988281751
94.5 0.00316408061473
95.0 0.00340793077538
95.5 0.00353971982755
96.0 0.00368123253628
96.5 0.00385406847947
97.0 0.00395808145757
97.5 0.00407376086561
98.0 0.00420932052274
98.5 0.00432657708435
99.0 0.0044129778136
99.5 0.00445132292798
100.0 0.00457127987288
100.5 0.00449174461081
101.0 0.00448832798138
101.5 0.00454504277636
102.0 0.00458015732732
102.5 0.0046439642816
103.0 0.00466175326734
103.5 0.00448213492579
104.0 0.00439624307634
104.5 0.00438283634013
105.0 0.00440716581524
105.5 0.00440124311272
106.0 0.00440545857414
106.5 0.00426309653101
107.0 0.00417599520188
107.5 0.00401695812908
108.0 0.00385607585577
108.5 0.00371484255063
109.0 0.00351059082501
109.5 0.00324712436367
110.0 0.0030015421818
110.5 0.00316027696262
111.0 0.00314555434552
111.5 0.0025407442187
112.0 0.00239320076899
112.5 0.00210543485794
113.0 0.00164618296232
113.5 0.00122960819999
114.0 0.00145740744144
114.5 0.000897763075059
115.0 0.000462660970328
115.5 0.00199743487836
116.0 0.00131642384996
116.5 0.00139802272132
117.0 0.00117549381356
117.5 0.000663237436413
118.0 0.00172848218273
118.5 0.00341181978246
119.0 0.00546615457064
119.5 0.0123064256733
120.0 0.0111790373132
120.5 0.00554008831891
121.0 0.00117921865153
121.5 -0.00209864442357
122.0 -0.00337080954414
122.5 -0.00360049822783
123.0 -0.00275797220442
123.5 -0.00166317879885
124.0 -0.000735068216173
124.5 -0.000589821201402
125.0 -6.7105572171e-05
125.5 -0.000133726929803
126.0 0.000619099756463
126.5 -0.000641060988585
127.0 -0.000463211643336
127.5 1.71953978452e-05
128.0 0.000377655908252
128.5 0.000508756955178
129.0 0.000684060151798
129.5 0.000955209305111
130.0 0.00101246703248
130.5 0.00129442158346
131.0 0.00168623846231
131.5 0.00144982681952
132.0 0.0015249429098
132.5 0.00182612949255
133.0 0.00194242108357
133.5 0.00211000601514
134.0 0.00241890529522
134.5 0.00239022685574
135.0 0.00286507388143
135.5 0.00224739011619
136.0 0.00263447771798
136.5 0.00266829001969
137.0 0.0028640475814
137.5 0.00280356118362
138.0 0.0030307349247
138.5 0.00320066745903
139.0 0.00319721223977
139.5 0.00334621046704
140.0 0.00342256765667
140.5 0.00332991207463
141.0 0.00329350709358
141.5 0.00339422649745
142.0 0.00353583187867
142.5 0.0035685281862
143.0 0.00362811002634
143.5 0.00369807929273
144.0 0.00379848723179
144.5 0.00390607248644
145.0 0.00404832336219
145.5 0.00368247348766
146.0 0.003871432286
146.5 0.00392412462609
147.0 0.00398921568874
147.5 0.00405159362188
148.0 0.00410387827344
148.5 0.00413989335029
149.0 0.00415420196324
149.5 0.00428721855545
150.0 0.0042313588791
150.5 0.00444877913573
151.0 0.00456096587743
151.5 0.004461607367
152.0 0.00438066585259
152.5 0.00439460799821
153.0 0.00446289090162
153.5 0.00449107232307
154.0 0.00454690744125
154.5 0.0046748605143
155.0 0.00457087021147
155.5 0.00475014140354
156.0 0.00499177312727
156.5 0.0049730621636
157.0 0.00499994991946
157.5 0.00500466509196
158.0 0.00502219851063
158.5 0.00513237770245
159.0 0.00514900928055
159.5 0.00515946638687
160.0 0.00524052042465
160.5 0.00525668439151
161.0 0.00532554777105
161.5 0.00541518725235
162.0 0.00544112337445
162.5 0.00556572346412
163.0 0.00552413954654
163.5 0.00552467834569
164.0 0.00576230501594
164.5 0.00596693651639
165.0 0.00614221240562
165.5 0.00615481727176
166.0 0.0058345086079
166.5 0.00622526448227
167.0 0.0064695223424
167.5 0.00659551293381
168.0 0.00680303071093
168.5 0.0070803574671
169.0 0.00702097579423
169.5 0.00683128642822
170.0 0.00725306560515
170.5 0.0075429840048
171.0 0.00772647061063
171.5 0.00781055983558
172.0 0.00800690068188
172.5 0.00789060514904
173.0 0.00810667209477
173.5 0.00850016809312
174.0 0.00863019741556
174.5 0.00863755558164
175.0 0.00873506183012
175.5 0.00747806461601
176.0 0.00851539730829
176.5 0.00961207475278
177.0 0.0105187813902
177.5 0.0124039472775
178.0 0.009139423107
178.5 0.00865216211349
179.0 0.0024708721764
179.5 0.000910274179887
180.0 0.00127163252304
180.5 -0.00135933738991
181.0 -0.000323996743148
181.5 0.00232974696875
182.0 0.00374629440594
182.5 0.00418790587479
183.0 0.00446878658668
183.5 0.00468512925592
184.0 0.00441790482962
184.5 0.00422213515684
185.0 0.00411815197099
185.5 0.00459709984827
186.0 0.00438244300085
186.5 0.00424382699346
187.0 0.00419201506121
187.5 0.00392679840856
188.0 0.00360768409394
188.5 0.00342747236623
189.0 0.00310982823481
189.5 0.00289342056834
190.0 0.00287594497395
190.5 0.00240631574179
191.0 0.00221935268272
191.5 0.00193080379321
192.0 0.00156188536714
192.5 0.00129697673401
193.0 0.000805496154129
193.5 0.000494403032476
194.0 -0.000106878783825
194.5 -0.000787408165152
195.0 -0.00175621816564
195.5 -0.00315008023775
196.0 -0.00418434775794
196.5 -0.00524583213537
197.0 -0.00670037507254
197.5 -0.00778646311892
198.0 -0.0107100468744
198.5 -0.0155347782493
199.0 -0.0260760828382
199.5 -0.0440205042395
