0.0 0.0114461939236
0.5 0.0436340674688
1.0 0.0611209732154
1.5 0.0534879903114
2.0 0.0494814016614
2.5 0.0458666455324
3.0 0.043468831479
3.5 0.0419401579926
4.0 0.0403446280989
4.5 0.0391781302356
5.0 0.0378307521418
5.5 0.0370089747288
6.0 0.0361669839998
6.5 0.0354136512093
7.0 0.0348512971556
7.5 0.0342386722339
8.0 0.0336945908844
8.5 0.0331797808313
9.0 0.0327838079261
9.5 0.0322276330688
10.0 0.0318348992513
10.5 0.0314568131579
11.0 0.0310632152445
11.5 0.0307161689162
12.0 0.030348823988
12.5 0.0300054856016
13.0 0.029639455727
13.5 0.029206421088
14.0 0.0288632857308
14.5 0.0285027172079
15.0 0.0281182366167
15.5 0.0276964644363
16.0 0.0272829957747
16.5 0.0268549566016
17.0 0.0264028957913
17.5 0.0259128229432
18.0 0.0254221096417
18.5 0.0248879798073
19.0 0.024345116154
19.5 0.0237629779201
20.0 0.0231523003491
20.5 0.0224859385097
21.0 0.0218184649319
21.5 0.0211078416587
22.0 0.020350923131
22.5 0.0195591755602
23.0 0.0187131182342
23.5 0.0178273957535
24.0 0.0168963705505
24.5 0.0159020827567
25.0 0.014879295409
25.5 0.0138008321378
26.0 0.0126645302393
26.5 0.0114765679148
27.0 0.0102192062212
27.5 0.00893228286797
28.0 0.00756811732825
28.5 0.00611682119472
29.0 0.00462235987536
29.5 0.00303685435077
30.0 0.00139482162796
30.5 -0.000280932958574
31.0 -0.00206461234237
31.5 -0.00390653747507
32.0 -0.0058165899286
32.5 -0.00780620955036
33.0 -0.00986586657947
33.5 -0.0120167266319
34.0 -0.0142211150499
34.5 -0.0165176273524
35.0 -0.0189205726868
35.5 -0.0213961120263
36.0 -0.0239577625544
36.5 -0.02656289874
37.0 -0.0292698495032
37.5 -0.0320809387427
38.0 -0.0349562529519
38.5 -0.0379257039316
39.0 -0.0409615754821
39.5 -0.0441144307604
40.0 -0.0473064099718
40.5 -0.0505549024008
41.0 -0.0538971798464
41.5 -0.0573526058738
42.0 -0.0608686078088
42.5 -0.0644485154636
43.0 -0.0681172073784
43.5 -0.0718555148064
44.0 -0.0756411689172
44.5 -0.0794501149048
45.0 -0.0833694116589
45.5 -0.0873007358065
46.0 -0.0912701223965
46.5 -0.0952422572363
47.0 -0.0992037421497
47.5 -0.103148587902
48.0 -0.10710752196
48.5 -0.111021611652
49.0 -0.114866883008
49.5 -0.118721271761
50.0 -0.12245964855
50.5 -0.126086616837
51.0 -0.129484177677
51.5 -0.132738778182
52.0 -0.135790284228
52.5 -0.138607332109
53.0 -0.141210346275
53.5 -0.143509293588
54.0 -0.145487895554
54.5 -0.147141128912
55.0 -0.148305128593
55.5 -0.149144266325
56.0 -0.1495840715
56.5 -0.149553447072
57.0 -0.149137869529
57.5 -0.148310278078
58.0 -0.147060331036
58.5 -0.145401398185
59.0 -0.143363225709
59.5 -0.14099466159
60.0 -0.138253823603
60.5 -0.135211739151
61.0 -0.131913595977
61.5 -0.128405349912
62.0 -0.124757745094
62.5 -0.120925211104
63.0 -0.117029478782
63.5 -0.11305619193
64.0 -0.108959387289
64.5 -0.104879716468
65.0 -0.100787496406
65.5 -0.0966879754356
66.0 -0.0926323251561
66.5 -0.0886410285716
67.0 -0.0847175590388
67.5 -0.080874721992
68.0 -0.0771056840273
68.5 -0.0734483301548
69.0 -0.0698604276721
69.5 -0.0663690954935
70.0 -0.0629912339565
70.5 -0.059725524193
71.0 -0.0565599652345
71.5 -0.0534810043665
72.0 -0.0505321215799
72.5 -0.0476736905322
73.0 -0.0449581082073
73.5 -0.0423359606979
74.0 -0.0398405078084
74.5 -0.037411481422
75.0 -0.0350601156353
75.5 -0.032835056832
76.0 -0.0307104925615
76.5 -0.0286521007066
77.0 -0.0266672442774
77.5 -0.0247911559057
78.0 -0.0230420116922
78.5 -0.0213065241917
79.0 -0.019700434706
79.5 -0.0181598355306
80.0 -0.0166745438628
80.5 -0.0152631619079
81.0 -0.0138928361661
81.5 -0.012630614376
82.0 -0.0113997412071
82.5 -0.0102355065335
83.0 -0.00910217872779
83.5 -0.00806325731806
84.0 -0.00710489192835
84.5 -0.00616805116407
85.0 -0.00528031127
85.5 -0.00446446329265
86.0 -0.00363981433754
86.5 -0.00290838946064
87.0 -0.00219428647525
87.5 -0.00145056711079
88.0 -0.000825867520664
88.5 -0.000212380522555
89.0 0.00034317945974
89.5 0.000847317175122
90.0 0.00136030287682
90.5 0.00175712473712
91.0 0.00225528258253
91.5 0.00270200769819
92.0 0.00307767004916
92.5 0.00341791122257
93.0 0.00368456828378
93.5 0.00395258497931
94.0 0.0044154423009
94.5 0.004686136154
95.0 0.00484357713328
95.5 0.00498918015355
96.0 0.0052289776597
96.5 0.00545621855824
97.0 0.00561594392967
97.5 0.00577047543558
98.0 0.00589998556309
98.5 0.0059744399473
99.0 0.00605099982313
99.5 0.00608735648034
100.0 0.00622891677313
100.5 0.00623792404559
101.0 0.0062344192186
101.5 0.00619238924875
102.0 0.00621095689185
102.5 0.0061685226906
103.0 0.00611749799096
103.5 0.00603514037754
104.0 0.00605545758759
104.5 0.00608172782709
105.0 0.00603403932482
105.5 0.00621731282835
106.0 0.00608714648542
106.5 0.00581746861826
107.0 0.00567270915953
107.5 0.00552268396935
108.0 0.00533368663796
108.5 0.00506547847716
109.0 0.00473190807205
109.5 0.00456243493507
110.0 0.00452985984595
110.5 0.00433401146361
111.0 0.00465293110455
111.5 0.00386829088483
112.0 0.00345739414877
112.5 0.00337431794634
113.0 0.00315615597486
113.5 0.00240175712023
114.0 0.00222335171955
114.5 0.00229138496385
115.0 0.00177827590885
115.5 0.00227749325424
116.0 0.00242303713352
116.5 0.00148846900107
117.0 0.000299680344341
117.5 0.000465963044405
118.0 0.00131736006699
118.5 0.00306020437822
119.0 0.00537022205751
119.5 0.0130552728611
120.0 0.0140782005083
120.5 0.0113008608215
121.0 0.0066324847274
121.5 0.00258089562489
122.0 -0.00030341679377
122.5 -0.000175821021188
123.0 0.000234640906569
123.5 0.000865337617327
124.0 0.000836481505559
124.5 0.000581796859521
125.0 0.00135743362465
125.5 0.00160068342419
126.0 0.000525854116873
126.5 0.000477311071222
127.0 0.000941156069359
127.5 0.0010634688238
128.0 0.00116669268542
128.5 0.00130048423653
129.0 0.00150549831368
129.5 0.00141988978628
130.0 0.00235110057996
130.5 0.00222789355042
131.0 0.00219696000804
131.5 0.00257344347403
132.0 0.00253588012001
132.5 0.00280889870903
133.0 0.00297939865685
133.5 0.00283222195898
134.0 0.0030301987608
134.5 0.00295423430858
135.0 0.00318048175137
135.5 0.00324286262895
136.0 0.00338089160459
136.5 0.00318732619405
137.0 0.0035965334774
137.5 0.00367963782169
138.0 0.00370489295214
138.5 0.00364991045219
139.0 0.00365776253067
139.5 0.00365587494435
140.0 0.00396840382515
140.5 0.00385079111376
141.0 0.0036275532546
141.5 0.00381321128437
142.0 0.00390530961406
142.5 0.00403035188671
143.0 0.00411804690344
143.5 0.00412216571718
144.0 0.00430601654897
144.5 0.00434183239721
145.0 0.00404241037185
145.5 0.00398545374732
146.0 0.00418339348772
146.5 0.0041693778322
147.0 0.00422628480465
147.5 0.00441151846085
148.0 0.00435849810579
148.5 0.00426001191222
149.0 0.00435234068539
149.5 0.00427806639909
150.0 0.0042207304528
150.5 0.00442403399148
151.0 0.00436633956478
151.5 0.00430246532928
152.0 0.00431349891018
152.5 0.00430470272732
153.0 0.00443974030782
153.5 0.00457643223385
154.0 0.00461903210169
154.5 0.00472735299435
155.0 0.00451031157446
155.5 0.00432579089902
156.0 0.00463249484346
156.5 0.00470893628631
157.0 0.00474064656651
157.5 0.00454957634912
158.0 0.00444200317758
158.5 0.00459637852448
159.0 0.0046692885155
159.5 0.00468224070673
160.0 0.00471076340303
160.5 0.00457832133477
161.0 0.00485746318713
161.5 0.005030491762
162.0 0.00483662070429
162.5 0.00494733026791
163.0 0.0051186526788
163.5 0.0051761094166
164.0 0.00520425596645
164.5 0.00529471324489
165.0 0.00552985779044
165.5 0.00556140389998
166.0 0.00542573373655
166.5 0.0054856636163
167.0 0.0054670149309
167.5 0.00561044600362
168.0 0.00562047222744
168.5 0.00562093838758
169.0 0.00580742146999
169.5 0.00596149142746
170.0 0.00605909480424
170.5 0.00607147627723
171.0 0.00618262819391
171.5 0.00639863566418
172.0 0.00642808877809
172.5 0.00668992636528
173.0 0.0069070256181
173.5 0.00696535076058
174.0 0.00696025182496
174.5 0.00676807889231
175.0 0.00655228785877
175.5 0.00575365982684
176.0 0.00548011438528
176.5 0.0055262931989
177.0 0.00571483907736
177.5 0.0061219616212
178.0 0.00570394901118
178.5 0.00303908894588
179.0 0.00167707215729
179.5 0.00043011575778
180.0 0.000609632083339
180.5 -0.000249313709119
181.0 0.00299643472501
181.5 0.00691012342541
182.0 0.00801512260259
182.5 0.00884148032938
183.0 0.0070694109903
183.5 0.00656282850663
184.0 0.00609888912301
184.5 0.00641044437592
185.0 0.0060150037192
185.5 0.00562668799847
186.0 0.00564390424097
186.5 0.00546702514237
187.0 0.00509132084022
187.5 0.00509819000716
188.0 0.00494199198484
188.5 0.00475978505163
189.0 0.00431552842275
189.5 0.00397348470163
190.0 0.00383754162984
190.5 0.00335802929702
191.0 0.00310858773297
191.5 0.00275860311875
192.0 0.00241243303431
192.5 0.00216799845349
193.0 0.001685054741
193.5 0.00125884899089
194.0 0.000590711376063
194.5 -0.000312417338904
195.0 -0.000751630922423
195.5 -0.00194417651748
196.0 -0.00250031861465
196.5 -0.00434873643566
197.0 -0.00583428956043
197.5 -0.00691552071855
198.0 -0.0107173159419
198.5 -0.016011950676
199.0 -0.0254809272329
199.5 -0.0431568674581
