0.0 0.0115239841042
0.5 0.0426395327104
1.0 0.062418869497
1.5 0.0544042705099
2.0 0.0501153162564
2.5 0.0465938227687
3.0 0.0444282173892
3.5 0.042569561291
4.0 0.041234444267
4.5 0.039954440702
5.0 0.0386729347165
5.5 0.0377823297189
6.0 0.0369106628884
6.5 0.0361515600287
7.0 0.0355044842525
7.5 0.0348634381044
8.0 0.0344029110438
8.5 0.0339682239982
9.0 0.0335929383544
9.5 0.0329673473852
10.0 0.0326865069891
10.5 0.0323430324156
11.0 0.031945486412
11.5 0.0315835672628
12.0 0.0312331778667
12.5 0.0308385394737
13.0 0.0304266241926
13.5 0.030111758382
14.0 0.029768570558
14.5 0.0293240068594
15.0 0.0289618592281
15.5 0.0285545993091
16.0 0.0281715601934
16.5 0.0277159804065
17.0 0.0272704145103
17.5 0.0268128951751
18.0 0.0263080110581
18.5 0.0257418484161
19.0 0.0252057402337
19.5 0.0246314640793
20.0 0.0240243764052
20.5 0.0233771500431
21.0 0.0227153065186
21.5 0.0220052755221
22.0 0.0212471940383
22.5 0.0204436251244
23.0 0.0196101606419
23.5 0.0187265146021
24.0 0.017788749659
24.5 0.0168107312737
25.0 0.0157947624497
25.5 0.0147095102248
26.0 0.01356318589
26.5 0.012387762665
27.0 0.0111535830779
27.5 0.00984720128939
28.0 0.00850130798441
28.5 0.00707143737161
29.0 0.00558403200107
29.5 0.00402450873011
30.0 0.00240048443429
30.5 0.000703444843836
31.0 -0.00102981737042
31.5 -0.00284197987751
32.0 -0.00473745452552
32.5 -0.00668670248141
33.0 -0.00871855152567
33.5 -0.0108193445177
34.0 -0.0130089725232
34.5 -0.0152641653217
35.0 -0.0175909968004
35.5 -0.0200116569644
36.0 -0.0224891927841
36.5 -0.0250544852487
37.0 -0.0276659972446
37.5 -0.0303414224299
38.0 -0.0331191273491
38.5 -0.0359977319043
39.0 -0.0389257641016
39.5 -0.0418780941259
40.0 -0.0449431819025
40.5 -0.0481025298815
41.0 -0.0512980353377
41.5 -0.054560234839
42.0 -0.0578992132739
42.5 -0.0613369646773
43.0 -0.0648402379038
43.5 -0.0683563884827
44.0 -0.0719658220305
44.5 -0.07564825676
45.0 -0.0793140448597
45.5 -0.0830735206995
46.0 -0.0868667043166
46.5 -0.0906883048634
47.0 -0.0945480026321
47.5 -0.0983958805283
48.0 -0.102221518555
48.5 -0.106020341823
49.0 -0.109906337801
49.5 -0.113716913864
50.0 -0.117363129823
50.5 -0.121108102976
51.0 -0.124695373393
51.5 -0.128172794177
52.0 -0.131536937551
52.5 -0.134707965698
53.0 -0.137703563077
53.5 -0.140533862379
54.0 -0.14311701916
54.5 -0.145401074986
55.0 -0.147297636936
55.5 -0.148960538277
56.0 -0.150279306569
56.5 -0.151208720309
57.0 -0.151715786496
57.5 -0.151801686189
58.0 -0.151534418406
58.5 -0.150819143343
59.0 -0.149661822545
59.5 -0.148129748205
60.0 -0.146157563735
60.5 -0.143760247887
61.0 -0.141046328657
61.5 -0.138016187094
62.0 -0.134770597291
62.5 -0.131241793588
63.0 -0.127511157997
63.5 -0.123585487838
64.0 -0.119515915022
64.5 -0.115431708616
65.0 -0.111182346045
65.5 -0.106874407995
66.0 -0.102568894888
66.5 -0.0982957681234
67.0 -0.0940842820638
67.5 -0.0898825460031
68.0 -0.0857605996565
68.5 -0.0817463027229
69.0 -0.0777915958882
69.5 -0.0739367946121
70.0 -0.070179194778
70.5 -0.0665142383813
71.0 -0.0629766675851
71.5 -0.0595638373358
72.0 -0.0562390157833
72.5 -0.0530612388989
73.0 -0.050010834825
73.5 -0.0470874774299
74.0 -0.0442531652331
74.5 -0.0415359686226
75.0 -0.0389398901874
75.5 -0.0364499147141
76.0 -0.0340527422045
76.5 -0.0317692257146
77.0 -0.029564389489
77.5 -0.027473822782
78.0 -0.0255210978074
78.5 -0.0236048400732
79.0 -0.0218138819417
79.5 -0.0200888847014
80.0 -0.0184582885067
80.5 -0.0169183959497
81.0 -0.0153588814863
81.5 -0.0139647256831
82.0 -0.0126213072533
82.5 -0.0113358063304
83.0 -0.0101374900963
83.5 -0.00892654776359
84.0 -0.00785221386889
84.5 -0.00685948112981
85.0 -0.00589989853621
85.5 -0.00501216336583
86.0 -0.00412908920393
86.5 -0.00336356264011
87.0 -0.00255861725799
87.5 -0.00175138265797
88.0 -0.00113754067078
88.5 -0.000492978959524
89.0 0.000198527397004
89.5 0.000745669923674
90.0 0.00129091194093
90.5 0.00175602746584
91.0 0.00220881827283
91.5 0.00260674959442
92.0 0.00304433648427
92.5 0.00347144127469
93.0 0.0038058433393
93.5 0.00409822359442
94.0 0.00448669486345
94.5 0.00473458441767
95.0 0.00494274331728
95.5 0.00519499111748
96.0 0.00535965019703
96.5 0.00558024719881
97.0 0.00572455603041
97.5 0.00587548678209
98.0 0.00603955255793
98.5 0.00617947660136
99.0 0.00634310552126
99.5 0.00638244873729
100.0 0.00638988004709
100.5 0.00640702857111
101.0 0.00634761896346
101.5 0.00626128025909
102.0 0.00631538904893
102.5 0.00632605200074
103.0 0.00630844378532
103.5 0.00622116584243
104.0 0.00619172779568
104.5 0.00623205443068
105.0 0.00619767420711
105.5 0.0060957969952
106.0 0.00614376102448
106.5 0.00583732991976
107.0 0.00564423945747
107.5 0.00550204237151
108.0 0.00539115103712
108.5 0.00521195787066
109.0 0.00486933506109
109.5 0.00475271741605
110.0 0.00459000958474
110.5 0.00438332741852
111.0 0.00385810293175
111.5 0.0037266912282
112.0 0.00344603899978
112.5 0.00294145388025
113.0 0.00233876120498
113.5 0.00182569640386
114.0 0.00198827030955
114.5 0.00138370810819
115.0 0.00154051612247
115.5 0.00152321718001
116.0 0.00208688741482
116.5 0.00136387525401
117.0 0.00126384419002
117.5 0.000108581845737
118.0 0.00138868818209
118.5 0.00410865907992
119.0 0.00778170362871
119.5 0.0119873281058
120.0 0.00979147038446
120.5 0.00940424278926
121.0 0.00774545494626
121.5 0.00410725410188
122.0 0.00337377390402
122.5 -0.000386631115333
123.0 0.000359792311656
123.5 0.000839272570758
124.0 0.000849005182488
124.5 0.00102291117183
125.0 0.00107728274678
125.5 0.00133486709694
126.0 0.00164736044466
126.5 0.000804735184957
127.0 0.0010554013291
127.5 0.00158471985816
128.0 0.00188093509458
128.5 0.00192059387955
129.0 0.00232406690002
129.5 0.00262694112578
130.0 0.0030831709801
130.5 0.00317596933456
131.0 0.00265576268394
131.5 0.00290982229468
132.0 0.00278706928161
132.5 0.00323140403762
133.0 0.0038912863708
133.5 0.00376444075913
134.0 0.00326967161789
134.5 0.00354012151418
135.0 0.00370210028272
135.5 0.0039587633426
136.0 0.00433727644392
136.5 0.00381840018899
137.0 0.0038715631907
137.5 0.00399035356817
138.0 0.00410181792248
138.5 0.00428540761816
139.0 0.00455658599997
139.5 0.00417659741877
140.0 0.00418382558239
140.5 0.00449873318334
141.0 0.00438806458051
141.5 0.0043926344698
142.0 0.00434074369565
142.5 0.00445765352614
143.0 0.00463812684412
143.5 0.00459250540839
144.0 0.00459646807917
144.5 0.00474303654693
145.0 0.00476719564587
145.5 0.00454597688252
146.0 0.00489631457179
146.5 0.00501356675289
147.0 0.00485290393492
147.5 0.00472684967933
148.0 0.00480178692906
148.5 0.00488230030308
149.0 0.00476583751377
149.5 0.00482189959714
150.0 0.00513664215102
150.5 0.00480248554039
151.0 0.00489069027141
151.5 0.00493365116539
152.0 0.00516613512685
152.5 0.00496228749345
153.0 0.00487784569399
153.5 0.0051120788206
154.0 0.00524997870207
154.5 0.00522680516044
155.0 0.00515983205006
155.5 0.00509553648733
156.0 0.00524307883183
156.5 0.00532213144152
157.0 0.00548044859438
157.5 0.00539176755662
158.0 0.00529638481498
158.5 0.00533274319159
159.0 0.00522592652469
159.5 0.00517117663413
160.0 0.00521284808062
160.5 0.00552218581198
161.0 0.00572504091471
161.5 0.00574624881163
162.0 0.00559692066961
162.5 0.00572440857997
163.0 0.00594038946328
163.5 0.00607540492476
164.0 0.00613719669556
164.5 0.00622285577495
165.0 0.00646657861692
165.5 0.00659350689929
166.0 0.0066098300376
166.5 0.00647575459801
167.0 0.00659938694734
167.5 0.00697924991184
168.0 0.00731251615103
168.5 0.00757246019386
169.0 0.00764557883493
169.5 0.00764383293811
170.0 0.00742881335487
170.5 0.00788979118055
171.0 0.00804960247633
171.5 0.00828204921223
172.0 0.00835823623299
172.5 0.00875163617383
173.0 0.00861723371126
173.5 0.00853175681804
174.0 0.00890791717278
174.5 0.00902354121322
175.0 0.00903772583952
175.5 0.00836783335394
176.0 0.00840798787813
176.5 0.00841212356441
177.0 0.00808874392369
177.5 0.00989928391043
178.0 0.00839106342377
178.5 0.00599876397587
179.0 0.00292278891965
179.5 0.00177953305139
180.0 0.00251898805919
180.5 -0.00119177829461
181.0 -0.00192558571848
181.5 0.00107207763625
182.0 0.00258089064597
182.5 0.00523460346685
183.0 0.00454805105109
183.5 0.00469077784646
184.0 0.00440314098955
184.5 0.00421929376496
185.0 0.00411880015331
185.5 0.00461260310055
186.0 0.0043313476595
186.5 0.00393459661832
187.0 0.00410292758022
187.5 0.00401564105343
188.0 0.00374801161141
188.5 0.00342141986746
189.0 0.00306683293077
189.5 0.00274154948696
190.0 0.00250472083277
190.5 0.00210663149363
191.0 0.00180658761687
191.5 0.00140543353025
192.0 0.00096100454212
192.5 0.000507803795571
193.0 -0.000158223386876
193.5 -0.000817338268149
194.0 -0.00155363616481
194.5 -0.0023334301417
195.0 -0.00330112834774
195.5 -0.00489526703875
196.0 -0.00621624198907
196.5 -0.00780817861286
197.0 -0.00952436834474
197.5 -0.012601671999
198.0 -0.0185799365008
198.5 -0.0257676662856
199.0 -0.0405838010458
199.5 -0.0680066867633
