0.0 0.0144905053849
0.5 0.0397103808235
1.0 0.0652110500777
1.5 0.0588758890053
2.0 0.0546489355516
2.5 0.0516640296214
3.0 0.0496484509887
3.5 0.0478639968025
4.0 0.0460685283179
4.5 0.045090875462
5.0 0.0439452635011
5.5 0.0431199047314
6.0 0.042348056355
6.5 0.0415391180086
7.0 0.0409449309578
7.5 0.0404593222917
8.0 0.0400178056143
8.5 0.0395648825753
9.0 0.0391807121429
9.5 0.0388209479385
10.0 0.0384532173928
10.5 0.0379896835258
11.0 0.0376138176356
11.5 0.0373076014824
12.0 0.0369709173763
12.5 0.0366030902126
13.0 0.0362268971301
13.5 0.035846576657
14.0 0.035446208758
14.5 0.0350423734509
15.0 0.0346201128739
15.5 0.0341535125263
16.0 0.0336817828271
16.5 0.0331879987412
17.0 0.0326226078214
17.5 0.0320031058123
18.0 0.0313919975072
18.5 0.0307139212622
19.0 0.0300058688866
19.5 0.0292362639864
20.0 0.0284125197854
20.5 0.0275109053597
21.0 0.0265561632858
21.5 0.0255536225898
22.0 0.0244731588192
22.5 0.0233137055086
23.0 0.022084576308
23.5 0.0207572428662
24.0 0.0193444315289
24.5 0.0178491775908
25.0 0.0162533356572
25.5 0.014559148189
26.0 0.0127742321366
26.5 0.0108856170464
27.0 0.00886565677161
27.5 0.00678395543317
28.0 0.00458877002595
28.5 0.0022250867309
29.0 -0.000212685716257
29.5 -0.00274965436815
30.0 -0.00539826191824
30.5 -0.00816002035786
31.0 -0.0110172565456
31.5 -0.0139482588648
32.0 -0.0169742462685
32.5 -0.0200749396719
33.0 -0.0232405762555
33.5 -0.0264204289262
34.0 -0.0296963991727
34.5 -0.0329741701864
35.0 -0.0362625328666
35.5 -0.0395512415781
36.0 -0.0428264992819
36.5 -0.0460684894743
37.0 -0.0492733729483
37.5 -0.0524353877117
38.0 -0.0555303721493
38.5 -0.0585385418581
39.0 -0.0615359778227
39.5 -0.0644714117097
40.0 -0.067284291967
40.5 -0.0700091885071
41.0 -0.0726508962262
41.5 -0.0752352562342
42.0 -0.0777282349246
42.5 -0.0801407888003
43.0 -0.0825083727032
43.5 -0.0848320753616
44.0 -0.0870899687028
44.5 -0.0892395435041
45.0 -0.0913224325272
45.5 -0.0934102321468
46.0 -0.09541742348
46.5 -0.0973771337636
47.0 -0.0992862037515
47.5 -0.101139408147
48.0 -0.102967314517
48.5 -0.104742178963
49.0 -0.106492616772
49.5 -0.108149297689
50.0 -0.109716690679
50.5 -0.111282510079
51.0 -0.112778303224
51.5 -0.114204001159
52.0 -0.11562339981
52.5 -0.116980639351
53.0 -0.118251380768
53.5 -0.119419017109
54.0 -0.120574747645
54.5 -0.121655624019
55.0 -0.122575656498
55.5 -0.123431759725
56.0 -0.124235901636
56.5 -0.124892255098
57.0 -0.125457719975
57.5 -0.125917805078
58.0 -0.126255581361
58.5 -0.126461946401
59.0 -0.126516193665
59.5 -0.126432129759
60.0 -0.126173112045
60.5 -0.125716891238
61.0 -0.125119193314
61.5 -0.124348437238
62.0 -0.12341120652
62.5 -0.122303748124
63.0 -0.120990569294
63.5 -0.119487410561
64.0 -0.117800390855
64.5 -0.115944267383
65.0 -0.11386994347
65.5 -0.111615154489
66.0 -0.109203377719
66.5 -0.106645119481
67.0 -0.103900348489
67.5 -0.101062992056
68.0 -0.0981208498236
68.5 -0.0950964393436
69.0 -0.0919574714349
69.5 -0.0887427962176
70.0 -0.0854653416392
70.5 -0.0821477450898
71.0 -0.078807709346
71.5 -0.0755047870752
72.0 -0.0721498415724
72.5 -0.0688482669347
73.0 -0.0656259039152
73.5 -0.0623916746702
74.0 -0.0592491589248
74.5 -0.0561581520613
75.0 -0.0531286217081
75.5 -0.0501889488963
76.0 -0.0473105189095
76.5 -0.0445122586608
77.0 -0.0418178447384
77.5 -0.0392302664522
78.0 -0.0367024756123
78.5 -0.0342713991756
79.0 -0.031984642835
79.5 -0.0297853056249
80.0 -0.0276260776206
80.5 -0.0255905034244
81.0 -0.0236334359071
81.5 -0.0217461012741
82.0 -0.0199392798874
82.5 -0.0182453709714
83.0 -0.016651421956
83.5 -0.0151421182874
84.0 -0.0136835389646
84.5 -0.0122778866608
85.0 -0.0109500159324
85.5 -0.0097178441594
86.0 -0.00852749535121
86.5 -0.0074590248858
87.0 -0.00638438095077
87.5 -0.00532297735917
88.0 -0.00445857306568
88.5 -0.00357683326412
89.0 -0.00263803404177
89.5 -0.00186913403542
90.0 -0.0012235182361
90.5 -0.000531077352008
91.0 7.73457851366e-05
91.5 0.000772346137335
92.0 0.00133859972286
92.5 0.00185309021006
93.0 0.00235984394659
93.5 0.00281180080226
94.0 0.00322865950274
94.5 0.00367040291738
95.0 0.00394215726566
95.5 0.00434096433616
96.0 0.00465307945774
96.5 0.00490746919241
97.0 0.00508180146529
97.5 0.00530484247031
98.0 0.00549826760837
98.5 0.00563100933062
99.0 0.00591786120283
99.5 0.0061109631867
100.0 0.00628072885962
100.5 0.0063763202217
101.0 0.00651286439571
101.5 0.00667075439544
102.0 0.00669313266584
102.5 0.00654902453912
103.0 0.0064869229355
103.5 0.00647427865067
104.0 0.00646647089726
104.5 0.00649172671856
105.0 0.00644936552275
105.5 0.00637141750502
106.0 0.00630942887982
106.5 0.00605930988746
107.0 0.00610944547734
107.5 0.00601736293677
108.0 0.00579201334247
108.5 0.00564778213606
109.0 0.00553775308654
109.5 0.00539787893309
110.0 0.00484864231888
110.5 0.00530179980984
111.0 0.00485189003675
111.5 0.00449484844074
112.0 0.00401577568947
112.5 0.00365816640144
113.0 0.00338637607389
113.5 0.00289911917457
114.0 0.00310844045647
114.5 0.00262955635148
115.0 0.00287375464517
115.5 0.00204235964809
116.0 0.00154562802722
116.5 0.00191481630092
117.0 0.00124933851242
117.5 0.00030361169415
118.0 -3.02000946562e-05
118.5 0.00145665907154
119.0 0.00295397801699
119.5 0.00918585753705
120.0 0.0114141638879
120.5 0.0112675170161
121.0 0.0102650658059
121.5 0.00613219316976
122.0 -0.00011938573671
122.5 -0.000485824126002
123.0 -3.46212427758e-05
123.5 0.000394871794668
124.0 0.00114680262405
124.5 0.0017213901512
125.0 0.0022412746093
125.5 0.000764601348848
126.0 0.00083120534488
126.5 0.000567578147866
127.0 0.00114697375223
127.5 0.00165467337943
128.0 0.00181560462893
128.5 0.00181163774959
129.0 0.00213877818882
129.5 0.00232354010844
130.0 0.0024847270176
130.5 0.0026668651366
131.0 0.00283838669955
131.5 0.00300701469662
132.0 0.00326157105361
132.5 0.00303730198479
133.0 0.00294454160223
133.5 0.00331774016345
134.0 0.00352136620024
134.5 0.00367480337446
135.0 0.00388961701544
135.5 0.0035665340963
136.0 0.0037759530445
136.5 0.00374079059378
137.0 0.00402494120603
137.5 0.0041223832525
138.0 0.00413391434719
138.5 0.0040400535096
139.0 0.00414095372242
139.5 0.00414764458233
140.0 0.00423719650435
140.5 0.00422621371603
141.0 0.00432717036369
141.5 0.00437505086476
142.0 0.00454383823102
142.5 0.00468632626647
143.0 0.00469797404118
143.5 0.0045221529926
144.0 0.00444756809895
144.5 0.00446805945201
145.0 0.00441599441081
145.5 0.00494688608734
146.0 0.00451776743109
146.5 0.00466234899571
147.0 0.00474022303812
147.5 0.00474858441789
148.0 0.00479183527333
148.5 0.00478677480298
149.0 0.00478833874141
149.5 0.00512669999201
150.0 0.004894675566
150.5 0.00479718190576
151.0 0.00479583466991
151.5 0.00513558331067
152.0 0.00499592046624
152.5 0.00481700149503
153.0 0.00498387701494
153.5 0.00518423469282
154.0 0.00518224890844
154.5 0.00523611973479
155.0 0.00513191782662
155.5 0.00510081564393
156.0 0.0051460305313
156.5 0.00513754949381
157.0 0.0050246643607
157.5 0.00497897712959
158.0 0.0050501240801
158.5 0.00522474282952
159.0 0.00527293683128
159.5 0.00524208503072
160.0 0.00517975498223
160.5 0.00541482552917
161.0 0.00558532203084
161.5 0.00571287663661
162.0 0.00571357552632
162.5 0.00562667196625
163.0 0.00569100516667
163.5 0.0058463825176
164.0 0.00590959835625
164.5 0.00603577598891
165.0 0.00631478611464
165.5 0.00632742005487
166.0 0.00614778961378
166.5 0.00630502955038
167.0 0.00612703355327
167.5 0.00631501394933
168.0 0.00672739419754
168.5 0.00701978603868
169.0 0.00700676309184
169.5 0.00700678621385
170.0 0.00706979337897
170.5 0.00655747602096
171.0 0.00699775110655
171.5 0.00720623058109
172.0 0.00740728845615
172.5 0.00776509324882
173.0 0.0079152848698
173.5 0.00813617854577
174.0 0.00825961917774
174.5 0.00810871952277
175.0 0.00798143234597
175.5 0.00736429017824
176.0 0.00745139882481
176.5 0.0080748946753
177.0 0.0075440659154
177.5 0.00983144178353
178.0 0.00758604571902
178.5 0.00805413340282
179.0 0.00417926461797
179.5 0.00293821699718
180.0 0.00289881630644
180.5 -0.00112294554393
181.0 -0.00116156293795
181.5 0.00260820911237
182.0 0.00486219800447
182.5 0.00586479221469
183.0 0.00674679152199
183.5 0.006808244724
184.0 0.00640270965823
184.5 0.00621766884187
185.0 0.00611897767801
185.5 0.00576679953085
186.0 0.00576769530315
186.5 0.00566028833499
187.0 0.00534527595839
187.5 0.00538328311745
188.0 0.00525678782057
188.5 0.00489086818858
189.0 0.00468252682852
189.5 0.00433292403224
190.0 0.00400746761777
190.5 0.00354754413388
191.0 0.00335687930519
191.5 0.00301469317304
192.0 0.00259317786404
192.5 0.00229144766099
193.0 0.00172455524242
193.5 0.0012484038167
194.0 0.000588542514905
194.5 -0.000108222383602
195.0 -0.000786293113947
195.5 -0.00219692859264
196.0 -0.00314886431403
196.5 -0.00429367212755
197.0 -0.00575221433381
197.5 -0.00681214018437
198.0 -0.00969756859442
198.5 -0.0144925337525
199.0 -0.025031383721
199.5 -0.0435528301783
