0.0 0.0134017587828
0.5 0.0467363625141
1.0 0.0716851812217
1.5 0.0639332230947
2.0 0.0595374881943
2.5 0.0556518055483
3.0 0.0532779621213
3.5 0.051342796562
4.0 0.049739733098
4.5 0.048436460008
5.0 0.0472319405399
5.5 0.0463600128191
6.0 0.045552673178
6.5 0.0448684593295
7.0 0.0443824982481
7.5 0.0438784154209
8.0 0.0434392019109
8.5 0.0429131376639
9.0 0.0426596028969
9.5 0.0423886606558
10.0 0.0419145787724
10.5 0.0416661651889
11.0 0.0414025149805
11.5 0.0411597027373
12.0 0.0408673644945
12.5 0.0405520933627
13.0 0.0403127847284
13.5 0.0400432349951
14.0 0.0396739697651
14.5 0.039396019562
15.0 0.0390817089505
15.5 0.0387189442278
16.0 0.0383447641078
16.5 0.0379476998723
17.0 0.0375217596293
17.5 0.0370581844836
18.0 0.0365447796146
18.5 0.0359559183704
19.0 0.0353795648194
19.5 0.0347405429159
20.0 0.0340527511351
20.5 0.0332993237344
21.0 0.0324941400871
21.5 0.0316146906052
22.0 0.0306594806176
22.5 0.0296635973881
23.0 0.0285544342448
23.5 0.0273644595639
24.0 0.0260985020537
24.5 0.0247473593485
25.0 0.0233012692867
25.5 0.0217487373828
26.0 0.0201178174754
26.5 0.0183843441224
27.0 0.0165241540043
27.5 0.01457997914
28.0 0.0125140845188
28.5 0.0103343038176
29.0 0.00804777363181
29.5 0.00566301684573
30.0 0.00316486483101
30.5 0.000553712560576
31.0 -0.00214308391262
31.5 -0.00491879068194
32.0 -0.00780196224986
32.5 -0.0107505264971
33.0 -0.0137783178479
33.5 -0.0168884388235
34.0 -0.0200275877577
34.5 -0.0231594633818
35.0 -0.0263662249181
35.5 -0.0295709467693
36.0 -0.0327756652295
36.5 -0.036003738376
37.0 -0.0392716192558
37.5 -0.0424977220846
38.0 -0.0456683515142
38.5 -0.0488962492969
39.0 -0.0520639539413
39.5 -0.0552266087209
40.0 -0.058418550321
40.5 -0.0614821734214
41.0 -0.0645691752239
41.5 -0.0676530113878
42.0 -0.0706944022234
42.5 -0.0737156984504
43.0 -0.0767336163405
43.5 -0.0797205146228
44.0 -0.0826865525422
44.5 -0.0856669873919
45.0 -0.0886076569317
45.5 -0.0915419265152
46.0 -0.0944792526854
46.5 -0.0973894853752
47.0 -0.10026913322
47.5 -0.103121210018
48.0 -0.105963254111
48.5 -0.108764793794
49.0 -0.111628289937
49.5 -0.114427842701
50.0 -0.11719282979
50.5 -0.119923369345
51.0 -0.122658567872
51.5 -0.125312476491
52.0 -0.127947751995
52.5 -0.130492443203
53.0 -0.132983549494
53.5 -0.135402957745
54.0 -0.137710072254
54.5 -0.140022894073
55.0 -0.142178208034
55.5 -0.144231905551
56.0 -0.146171972064
56.5 -0.147938344654
57.0 -0.149567803279
57.5 -0.151017260655
58.0 -0.152303038328
58.5 -0.15335179663
59.0 -0.154159947092
59.5 -0.154736945511
60.0 -0.155041050016
60.5 -0.154997503759
61.0 -0.154665888187
61.5 -0.154030092917
62.0 -0.153075962656
62.5 -0.1517436535
63.0 -0.150097885367
63.5 -0.148078212549
64.0 -0.145702193681
64.5 -0.142987132715
65.0 -0.139918381175
65.5 -0.136517023476
66.0 -0.132872097821
66.5 -0.128952174863
67.0 -0.12482547164
67.5 -0.120475661003
68.0 -0.115991257292
68.5 -0.111423661937
69.0 -0.106756152269
69.5 -0.102042863681
70.0 -0.0973036799874
70.5 -0.0925496388115
71.0 -0.0878479302558
71.5 -0.0832224250138
72.0 -0.0786715725508
72.5 -0.0742261499163
73.0 -0.0699173850178
73.5 -0.0657427705204
74.0 -0.0616772034609
74.5 -0.0577813292208
75.0 -0.0539888225417
75.5 -0.0503836186518
76.0 -0.0469058248337
76.5 -0.043556638355
77.0 -0.0403738790441
77.5 -0.0373496869519
78.0 -0.0344394548124
78.5 -0.0316822136836
79.0 -0.0290946266758
79.5 -0.0266160173515
80.0 -0.0242781541985
80.5 -0.0220601947045
81.0 -0.0199126543873
81.5 -0.0179237771959
82.0 -0.0160068671468
82.5 -0.0142394915237
83.0 -0.0125692359606
83.5 -0.0109504596889
84.0 -0.00947443215597
84.5 -0.00808057642676
85.0 -0.0067302859655
85.5 -0.00550910883216
86.0 -0.00434221448722
86.5 -0.00330594668583
87.0 -0.00226771582436
87.5 -0.00123462549151
88.0 -0.000367461220371
88.5 0.00048700015051
89.0 0.00133894639424
89.5 0.00206938395979
90.0 0.00277998808382
90.5 0.00335859383002
91.0 0.00385154430808
91.5 0.00445140051695
92.0 0.00498938030322
92.5 0.00546870465257
93.0 0.00589602965885
93.5 0.00628300654119
94.0 0.00671431271042
94.5 0.00702980900311
95.0 0.00730565462072
95.5 0.00753404158644
96.0 0.00776277342925
96.5 0.0079928315247
97.0 0.00812619637486
97.5 0.00831760140653
98.0 0.00853475543602
98.5 0.00866289928908
99.0 0.00878632121678
99.5 0.00886560743488
100.0 0.00909790204544
100.5 0.00896216979288
101.0 0.00888501908728
101.5 0.0089102634507
102.0 0.00895547117643
102.5 0.00893594098931
103.0 0.00891951033721
103.5 0.00883044203836
104.0 0.00877283163503
104.5 0.00873754544498
105.0 0.00868701292899
105.5 0.00876989256406
106.0 0.00845944808776
106.5 0.00817413237183
107.0 0.00797883972071
107.5 0.00781320866101
108.0 0.00759890968624
108.5 0.00738470923636
109.0 0.00722416493458
109.5 0.007069367013
110.0 0.00692559724386
110.5 0.00643422113776
111.0 0.00591569655057
111.5 0.00569702184215
112.0 0.00580625458421
112.5 0.00537920125854
113.0 0.00502365699174
113.5 0.00468896380572
114.0 0.00439825227086
114.5 0.00437013865158
115.0 0.00373919154116
115.5 0.00399402325948
116.0 0.00314218792471
116.5 0.00300102616509
117.0 0.00268388971142
117.5 0.00176016587422
118.0 0.00262610737128
118.5 0.00329688057639
119.0 0.0039033440996
119.5 0.010993390125
120.0 0.0132469159838
120.5 0.0133710340374
121.0 0.011479005308
121.5 0.00582042091303
122.0 0.00280999076696
122.5 0.00229694033486
123.0 0.00377499572906
123.5 0.00393866508314
124.0 0.00364237452115
124.5 0.00292226264884
125.0 0.00301204502932
125.5 0.00260845389634
126.0 0.00293192795516
126.5 0.00243693291647
127.0 0.00249122575379
127.5 0.00285595943579
128.0 0.00316306440027
128.5 0.00309914658487
129.0 0.00317696583957
129.5 0.00350961268145
130.0 0.00371196840977
130.5 0.00398933345807
131.0 0.00379291975785
131.5 0.00414485944674
132.0 0.0040650040072
132.5 0.00422230075571
133.0 0.00456707353305
133.5 0.00453669841319
134.0 0.00438501855565
134.5 0.00474848223677
135.0 0.00483507018846
135.5 0.00462223050419
136.0 0.00462557944354
136.5 0.00470153581936
137.0 0.00459257422835
137.5 0.00472173679676
138.0 0.0050352790863
138.5 0.00501932697104
139.0 0.00493220796248
139.5 0.00481511502273
140.0 0.00503947217654
140.5 0.00479850592819
141.0 0.00523059850066
141.5 0.00520064431575
142.0 0.00536324419235
142.5 0.00520571650206
143.0 0.00510061391193
143.5 0.00518504958049
144.0 0.00526078556764
144.5 0.0051982062922
145.0 0.00490216036538
145.5 0.00519380807546
146.0 0.00515506768189
146.5 0.00510450925846
147.0 0.00527662583768
147.5 0.00527140271949
148.0 0.00530941128256
148.5 0.005464360057
149.0 0.00540432231379
149.5 0.00523888793169
150.0 0.00522652536442
150.5 0.00523228036538
151.0 0.00529543439818
151.5 0.00525987378747
152.0 0.00540218555172
152.5 0.00536507160717
153.0 0.00540208373842
153.5 0.00546056092558
154.0 0.00543332632096
154.5 0.0055650381082
155.0 0.00546850412236
155.5 0.00575997925534
156.0 0.00547354390319
156.5 0.00530372050827
157.0 0.00526357070537
157.5 0.00538413619641
158.0 0.00550068990369
158.5 0.00563562384317
159.0 0.00569161076234
159.5 0.00571120536353
160.0 0.00576517160085
160.5 0.00578072436396
161.0 0.00584481215483
161.5 0.00592198472848
162.0 0.0059340543328
162.5 0.00605023589795
163.0 0.00613043481355
163.5 0.0061787896359
164.0 0.00625755679997
164.5 0.00637628727974
165.0 0.00645890592578
165.5 0.00608706998164
166.0 0.00620622763279
166.5 0.00639622916593
167.0 0.00652365707055
167.5 0.00667270106658
168.0 0.00695682832127
168.5 0.00725542500539
169.0 0.00711275532193
169.5 0.0067862403662
170.0 0.00706834450448
170.5 0.00714439105197
171.0 0.0073468983568
171.5 0.00769762111281
172.0 0.00792971345561
172.5 0.00773626696603
173.0 0.00777728594511
173.5 0.00815857774812
174.0 0.00826944408973
174.5 0.00822971276757
175.0 0.00837546230949
175.5 0.0080351665395
176.0 0.00682087447119
176.5 0.00667969550577
177.0 0.00614183805544
177.5 0.00656446976502
178.0 0.00582364611738
178.5 0.00540840935395
179.0 0.0033673179686
179.5 0.000901213306307
180.0 0.000541610073441
180.5 -0.000873698996017
181.0 0.00124245859566
181.5 0.00430499963224
182.0 0.0062542034335
182.5 0.00620646145813
183.0 0.00586054373403
183.5 0.00588938232531
184.0 0.00564550250174
184.5 0.00560489629062
185.0 0.00567033187737
185.5 0.00545550509452
186.0 0.00555707676223
186.5 0.00546641370731
187.0 0.00512990593195
187.5 0.00485989234885
188.0 0.00482545540734
188.5 0.00466214861687
189.0 0.00426066333867
189.5 0.00396253682268
190.0 0.0037487990527
190.5 0.00326988761523
191.0 0.00304969022017
191.5 0.0027020699124
192.0 0.00229125442483
192.5 0.00201015770799
193.0 0.0015015617234
193.5 0.00109753729538
194.0 0.000495904919291
194.5 -9.22671572425e-05
195.0 -0.000536105376696
195.5 -0.00247234127292
196.0 -0.00336168754227
196.5 -0.00439446442789
197.0 -0.0051513159526
197.5 -0.00699533378653
198.0 -0.0111995291065
198.5 -0.0160055603579
199.0 -0.025594743285
199.5 -0.0446167567429
