0.0 0.0128388020139
0.5 0.0454943968273
1.0 0.0660823230533
1.5 0.0578819222508
2.0 0.0530937429534
2.5 0.0497228613537
3.0 0.0475861645977
3.5 0.0457379296181
4.0 0.0440391638344
4.5 0.0428329585034
5.0 0.0416917088411
5.5 0.0407381521373
6.0 0.0398008500368
6.5 0.0390388880779
7.0 0.0385124460568
7.5 0.0379516093003
8.0 0.0373886128049
8.5 0.0369650139881
9.0 0.0365448858071
9.5 0.0361399720133
10.0 0.0357425293613
10.5 0.0353720438352
11.0 0.0350157062442
11.5 0.0346404843155
12.0 0.0342916973611
12.5 0.0339521110472
13.0 0.0335508079325
13.5 0.0332507114614
14.0 0.0328373261852
14.5 0.0324612536771
15.0 0.0321037938868
15.5 0.0316609153207
16.0 0.0312773421983
16.5 0.0308406819072
17.0 0.0303760624248
17.5 0.0298570210148
18.0 0.0292857133489
18.5 0.0287417152924
19.0 0.0281593545603
19.5 0.0275263789544
20.0 0.0268742529316
20.5 0.0261725083222
21.0 0.0254316306629
21.5 0.0246612636531
22.0 0.023830605786
22.5 0.0229577883171
23.0 0.0220055104709
23.5 0.0210296982325
24.0 0.0199953843582
24.5 0.0188891892922
25.0 0.0177568983954
25.5 0.0165464842602
26.0 0.0152729137709
26.5 0.0139489682055
27.0 0.0125579642359
27.5 0.0110956577699
28.0 0.00958901973153
28.5 0.00800024449584
29.0 0.0063591689918
29.5 0.00464056836086
30.0 0.00285671570655
30.5 0.000996824621732
31.0 -0.000921073691507
31.5 -0.00288891313887
32.0 -0.00493046491135
32.5 -0.00703214086778
33.0 -0.00920005507918
33.5 -0.0114369160099
34.0 -0.0137235395873
34.5 -0.0160875027337
35.0 -0.0185071698482
35.5 -0.0210165757134
36.0 -0.023514729798
36.5 -0.026084236761
37.0 -0.0287209760995
37.5 -0.0313943565866
38.0 -0.0341072778419
38.5 -0.0368954031616
39.0 -0.0397391871282
39.5 -0.0426668913691
40.0 -0.0456423896851
40.5 -0.0486703870707
41.0 -0.0516800947531
41.5 -0.0547604436215
42.0 -0.0578695412914
42.5 -0.0610144247062
43.0 -0.0642091481404
43.5 -0.0674217942076
44.0 -0.0706885744721
44.5 -0.0739963019118
45.0 -0.077355460094
45.5 -0.0807612573095
46.0 -0.084153354243
46.5 -0.0875401713525
47.0 -0.090983528788
47.5 -0.0944496109277
48.0 -0.0979326195572
48.5 -0.101395504808
49.0 -0.104831751012
49.5 -0.108292508812
50.0 -0.111725714271
50.5 -0.115139550577
51.0 -0.118511867782
51.5 -0.121833676467
52.0 -0.12510584745
52.5 -0.128279861887
53.0 -0.131404657501
53.5 -0.134418852631
54.0 -0.137244178679
54.5 -0.140043566366
55.0 -0.142606375893
55.5 -0.144999740127
56.0 -0.147152977478
56.5 -0.149088637658
57.0 -0.150778068115
57.5 -0.152177785669
58.0 -0.153272925468
58.5 -0.154059937201
59.0 -0.154458438917
59.5 -0.15446071042
60.0 -0.154097466378
60.5 -0.153313470849
61.0 -0.152088337565
61.5 -0.150482670919
62.0 -0.148524140968
62.5 -0.146152292447
63.0 -0.143447729918
63.5 -0.140392069686
64.0 -0.137037509104
64.5 -0.133387762577
65.0 -0.129469780579
65.5 -0.125347179383
66.0 -0.121053738464
66.5 -0.116702422573
67.0 -0.112222491081
67.5 -0.107662071347
68.0 -0.103092875896
68.5 -0.0985482141187
69.0 -0.0939986127059
69.5 -0.0895734453339
70.0 -0.0851163617345
70.5 -0.0807492959019
71.0 -0.0765083914469
71.5 -0.0723808152994
72.0 -0.0683604095861
72.5 -0.0644971632828
73.0 -0.0607816353727
73.5 -0.0571456611918
74.0 -0.0536712167802
74.5 -0.0503409139144
75.0 -0.0471288249472
75.5 -0.0440596112956
76.0 -0.0410978510354
76.5 -0.0382608371492
77.0 -0.0355687969104
77.5 -0.0330117473575
78.0 -0.0305558161092
78.5 -0.0282401164693
79.0 -0.02600818155
79.5 -0.0238999565534
80.0 -0.021897667616
80.5 -0.0200365453699
81.0 -0.0182258631989
81.5 -0.0165138881015
82.0 -0.0148671192522
82.5 -0.0133323593622
83.0 -0.0118663232103
83.5 -0.0104978967931
84.0 -0.00917665616967
84.5 -0.00795341433214
85.0 -0.006808041192
85.5 -0.00574357302462
86.0 -0.0046918895479
86.5 -0.0037462498702
87.0 -0.00283395242932
87.5 -0.00191493099096
88.0 -0.00113476547805
88.5 -0.000384131081201
89.0 0.000290598760415
89.5 0.00104119427391
90.0 0.00165962144063
90.5 0.00214072089314
91.0 0.00275160831402
91.5 0.00327764388012
92.0 0.00371966437568
92.5 0.00412819338832
93.0 0.00452622861356
93.5 0.00493191879534
94.0 0.005382804303
94.5 0.005655049313
95.0 0.00586069412932
95.5 0.00612867373475
96.0 0.00631267465108
96.5 0.00655469406439
97.0 0.00670478945148
97.5 0.00682823871127
98.0 0.0069880355076
98.5 0.00715516764489
99.0 0.00733576041239
99.5 0.00744100178344
100.0 0.00751621840536
100.5 0.00758100282446
101.0 0.00761867528235
101.5 0.00763136900601
102.0 0.00770853638006
102.5 0.00761497039353
103.0 0.00746794984809
103.5 0.0073714565425
104.0 0.00738658489716
104.5 0.00733904324124
105.0 0.0072515314675
105.5 0.00722324772041
106.0 0.00720136119506
106.5 0.00698987837509
107.0 0.00692714405113
107.5 0.00694583906708
108.0 0.00680949703665
108.5 0.00643460249553
109.0 0.00612855804816
109.5 0.00588195741004
110.0 0.00556877025546
110.5 0.00554348039964
111.0 0.00542271376445
111.5 0.00505689611401
112.0 0.00494833154213
112.5 0.00455199841608
113.0 0.0044251224765
113.5 0.00430369506878
114.0 0.00409134897434
114.5 0.00371225307124
115.0 0.00396232504019
115.5 0.00426329102228
116.0 0.00372544164057
116.5 0.00336221495756
117.0 0.00289642696669
117.5 0.00254253395401
118.0 0.00497904010204
118.5 0.00491151130348
119.0 0.00534158777386
119.5 0.0103953655861
120.0 0.00996412861983
120.5 0.00969708669486
121.0 0.0084886338493
121.5 0.00238732964507
122.0 -0.00263847874916
122.5 -0.00434085735226
123.0 -0.00200828394779
123.5 -0.000999308267012
124.0 -0.000435711117234
124.5 0.000409174264348
125.0 0.00023960663269
125.5 0.00120488935912
126.0 0.00125481292653
126.5 0.000491373029647
127.0 0.000797848210908
127.5 0.00144166482308
128.0 0.00174719775404
128.5 0.0018297318808
129.0 0.00218216577176
129.5 0.00248605424648
130.0 0.00288662621522
130.5 0.00307969751121
131.0 0.00211160200196
131.5 0.00288591310292
132.0 0.0031563208634
132.5 0.00328599508773
133.0 0.00350125529251
133.5 0.00366754153765
134.0 0.00374393979098
134.5 0.00385996931553
135.0 0.00363202522369
135.5 0.00380004091605
136.0 0.0039398402844
136.5 0.0039739052678
137.0 0.00408405090329
137.5 0.00394455691689
138.0 0.00411429388747
138.5 0.00428958674382
139.0 0.00421097032422
139.5 0.00425713734305
140.0 0.00459802615935
140.5 0.00454897903755
141.0 0.00457399838485
141.5 0.00434937824803
142.0 0.00469357863121
142.5 0.00487038539948
143.0 0.00466656474209
143.5 0.00449684987476
144.0 0.00470585261361
144.5 0.00471652171291
145.0 0.00456743688789
145.5 0.00493659118583
146.0 0.00492163607178
146.5 0.00496116874195
147.0 0.00498184892034
147.5 0.00494243554779
148.0 0.00487878906894
148.5 0.00487580529519
149.0 0.00489539076265
149.5 0.00500309391148
150.0 0.00535170650147
150.5 0.00511395487745
151.0 0.00506152657189
151.5 0.00492700433746
152.0 0.00505201506146
152.5 0.00510543423662
153.0 0.00507582825536
153.5 0.00514781380869
154.0 0.00539866604512
154.5 0.00553761499473
155.0 0.00519823665128
155.5 0.00526164149966
156.0 0.00526358298657
156.5 0.00539023896423
157.0 0.00557894122689
157.5 0.00550828913806
158.0 0.00523570281162
158.5 0.00525656711858
159.0 0.0055300112789
159.5 0.00569570942167
160.0 0.00571251811237
160.5 0.0055735994238
161.0 0.00588190065664
161.5 0.00607487472004
162.0 0.00612023032875
162.5 0.00616022914515
163.0 0.00612413465478
163.5 0.00619756990673
164.0 0.00642700428627
164.5 0.0065219296057
165.0 0.00661707577972
165.5 0.00631078801091
166.0 0.00655664530876
166.5 0.00689142946552
167.0 0.00690756890014
167.5 0.00682786586948
168.0 0.00701752459733
168.5 0.00739421833965
169.0 0.00753614695418
169.5 0.00774479400278
170.0 0.00790465221862
170.5 0.00801431294873
171.0 0.00769310409846
171.5 0.00820435039266
172.0 0.00859628351257
172.5 0.00895287170967
173.0 0.00916706065793
173.5 0.00938111815218
174.0 0.00966093706296
174.5 0.00982538875766
175.0 0.00992662396659
175.5 0.00939215101701
176.0 0.00940600619225
176.5 0.00955855728733
177.0 0.00939229627741
177.5 0.0111519842217
178.0 0.00768000046322
178.5 0.00793872851914
179.0 0.00383976010755
179.5 0.000942593299868
180.0 -0.000945376475528
180.5 -0.00320829294385
181.0 -3.6288464571e-06
181.5 0.00280747906697
182.0 0.00268234201089
182.5 0.00425529540368
183.0 0.00440674638322
183.5 0.00453253526693
184.0 0.0043389795314
184.5 0.00432259770245
185.0 0.00440671439601
185.5 0.00497669283943
186.0 0.00481036597463
186.5 0.00463193470904
187.0 0.00440953204337
187.5 0.00417990796151
188.0 0.0038626593343
188.5 0.00367775837618
189.0 0.00338588048902
189.5 0.00306996380401
190.0 0.00278436671036
190.5 0.00230519196505
191.0 0.00201066667961
191.5 0.00161928932067
192.0 0.00122765280192
192.5 0.000922971273511
193.0 0.000157684272907
193.5 -0.000504725315892
194.0 -0.00117272965436
194.5 -0.00185317523059
195.0 -0.00271561824657
195.5 -0.00484755405024
196.0 -0.00612466477821
196.5 -0.00788695313385
197.0 -0.0101973772574
197.5 -0.0123495186774
198.0 -0.017615053252
198.5 -0.0247940439054
199.0 -0.0398585936789
199.5 -0.0653833422807
