0.0 0.0132534738645
0.5 0.0370283085068
1.0 0.0600437179327
1.5 0.0538309049256
2.0 0.0497032685109
2.5 0.0466643164756
3.0 0.0446462706799
3.5 0.0429195946993
4.0 0.0414886146464
4.5 0.0402693909247
5.0 0.0387686238455
5.5 0.0379086628721
6.0 0.0370900811966
6.5 0.0363562795961
7.0 0.0357129301481
7.5 0.0350527484011
8.0 0.0344898902667
8.5 0.0339417114399
9.0 0.0334421433607
9.5 0.0329400942714
10.0 0.0324336204712
10.5 0.0319743679039
11.0 0.0314944058824
11.5 0.0310098882035
12.0 0.0305661284186
12.5 0.030084417498
13.0 0.0296012567756
13.5 0.0291081976352
14.0 0.0285280018815
14.5 0.0280215467494
15.0 0.0274714734126
15.5 0.0268643738686
16.0 0.0262482314168
16.5 0.0256262305715
17.0 0.0249532364736
17.5 0.0242258029043
18.0 0.0234824246988
18.5 0.022679480833
19.0 0.0218491026514
19.5 0.020962824627
20.0 0.0200057617164
20.5 0.0190000870735
21.0 0.0179548640503
21.5 0.0168333858196
22.0 0.0156446169688
22.5 0.0144213848364
23.0 0.0130955223257
23.5 0.0116973855389
24.0 0.0102099073745
24.5 0.00865597198159
25.0 0.00701312356423
25.5 0.00527031565216
26.0 0.00344030255404
26.5 0.00154700320866
27.0 -0.000468731185697
27.5 -0.00260444853867
28.0 -0.00482653470223
28.5 -0.00716886939143
29.0 -0.00957496199097
29.5 -0.0121540368183
30.0 -0.0148151016631
30.5 -0.0176144331372
31.0 -0.0205545800694
31.5 -0.0235345134689
32.0 -0.0266211799086
32.5 -0.0298478616172
33.0 -0.0331818109972
33.5 -0.0366152003537
34.0 -0.0401245434738
34.5 -0.0437279341075
35.0 -0.0473928667752
35.5 -0.0511310114614
36.0 -0.0548255282767
36.5 -0.058552493179
37.0 -0.0622948861914
37.5 -0.0660136146483
38.0 -0.0696879251977
38.5 -0.0732884633087
39.0 -0.0767970576652
39.5 -0.0801928196257
40.0 -0.0834379114311
40.5 -0.0865566589573
41.0 -0.0894171301918
41.5 -0.0921124268692
42.0 -0.0946202723121
42.5 -0.0968936209387
43.0 -0.0989327547933
43.5 -0.100770570206
44.0 -0.102425937048
44.5 -0.10384397205
45.0 -0.105029362593
45.5 -0.105983639901
46.0 -0.10674090532
46.5 -0.107365529501
47.0 -0.107810182026
47.5 -0.108074855311
48.0 -0.108212300643
48.5 -0.108194568965
49.0 -0.108062224522
49.5 -0.107821762771
50.0 -0.107434397396
50.5 -0.107001562042
51.0 -0.106443482487
51.5 -0.105837386892
52.0 -0.105145878134
52.5 -0.104366614007
53.0 -0.103552955381
53.5 -0.102680219785
54.0 -0.101756218417
54.5 -0.100787116429
55.0 -0.0997286967107
55.5 -0.0986329603886
56.0 -0.0975157809945
56.5 -0.0963594433738
57.0 -0.0951739584178
57.5 -0.0939390557704
58.0 -0.0926928587108
58.5 -0.0914275187603
59.0 -0.0901041053103
59.5 -0.0887470052646
60.0 -0.0873565795694
60.5 -0.085939249542
61.0 -0.0845099468654
61.5 -0.0830082787067
62.0 -0.081504821972
62.5 -0.0799921595532
63.0 -0.0784616886542
63.5 -0.0769022453872
64.0 -0.0753064018816
64.5 -0.0737038039137
65.0 -0.072077102216
65.5 -0.0704323488384
66.0 -0.0687325622831
66.5 -0.0670320036973
67.0 -0.0653578092969
67.5 -0.0636417782785
68.0 -0.0619249709469
68.5 -0.0602097176326
69.0 -0.0585139606354
69.5 -0.0567899494139
70.0 -0.0550507982895
70.5 -0.0533144443707
71.0 -0.0515840211082
71.5 -0.0498623249285
72.0 -0.0481236671064
72.5 -0.0464280447451
73.0 -0.0447835293775
73.5 -0.0431178680467
74.0 -0.0414674708462
74.5 -0.0398436167668
75.0 -0.038238130775
75.5 -0.036654883163
76.0 -0.0350848585361
76.5 -0.0335212093718
77.0 -0.0319835941096
77.5 -0.0305084944038
78.0 -0.0291035413036
78.5 -0.0276665766213
79.0 -0.0263298185428
79.5 -0.0250232287091
80.0 -0.0236447271637
80.5 -0.0223751108096
81.0 -0.0211239395099
81.5 -0.0199582170508
82.0 -0.0187869652469
82.5 -0.0176359983714
83.0 -0.0165391253154
83.5 -0.0154607561568
84.0 -0.0144736151071
84.5 -0.0135122993113
85.0 -0.0125522926738
85.5 -0.0117043584104
86.0 -0.0108577365812
86.5 -0.010007180678
87.0 -0.00918787727141
87.5 -0.00835453343564
88.0 -0.00762939565756
88.5 -0.00691669054064
89.0 -0.00626922718161
89.5 -0.00565281203483
90.0 -0.00487081609501
90.5 -0.00438454720799
91.0 -0.00379727080139
91.5 -0.00332091184375
92.0 -0.00288681275709
92.5 -0.00245667089826
93.0 -0.00199930064295
93.5 -0.00154522353315
94.0 -0.00113911440639
94.5 -0.000766345354773
95.0 -0.00051347689406
95.5 -0.000125842364216
96.0 0.000149419167975
96.5 0.000498452333701
97.0 0.000783908910442
97.5 0.00109635677718
98.0 0.00137040177629
98.5 0.00152388328266
99.0 0.00170741499683
99.5 0.00183017898827
100.0 0.00194640340075
100.5 0.00202211831355
101.0 0.00223536300501
101.5 0.00223853099265
102.0 0.00231730996914
102.5 0.0023634584614
103.0 0.00245644652934
103.5 0.00256961091143
104.0 0.00267842018466
104.5 0.0026586469279
105.0 0.00260085148393
105.5 0.00259823173079
106.0 0.00254863893986
106.5 0.00249601320166
107.0 0.00262191179734
107.5 0.00247483672758
108.0 0.00217270378774
108.5 0.00209499016906
109.0 0.00216082564356
109.5 0.00188190383655
110.0 0.00193372957923
110.5 0.00162874972292
111.0 0.00131243308288
111.5 0.00101688937551
112.0 0.00077796336614
112.5 0.00058072260547
113.0 0.000346258712042
113.5 -0.000208649537541
114.0 -0.00019196563477
114.5 -0.000525141876551
115.0 -0.000113453513436
115.5 -0.000198725944884
116.0 -0.000691385296633
116.5 -0.00033468087814
117.0 -3.43786550445e-05
117.5 -0.00122157971995
118.0 0.000209619907366
118.5 0.00269973694395
119.0 0.00560663462508
119.5 0.00964137409893
120.0 0.00739075947685
120.5 0.00700255036369
121.0 0.00538510447244
121.5 0.00169957209253
122.0 -0.00040307190126
122.5 -0.000486543691125
123.0 0.000560818548934
123.5 0.000689678034092
124.0 -6.68791095677e-05
124.5 -0.000810010273383
125.0 -0.00044367450198
125.5 0.000129181098558
126.0 0.000645288979513
126.5 0.000475924318337
127.0 0.000278290873936
127.5 0.00049964946237
128.0 0.000804621756416
128.5 0.00102715452994
129.0 0.00142058768838
129.5 0.00166833931379
130.0 0.00198596081027
130.5 0.00191865526358
131.0 0.00177507591419
131.5 0.00213142050432
132.0 0.00242048401474
132.5 0.00226711001103
133.0 0.00231899649064
133.5 0.0026022056782
134.0 0.00284377896055
134.5 0.00284810453949
135.0 0.00282117493956
135.5 0.00306680978568
136.0 0.00317369974289
136.5 0.00314634942794
137.0 0.00339684776903
137.5 0.00299303675407
138.0 0.00306381429759
138.5 0.00338505019644
139.0 0.00331043201436
139.5 0.00338546800905
140.0 0.00353478538703
140.5 0.00359633643751
141.0 0.00375475604152
141.5 0.00395308979618
142.0 0.00377566794856
142.5 0.00367787280903
143.0 0.0037652521194
143.5 0.00375546637858
144.0 0.00377743358443
144.5 0.00391115771204
145.0 0.00397958479676
145.5 0.00402048277187
146.0 0.00405272179206
146.5 0.00408089067396
147.0 0.00405733204749
147.5 0.00414147885776
148.0 0.00419145888141
148.5 0.00411171262616
149.0 0.00413157962921
149.5 0.00449411970925
150.0 0.00421153505478
150.5 0.00412965156825
151.0 0.00418007614872
151.5 0.00431416391073
152.0 0.0043277423407
152.5 0.00419377016251
153.0 0.00433986456139
153.5 0.00457445097356
154.0 0.00457315347854
154.5 0.0046168213032
155.0 0.00465945531746
155.5 0.00470137362289
156.0 0.00482119397024
156.5 0.00488716327439
157.0 0.00471494847208
157.5 0.00463056889211
158.0 0.00467054438588
158.5 0.0048150910148
159.0 0.00486738743078
159.5 0.00488526580929
160.0 0.00496061139561
160.5 0.00484451288583
161.0 0.00515975749044
161.5 0.00536372158285
162.0 0.00540555387128
162.5 0.00548521678564
163.0 0.00556595048816
163.5 0.00560906843639
164.0 0.00562842473215
164.5 0.00569555597929
165.0 0.00586260725419
165.5 0.00584680435485
166.0 0.00579228400667
166.5 0.00601313227291
167.0 0.00599800095866
167.5 0.00613947886429
168.0 0.00635213598697
168.5 0.0065615031131
169.0 0.00648243847819
169.5 0.00629933942751
170.0 0.00669062646779
170.5 0.00695202698799
171.0 0.00717083493817
171.5 0.00735926044432
172.0 0.00702054764849
172.5 0.00737705922315
173.0 0.00774672445688
173.5 0.00810289145515
174.0 0.0084576453566
174.5 0.00856503178882
175.0 0.00870732298459
175.5 0.00836285799359
176.0 0.00857929537626
176.5 0.00892844451424
177.0 0.00933870701503
177.5 0.0107829729839
178.0 0.00942714899386
178.5 0.00800002554482
179.0 0.00389749394331
179.5 0.000481566769579
180.0 0.000323036831887
180.5 -0.00278503406196
181.0 -0.00322022919784
181.5 0.00018950469422
182.0 0.0023628428133
182.5 0.00377068505263
183.0 0.00478058236126
183.5 0.00487565449333
184.0 0.00469791849363
184.5 0.00441103067685
185.0 0.00417841508929
185.5 0.00454020065298
186.0 0.00425405571174
186.5 0.00401232770913
187.0 0.00376733416175
187.5 0.00345255020027
188.0 0.00334974398922
188.5 0.00317572194827
189.0 0.0028190074721
189.5 0.00250211322277
190.0 0.0022881069486
190.5 0.00180495501775
191.0 0.00148523045134
191.5 0.00108751252667
192.0 0.000718202746043
192.5 0.000405034740155
193.0 -0.000296803337832
193.5 -0.000772683031641
194.0 -0.00158624603715
194.5 -0.00237117040562
195.0 -0.00314987914031
195.5 -0.00535421553165
196.0 -0.00666159237961
196.5 -0.00840133150497
197.0 -0.0104842258379
197.5 -0.0126445859354
198.0 -0.0179184051679
198.5 -0.0250645740855
199.0 -0.0401679985393
199.5 -0.0666315619643
