0.0 0.0113159266251
0.5 0.0307509086205
1.0 0.0459881148647
1.5 0.0414189785304
2.0 0.0382587352071
2.5 0.0356569032453
3.0 0.0342318626333
3.5 0.0330141210369
4.0 0.0319756600565
4.5 0.0310898365063
5.0 0.0302641288436
5.5 0.0294536090162
6.0 0.0288707824874
6.5 0.0284038880704
7.0 0.0279929287836
7.5 0.0275668136756
8.0 0.0272033269608
8.5 0.0268236672265
9.0 0.0264820431131
9.5 0.026147579081
10.0 0.0258231799064
10.5 0.0254079755808
11.0 0.0250612905593
11.5 0.0247735907747
12.0 0.024452178213
12.5 0.0240984542034
13.0 0.0237033105532
13.5 0.0233702680889
14.0 0.0229898774788
14.5 0.0226154778023
15.0 0.0222423267688
15.5 0.0218229589358
16.0 0.021403280201
16.5 0.0209688301908
17.0 0.0205147765939
17.5 0.0200245475602
18.0 0.0195168885241
18.5 0.0190067076673
19.0 0.0184682398084
19.5 0.0178910660536
20.0 0.0173115560415
20.5 0.0167114215489
21.0 0.0160976668858
21.5 0.0154521103147
22.0 0.0147747340362
22.5 0.0140707451786
23.0 0.0133570541986
23.5 0.0126090292034
24.0 0.0118294082565
24.5 0.0110331667326
25.0 0.010220925814
25.5 0.00938079417323
26.0 0.00852532497414
26.5 0.00764331836493
27.0 0.00672193495414
27.5 0.00580602730498
28.0 0.00484810980436
28.5 0.00384814869924
29.0 0.00287053499953
29.5 0.00184322921091
30.0 0.00080709794146
30.5 -0.000263486117455
31.0 -0.00135208771252
31.5 -0.00245094138787
32.0 -0.00357685949984
32.5 -0.00470021329445
33.0 -0.0058423123718
33.5 -0.00699613698383
34.0 -0.00819557077129
34.5 -0.00939763148271
35.0 -0.0106215985531
35.5 -0.0118383164248
36.0 -0.0130714431547
36.5 -0.0143179935529
37.0 -0.0155827977124
37.5 -0.0168408346731
38.0 -0.0180858144343
38.5 -0.0193503711067
39.0 -0.0206378385596
39.5 -0.0219404499611
40.0 -0.0231838958535
40.5 -0.0244603921432
41.0 -0.0257145997719
41.5 -0.026967736809
42.0 -0.0282129888743
42.5 -0.0294365050333
43.0 -0.030654105222
43.5 -0.0318905433969
44.0 -0.0331124603438
44.5 -0.0342815043362
45.0 -0.0354467883158
45.5 -0.0366024056876
46.0 -0.0376935501297
46.5 -0.0387685511928
47.0 -0.0398362769741
47.5 -0.0408502414888
48.0 -0.0418390872686
48.5 -0.0427712281514
49.0 -0.0436583649097
49.5 -0.0445449876855
50.0 -0.0453413137144
50.5 -0.0461047313708
51.0 -0.0468088985684
51.5 -0.0474695229562
52.0 -0.0480909462227
52.5 -0.0486343363535
53.0 -0.0491347312476
53.5 -0.0495603812956
54.0 -0.0499317883941
54.5 -0.0502574358285
55.0 -0.0504651391045
55.5 -0.0506247988643
56.0 -0.0507282547409
56.5 -0.0507479130124
57.0 -0.0507377058635
57.5 -0.0506687364317
58.0 -0.0505507822487
58.5 -0.0503546197459
59.0 -0.0500737971039
59.5 -0.0497843820273
60.0 -0.049412930764
60.5 -0.048988530988
61.0 -0.0484867450834
61.5 -0.0479379986004
62.0 -0.0473865595213
62.5 -0.0468025766705
63.0 -0.0461676241223
63.5 -0.0454921774301
64.0 -0.0447644773292
64.5 -0.044050498073
65.0 -0.0432765144534
65.5 -0.0424796958241
66.0 -0.0416597290951
66.5 -0.0408296057731
67.0 -0.0399980630111
67.5 -0.0391594343174
68.0 -0.0382992664747
68.5 -0.0374359026309
69.0 -0.0365874878542
69.5 -0.0357246322414
70.0 -0.0348627440408
70.5 -0.0339618515763
71.0 -0.0331092584266
71.5 -0.0322357863977
72.0 -0.031373135437
72.5 -0.0305369651052
73.0 -0.0297426391371
73.5 -0.0289386170865
74.0 -0.0281496403777
74.5 -0.02737751427
75.0 -0.0266173065125
75.5 -0.0258705342417
76.0 -0.0251002709367
76.5 -0.0243517149196
77.0 -0.0236354850222
77.5 -0.0229486016513
78.0 -0.022254711732
78.5 -0.0216015677786
79.0 -0.021004796584
79.5 -0.0203576552934
80.0 -0.0197586739243
80.5 -0.0191652781794
81.0 -0.0185690247567
81.5 -0.0180450191631
82.0 -0.017531038694
82.5 -0.0169686386625
83.0 -0.0164496802279
83.5 -0.01594552117
84.0 -0.0154707414436
84.5 -0.0150526391504
85.0 -0.0145787241017
85.5 -0.0142314254038
86.0 -0.0137549146078
86.5 -0.0133505505349
87.0 -0.0129604518159
87.5 -0.0125810193036
88.0 -0.0122422492709
88.5 -0.0118950010127
89.0 -0.0115642372923
89.5 -0.0112293501239
90.0 -0.0109067593682
90.5 -0.0107028917769
91.0 -0.0103557037238
91.5 -0.0100812104839
92.0 -0.00985487615168
92.5 -0.00959813831906
93.0 -0.0093612915898
93.5 -0.00915781652501
94.0 -0.00887806798386
94.5 -0.00868151278063
95.0 -0.0085745990489
95.5 -0.00836047943286
96.0 -0.00818529745768
96.5 -0.00798228529341
97.0 -0.00779103056276
97.5 -0.00763100249178
98.0 -0.00752689434318
98.5 -0.00741356680359
99.0 -0.00723289769484
99.5 -0.0072348760115
100.0 -0.00699619088159
100.5 -0.00690531876449
101.0 -0.00702645794342
101.5 -0.00687015396606
102.0 -0.0066586893278
102.5 -0.00664246491574
103.0 -0.00665999338933
103.5 -0.00661900050061
104.0 -0.00645101176288
104.5 -0.00639430381175
105.0 -0.00656342320931
105.5 -0.00653210979781
106.0 -0.0063127963072
106.5 -0.00659883650982
107.0 -0.00649942252937
107.5 -0.00637680522975
108.0 -0.00650238841547
108.5 -0.00669207284838
109.0 -0.00682520095963
109.5 -0.00678605219007
110.0 -0.00696921507041
110.5 -0.00689437934518
111.0 -0.00686407245246
111.5 -0.00746640915218
112.0 -0.00741952946379
112.5 -0.00732645481509
113.0 -0.00736889144405
113.5 -0.0075237765013
114.0 -0.00742607577402
114.5 -0.00777310933393
115.0 -0.00780788902784
115.5 -0.00669817742202
116.0 -0.00739553198923
116.5 -0.00760928130377
117.0 -0.00831967734911
117.5 -0.00836860805013
118.0 -0.007878497497
118.5 -0.00673990932275
119.0 -0.00519801792137
119.5 0.00369161943223
120.0 0.00703907193586
120.5 0.0062787129762
121.0 0.00177605800758
121.5 -0.00228543279796
122.0 -0.00461993009975
122.5 -0.00602133643994
123.0 -0.00686574991575
123.5 -0.00616554603012
124.0 -0.00635083832836
124.5 -0.00568006731524
125.0 -0.00554696886731
125.5 -0.00612802634463
126.0 -0.00580401374599
126.5 -0.00550419907704
127.0 -0.00582870837243
127.5 -0.00574679391951
128.0 -0.00551635763283
128.5 -0.00534433691428
129.0 -0.00487517009699
129.5 -0.00482487389929
130.0 -0.0041168615654
130.5 -0.00460486935204
131.0 -0.0043321520828
131.5 -0.00397941481133
132.0 -0.00364869615576
132.5 -0.00376868387629
133.0 -0.0038199408969
133.5 -0.00360978553104
134.0 -0.00345363639484
134.5 -0.00321263271888
135.0 -0.00303611195032
135.5 -0.00267182106701
136.0 -0.00301746555672
136.5 -0.00304402545204
137.0 -0.0028110316352
137.5 -0.00268764967823
138.0 -0.00243497266621
138.5 -0.00238504493766
139.0 -0.00228576130953
139.5 -0.00192534245117
140.0 -0.00222925416935
140.5 -0.002157042427
141.0 -0.00204599276824
141.5 -0.00198234340834
142.0 -0.00179007168486
142.5 -0.00171941850169
143.0 -0.00159151854259
143.5 -0.00141848599128
144.0 -0.00130296928392
144.5 -0.00139462397458
145.0 -0.00129949358934
145.5 -0.00112763354984
146.0 -0.00103052643812
146.5 -0.000938346958473
147.0 -0.000759195252782
147.5 -0.000800118855896
148.0 -0.000844079391379
148.5 -0.000676232012832
149.0 -0.000481636792424
149.5 -0.000372972546813
150.0 -0.00053265946137
150.5 -0.000413509279556
151.0 -0.00016596107399
151.5 -0.000223169737994
152.0 -0.000232462920071
152.5 -0.000258631942184
153.0 -0.000190313067966
153.5 4.59196859381e-06
154.0 0.000171176641663
154.5 0.000123861872879
155.0 0.00016380669032
155.5 0.000222156899165
156.0 0.00028120008897
156.5 0.000329592316998
157.0 0.00040753634822
157.5 0.000430072893277
158.0 0.000436999062433
158.5 0.000542176941138
159.0 0.000578475951578
159.5 0.000594633783503
160.0 0.00066273731268
160.5 0.000722711432665
161.0 0.000757800022416
161.5 0.000801713717564
162.0 0.000717902832967
162.5 0.000847661945322
163.0 0.0010561387678
163.5 0.00118795436831
164.0 0.00123873187164
164.5 0.00128745656312
165.0 0.00147924019302
165.5 0.00157731315586
166.0 0.00165679527605
166.5 0.00178068992724
167.0 0.00173309537156
167.5 0.00197141830831
168.0 0.0021853463103
168.5 0.00207751514818
169.0 0.00188890117715
169.5 0.00220452115237
170.0 0.00244478153699
170.5 0.00262735170755
171.0 0.00271336059238
171.5 0.0027994901492
172.0 0.00288657618297
172.5 0.00313131474709
173.0 0.00324747745417
173.5 0.00332515220462
174.0 0.00339887321446
174.5 0.00339009562087
175.0 0.00335098796673
175.5 0.00170955000263
176.0 0.00233105365112
176.5 0.00304845438959
177.0 0.00255010979976
177.5 0.00230445969181
178.0 0.00211279617392
178.5 0.00019593513511
179.0 -0.00438718573102
179.5 -0.00402624894629
180.0 -0.00219974530702
180.5 -0.00276865146081
181.0 4.72067595609e-05
181.5 0.00212111542919
182.0 0.00346391736994
182.5 0.00331435305836
183.0 0.00342293239606
183.5 0.00332223406615
184.0 0.00233081068278
184.5 0.00198568335855
185.0 0.00188187880661
185.5 0.00159640728052
186.0 0.00163243044202
186.5 0.00150926213067
187.0 0.00127985309067
187.5 0.00108123708183
188.0 0.00077170225866
188.5 0.000519291859291
189.0 0.000412002745037
189.5 -3.91419777088e-05
190.0 -0.000374313687104
190.5 -0.000787746226024
191.0 -0.00107848971139
191.5 -0.00154638495522
192.0 -0.00194526415733
192.5 -0.00224787570907
193.0 -0.0028491814721
193.5 -0.0033967685217
194.0 -0.00441956823271
194.5 -0.00530830721657
195.0 -0.00617614576151
195.5 -0.00797682459398
196.0 -0.00936487188886
196.5 -0.0109616602683
197.0 -0.0132032018165
197.5 -0.0155037392004
198.0 -0.0209363159646
198.5 -0.028251167425
199.0 -0.0436569625264
199.5 -0.0697109985675
