0.0 0.00621432416885
0.5 0.0229856175413
1.0 0.033023634341
1.5 0.0281852437595
2.0 0.0243437581002
2.5 0.0211194106505
3.0 0.0195645746995
3.5 0.0179332909957
4.0 0.01645634936
4.5 0.0151172960316
5.0 0.0137984675407
5.5 0.0127230210623
6.0 0.0116571268855
6.5 0.0105322254848
7.0 0.00955748851593
7.5 0.00868241266066
8.0 0.00783877391757
8.5 0.00697178955469
9.0 0.00613932930066
9.5 0.00529671978154
10.0 0.00442425228741
10.5 0.00360774099292
11.0 0.00267220538226
11.5 0.00182581017702
12.0 0.000985213030722
12.5 0.000136380486818
13.0 -0.000729305200393
13.5 -0.0016248956613
14.0 -0.00252534910404
14.5 -0.00349005713265
15.0 -0.00439709842633
15.5 -0.0053576275409
16.0 -0.00631370439469
16.5 -0.00728950619372
17.0 -0.00830444876785
17.5 -0.0093463745328
18.0 -0.0103926500415
18.5 -0.0114827575019
19.0 -0.0125746602984
19.5 -0.0136991782219
20.0 -0.0148440185252
20.5 -0.0160168077983
21.0 -0.017190102072
21.5 -0.0184023761836
22.0 -0.0196473213986
22.5 -0.0208801337502
23.0 -0.0221638820852
23.5 -0.0234665155696
24.0 -0.0248063006335
24.5 -0.0261508066023
25.0 -0.0275018738439
25.5 -0.0288711117234
26.0 -0.0302449211748
26.5 -0.03163336969
27.0 -0.0330487154419
27.5 -0.0344445134557
28.0 -0.0358585944493
28.5 -0.0372825422349
29.0 -0.0386985741018
29.5 -0.0401481889145
30.0 -0.0415527927586
30.5 -0.0429595900429
31.0 -0.0443464301067
31.5 -0.0457064613309
32.0 -0.047046433179
32.5 -0.0483732802012
33.0 -0.0496769341692
33.5 -0.0509279176699
34.0 -0.052172041966
34.5 -0.0533544470614
35.0 -0.0544934138195
35.5 -0.0555947511451
36.0 -0.0566584151613
36.5 -0.0576529197687
37.0 -0.0585799788644
37.5 -0.059461226109
38.0 -0.0602778139199
38.5 -0.0610076837732
39.0 -0.0616700646531
39.5 -0.0622686151549
40.0 -0.062787040461
40.5 -0.0632317421727
41.0 -0.0635739106231
41.5 -0.0638473335447
42.0 -0.0640456163129
42.5 -0.0641549342467
43.0 -0.0641813464525
43.5 -0.0641428152599
44.0 -0.0640326550071
44.5 -0.063816258345
45.0 -0.0635211921367
45.5 -0.0631697011077
46.0 -0.062738550297
46.5 -0.0622378316196
47.0 -0.061659197944
47.5 -0.0610068054281
48.0 -0.0603169091941
48.5 -0.059555423118
49.0 -0.0587459354837
49.5 -0.0578633129813
50.0 -0.0569199308914
50.5 -0.0559648506099
51.0 -0.054929380299
51.5 -0.0538718650107
52.0 -0.0528017106424
52.5 -0.0516925361934
53.0 -0.0505621690859
53.5 -0.0493990028678
54.0 -0.0482210365227
54.5 -0.047020651687
55.0 -0.0457983338719
55.5 -0.0445843676544
56.0 -0.043338692504
56.5 -0.0421214849595
57.0 -0.040896138369
57.5 -0.0396681773804
58.0 -0.0384788114584
58.5 -0.0372762145573
59.0 -0.0360594220676
59.5 -0.0348813727078
60.0 -0.0336990574203
60.5 -0.032505608915
61.0 -0.0313547905419
61.5 -0.0302138884776
62.0 -0.029102914302
62.5 -0.0280136992365
63.0 -0.0269489880819
63.5 -0.0259125469641
64.0 -0.0248862449592
64.5 -0.0239097245559
65.0 -0.022936916504
65.5 -0.0219725868886
66.0 -0.0210007628971
66.5 -0.0200940163664
67.0 -0.0192332861836
67.5 -0.0183520577305
68.0 -0.017522867316
68.5 -0.0167379350457
69.0 -0.0159230103233
69.5 -0.0151642680063
70.0 -0.0144060516591
70.5 -0.0137187722311
71.0 -0.0130151094926
71.5 -0.0123135851701
72.0 -0.0116379325608
72.5 -0.0110084717705
73.0 -0.0104424867923
73.5 -0.00983506301726
74.0 -0.00927552358701
74.5 -0.00874209499601
75.0 -0.0082179005337
75.5 -0.00770867886398
76.0 -0.00719580051288
76.5 -0.00668089116419
77.0 -0.00624867718621
77.5 -0.00581808036827
78.0 -0.00537696269462
78.5 -0.00501949419618
79.0 -0.004612006315
79.5 -0.00423196964393
80.0 -0.00387337489168
80.5 -0.00353541185545
81.0 -0.00317375413021
81.5 -0.00292182009094
82.0 -0.00265974276733
82.5 -0.00236253555082
83.0 -0.002028540302
83.5 -0.00171870028672
84.0 -0.00149654081202
84.5 -0.00130728032518
85.0 -0.00107225912448
85.5 -0.000926225146127
86.0 -0.000650941375554
86.5 -0.000444005400709
87.0 -0.000316056433132
87.5 -0.00012062259626
88.0 5.77094362839e-05
88.5 0.000236198074521
89.0 0.000436349994196
89.5 0.000510950344861
90.0 0.000595398870978
90.5 0.000757271959571
91.0 0.000892106263503
91.5 0.000996111763005
92.0 0.00105839048322
92.5 0.00112434465573
93.0 0.00117113174006
93.5 0.00123558216195
94.0 0.00136779974055
94.5 0.00148305123712
95.0 0.00154695869423
95.5 0.00158780347509
96.0 0.00155771811365
96.5 0.00152539907662
97.0 0.00153040220879
97.5 0.00159467266586
98.0 0.00168429699579
98.5 0.00170315033791
99.0 0.00162705742192
99.5 0.00153983995564
100.0 0.00151644577023
100.5 0.00158960797536
101.0 0.00159639473222
101.5 0.00156268981893
102.0 0.00163770431787
102.5 0.00154115389009
103.0 0.00143573291561
103.5 0.0013518869184
104.0 0.00123863454188
104.5 0.00114946213623
105.0 0.00114417679655
105.5 0.000964833602666
106.0 0.000813106899415
106.5 0.00071771670364
107.0 0.000639016820159
107.5 0.000592415411042
108.0 0.000513551510359
108.5 0.000384495785966
109.0 0.000183200729253
109.5 -3.07667502142e-06
110.0 -3.70123246185e-05
110.5 0.000320909209194
111.0 -3.24335918123e-05
111.5 -0.000338633185216
112.0 -0.000548947199739
112.5 -0.000906912223499
113.0 -0.00129192140321
113.5 -0.00165594237079
114.0 -0.00137794896989
114.5 -0.00160863589915
115.0 -0.00106389345997
115.5 -0.00143681883992
116.0 -0.00145541883445
116.5 -0.00220288327804
117.0 -0.00274515662046
117.5 -0.00412829450589
118.0 -0.00197256784878
118.5 -0.000702840855084
119.0 0.000737602661047
119.5 0.00909870985136
120.0 0.0105929197988
120.5 0.00784228085132
121.0 0.00320281095739
121.5 0.000639419448817
122.0 -0.0034984449414
122.5 -0.00347024216849
123.0 -0.00362076248048
123.5 -0.00331029452222
124.0 -0.00234372986567
124.5 -0.00253619141861
125.0 -0.00209628344084
125.5 -0.00300604863081
126.0 -0.00241897331794
126.5 -0.002032096259
127.0 -0.00188698741688
127.5 -0.001819987019
128.0 -0.00180238464428
128.5 -0.00175246994036
129.0 -0.00124165908076
129.5 -0.00162260429727
130.0 -0.00124976499224
130.5 -0.00118892436478
131.0 -0.000948236051514
131.5 -0.000359686331826
132.0 -0.000607814132373
132.5 -0.000474287179628
133.0 -0.000220617565283
133.5 -0.000196313446239
134.0 8.39419513454e-06
134.5 -1.04184844574e-05
135.0 -3.6130761508e-05
135.5 0.000233525086607
136.0 0.000364440450142
136.5 0.000443680359059
137.0 0.000738287767813
137.5 0.00059418388193
138.0 0.000620217640392
138.5 0.000636492632225
139.0 0.000683338400982
139.5 0.000825304522039
140.0 0.0007302894955
140.5 0.000852563971211
141.0 0.00101184106078
141.5 0.0010455593512
142.0 0.00104469528267
142.5 0.00111616123255
143.0 0.00122876760336
143.5 0.0012352795562
144.0 0.0014024752621
144.5 0.00164256307174
145.0 0.00130843064764
145.5 0.00127964862607
146.0 0.00136619109233
146.5 0.00149813259469
147.0 0.00170082070468
147.5 0.00168296057074
148.0 0.00163615156589
148.5 0.00156684594352
149.0 0.00148696975853
149.5 0.00191600082447
150.0 0.00202308393002
150.5 0.00169992580718
151.0 0.00185768325326
151.5 0.00197657633869
152.0 0.00204301716728
152.5 0.00206324202255
153.0 0.00211451079476
153.5 0.0021456181192
154.0 0.00212209897608
154.5 0.00211510400854
155.0 0.00220515541542
155.5 0.00230410641065
156.0 0.00243589623361
156.5 0.00248297382026
157.0 0.00255091048037
157.5 0.00259406270434
158.0 0.00262123765787
158.5 0.00272848130927
159.0 0.00275765045842
159.5 0.00277668057911
160.0 0.00288455878727
160.5 0.00293094606461
161.0 0.00301233241732
161.5 0.0030842624701
162.0 0.00317331987801
162.5 0.00335451099765
163.0 0.00349771418638
163.5 0.00350517086435
164.0 0.00334016486255
164.5 0.00318876718722
165.0 0.00351500266903
165.5 0.00355123991184
166.0 0.00350661979345
166.5 0.00372552200465
167.0 0.0039156790203
167.5 0.00404916305128
168.0 0.00417778990505
168.5 0.00429870020825
169.0 0.00424058827313
169.5 0.00425792047747
170.0 0.0043639970467
170.5 0.00445942320432
171.0 0.00404787154319
171.5 0.00432778807173
172.0 0.00462633553256
172.5 0.00493832845878
173.0 0.00507274615889
173.5 0.00515864771252
174.0 0.00527647523174
174.5 0.00525933978354
175.0 0.00526813205357
175.5 0.00479169579376
176.0 0.00502743409336
176.5 0.00531529973971
177.0 0.00424380641546
177.5 0.00614276181543
178.0 0.0035614340803
178.5 0.00420527213124
179.0 0.000516304571889
179.5 -0.00119765849924
180.0 -0.00136830654075
180.5 -0.0040397478123
181.0 -0.000435433439179
181.5 0.00452328790854
182.0 0.004257745752
182.5 0.0066858692763
183.0 0.00577848371999
183.5 0.00532074891586
184.0 0.00468426249131
184.5 0.00430228072142
185.0 0.00408133340919
185.5 0.00369022396376
186.0 0.00368315445414
186.5 0.00356576331156
187.0 0.0032586086395
187.5 0.00331981306887
188.0 0.00310719912333
188.5 0.00279654178323
189.0 0.00254228266253
189.5 0.00241293528931
190.0 0.00208904653397
190.5 0.00167606549037
191.0 0.00147230094707
191.5 0.00116759741024
192.0 0.000768031764579
192.5 0.000523340405607
193.0 7.46152531832e-05
193.5 -0.000404245204251
194.0 -0.000949726717579
194.5 -0.00165664728256
195.0 -0.00233394125861
195.5 -0.00355278007638
196.0 -0.00408675049009
196.5 -0.00594204313873
197.0 -0.0074329981026
197.5 -0.00849706257247
198.0 -0.0122643194862
198.5 -0.0174746415087
199.0 -0.0268614067322
199.5 -0.0438993590095
