0.0 0.00765081169176
0.5 0.0347733277584
1.0 0.0480324370398
1.5 0.0412255365163
2.0 0.0371666254896
2.5 0.0335340725589
3.0 0.0317498912899
3.5 0.0300505417046
4.0 0.0284977524746
4.5 0.0272250431151
5.0 0.0256637362666
5.5 0.0247352720876
6.0 0.023824869781
6.5 0.0229864121804
7.0 0.0222445907995
7.5 0.021509104401
8.0 0.0208619079641
8.5 0.0201850210509
9.0 0.0195575207213
9.5 0.018941107902
10.0 0.0183351569683
10.5 0.0176809679012
11.0 0.0171070494276
11.5 0.016565435451
12.0 0.0159394249988
12.5 0.015324024365
13.0 0.0147680803575
13.5 0.0141911180042
14.0 0.0135936684651
14.5 0.013007155448
15.0 0.012339457589
15.5 0.0117094150284
16.0 0.0111033938937
16.5 0.0104669960391
17.0 0.00980955378195
17.5 0.00911065780496
18.0 0.00839650901332
18.5 0.00768976465911
19.0 0.0069662883342
19.5 0.00620290612513
20.0 0.00544515011673
20.5 0.00465895590869
21.0 0.00385463447762
21.5 0.0030353879391
22.0 0.00217608422573
22.5 0.00129987701618
23.0 0.000414409230283
23.5 -0.00051395437601
24.0 -0.00147188705771
24.5 -0.00244232500623
25.0 -0.003418636802
25.5 -0.00443457976755
26.0 -0.00547650499537
26.5 -0.00653346129498
27.0 -0.00762226223538
27.5 -0.00871542290164
28.0 -0.00983884620837
28.5 -0.0110096210956
29.0 -0.0121910502947
29.5 -0.0134007345559
30.0 -0.0146224587283
30.5 -0.015878580231
31.0 -0.01716017559
31.5 -0.0184301050044
32.0 -0.0197239899277
32.5 -0.0210364666948
33.0 -0.0223612325701
33.5 -0.0237037572463
34.0 -0.0250565737501
34.5 -0.0264416121212
35.0 -0.0278434867832
35.5 -0.0292246768899
36.0 -0.0306147574062
36.5 -0.0320105348308
37.0 -0.03340947076
37.5 -0.0348042092505
38.0 -0.0361787189884
38.5 -0.0375595633173
39.0 -0.0389383276815
39.5 -0.0403287508243
40.0 -0.0416316451815
40.5 -0.042938648879
41.0 -0.0442161818763
41.5 -0.0454793866982
42.0 -0.0467092427326
42.5 -0.0479158165308
43.0 -0.049080932216
43.5 -0.050165210416
44.0 -0.0512267722127
44.5 -0.0522490738492
45.0 -0.0531751135445
45.5 -0.0540813337109
46.0 -0.0549154658879
46.5 -0.0556886144098
47.0 -0.0563907413083
47.5 -0.0570240796973
48.0 -0.0576130554499
48.5 -0.0581019482318
49.0 -0.0585327195572
49.5 -0.0589038841314
50.0 -0.0591711606824
50.5 -0.0593898147168
51.0 -0.0595228963029
51.5 -0.0595837468923
52.0 -0.0595873030999
52.5 -0.0594911480079
53.0 -0.0593579661299
53.5 -0.059158345153
54.0 -0.058882147551
54.5 -0.0585587953464
55.0 -0.0581173778363
55.5 -0.0576342517808
56.0 -0.0571147004521
56.5 -0.0565622872123
57.0 -0.0559445077318
57.5 -0.0552677589302
58.0 -0.0545803621011
58.5 -0.053831210366
59.0 -0.0530145005244
59.5 -0.0522073039903
60.0 -0.051349995841
60.5 -0.0504673978092
61.0 -0.0495654044705
61.5 -0.0486300248564
62.0 -0.0476935314123
62.5 -0.0467507566331
63.0 -0.0457973231991
63.5 -0.0448329780026
64.0 -0.0438784029205
64.5 -0.0429041926559
65.0 -0.0419016203641
65.5 -0.0409161522961
66.0 -0.0398991834936
66.5 -0.0389061014682
67.0 -0.0379480081109
67.5 -0.0369682663565
68.0 -0.0360003996887
68.5 -0.0350556357904
69.0 -0.0341287105071
69.5 -0.033202000876
70.0 -0.0322940604837
70.5 -0.0314122573301
71.0 -0.0304964458956
71.5 -0.0296091719862
72.0 -0.0287597595714
72.5 -0.0278968481714
73.0 -0.0270942010577
73.5 -0.026318284626
74.0 -0.0255336925724
74.5 -0.0247727220421
75.0 -0.0240437346587
75.5 -0.0232563586778
76.0 -0.0225306359538
76.5 -0.0218395668996
77.0 -0.0211523749207
77.5 -0.0204629621391
78.0 -0.0198362269414
78.5 -0.0192014458507
79.0 -0.0186104386212
79.5 -0.0180170554583
80.0 -0.0174491499543
80.5 -0.0168924842023
81.0 -0.0163196307604
81.5 -0.0158256507807
82.0 -0.0153030618891
82.5 -0.0147969189034
83.0 -0.0143362467676
83.5 -0.0138849571436
84.0 -0.0133998496351
84.5 -0.012973803265
85.0 -0.0126268869732
85.5 -0.0121819885053
86.0 -0.0117322060847
86.5 -0.0114218845712
87.0 -0.0110451561392
87.5 -0.0106451290783
88.0 -0.0103569602154
88.5 -0.0100528863929
89.0 -0.00978993543734
89.5 -0.00945779476847
90.0 -0.00917412752169
90.5 -0.00899570969331
91.0 -0.00863076534277
91.5 -0.00837787293029
92.0 -0.00820207336461
92.5 -0.00792088802258
93.0 -0.00768348010035
93.5 -0.00752512531431
94.0 -0.00717165198361
94.5 -0.00700697072491
95.0 -0.00684406108678
95.5 -0.00666084156425
96.0 -0.00652987562317
96.5 -0.00639428019543
97.0 -0.00625480464111
97.5 -0.00607351192189
98.0 -0.00591402097604
98.5 -0.00580212536929
99.0 -0.00564768553482
99.5 -0.00561964141504
100.0 -0.00557463635626
100.5 -0.00541740493185
101.0 -0.00532057275081
101.5 -0.00533848772355
102.0 -0.00532459312982
102.5 -0.0053336103642
103.0 -0.00520144277801
103.5 -0.00516628616258
104.0 -0.00534075795562
104.5 -0.00520529943276
105.0 -0.00520938370188
105.5 -0.00524894029828
106.0 -0.00524583769649
106.5 -0.00529986221868
107.0 -0.00507120956631
107.5 -0.00514019619264
108.0 -0.00532199585243
108.5 -0.0053464486541
109.0 -0.00549483070932
109.5 -0.00520752300047
110.0 -0.00545235399567
110.5 -0.005583376883
111.0 -0.00573516246475
111.5 -0.00629072608517
112.0 -0.00614416603352
112.5 -0.00626547555056
113.0 -0.00644934236257
113.5 -0.00657512677911
114.0 -0.00635086657162
114.5 -0.00591317943682
115.0 -0.00660198092875
115.5 -0.00670045637973
116.0 -0.00673708745376
116.5 -0.00723947690568
117.0 -0.00808977945971
117.5 -0.00797199327167
118.0 -0.00738106482903
118.5 -0.00609016588555
119.0 -0.00269804904686
119.5 0.00538514552635
120.0 0.00588383567985
120.5 0.00488849562826
121.0 0.00112730352315
121.5 -0.00349805543303
122.0 -0.00881442251158
122.5 -0.0100596696418
123.0 -0.00774863824442
123.5 -0.00678496920524
124.0 -0.00615494298786
124.5 -0.00663959072814
125.0 -0.00632336478006
125.5 -0.00586858607421
126.0 -0.00632586152865
126.5 -0.00585618183418
127.0 -0.00655062078076
127.5 -0.00646120233522
128.0 -0.00602889962009
128.5 -0.00583580456632
129.0 -0.00508598222944
129.5 -0.00493304714616
130.0 -0.00557420201206
130.5 -0.00466850685145
131.0 -0.00436383680748
131.5 -0.0046676347448
132.0 -0.00437652928006
132.5 -0.00403646890934
133.0 -0.00380502653069
133.5 -0.00361677910482
134.0 -0.00328729046652
134.5 -0.00327225518976
135.0 -0.00291609789686
135.5 -0.00279202798024
136.0 -0.00273457859979
136.5 -0.00263687568563
137.0 -0.00268952574638
137.5 -0.00261331773759
138.0 -0.00226388362696
138.5 -0.00207839168403
139.0 -0.00191940687104
139.5 -0.00175850759575
140.0 -0.0014856157016
140.5 -0.00119143076272
141.0 -0.00130051688675
141.5 -0.00125586290569
142.0 -0.0010446594779
142.5 -0.000955222716522
143.0 -0.000815372828917
143.5 -0.000720636762692
144.0 -0.000654622227938
144.5 -0.000512117917291
145.0 -0.000465191912073
145.5 -0.000406329305671
146.0 -0.000311925738841
146.5 -8.90333695214e-05
147.0 -0.000145849567703
147.5 -0.000127678673711
148.0 7.96242276633e-05
148.5 0.000351396223072
149.0 0.000448511585518
149.5 0.000363371726335
150.0 0.000429447040565
150.5 0.000480582618833
151.0 0.000524986951023
151.5 0.000538978600628
152.0 0.00062471726733
152.5 0.000743484899665
153.0 0.000900341104691
153.5 0.00106599667028
154.0 0.00114891348657
154.5 0.00106267833881
155.0 0.00115596779513
155.5 0.00128876857534
156.0 0.00144591320697
156.5 0.0016255491584
157.0 0.00160055073307
157.5 0.00147993577428
158.0 0.00149471609337
158.5 0.00170975891768
159.0 0.00183136190858
159.5 0.00192878022805
160.0 0.00209862332145
160.5 0.00221023907041
161.0 0.00198474037576
161.5 0.00214600510847
162.0 0.00230510153679
162.5 0.00248656181306
163.0 0.00264020529237
163.5 0.00275822966181
164.0 0.00289909934931
164.5 0.00309668606294
165.0 0.0032702594704
165.5 0.00300123852201
166.0 0.00328145915626
166.5 0.00354256136005
167.0 0.00366000106282
167.5 0.00383555999961
168.0 0.00382950084341
168.5 0.00394608351326
169.0 0.00434588607416
169.5 0.00450525758285
170.0 0.00423480803429
170.5 0.00469796792096
171.0 0.00495999163199
171.5 0.0052556694921
172.0 0.00538762141505
172.5 0.0058426819885
173.0 0.00576991435238
173.5 0.00574838901532
174.0 0.00623830084643
174.5 0.00651645902272
175.0 0.00670308809495
175.5 0.00648141298809
176.0 0.00558578508902
176.5 0.00637432943661
177.0 0.00696723494548
177.5 0.00718783324571
178.0 0.00594147186436
178.5 0.00465855030745
179.0 0.000799603931966
179.5 -0.00310062742366
180.0 -0.00506298201547
180.5 -0.00612649881809
181.0 -0.00231134466409
181.5 0.000317274925735
182.0 0.0012066784948
182.5 0.00128754741918
183.0 0.00124058083324
183.5 0.00128673327575
184.0 0.00102775074021
184.5 0.000975828353631
185.0 0.00103922419802
185.5 0.000849412588295
186.0 0.000970333112988
186.5 0.000820232146225
187.0 0.00108861470557
187.5 0.000997122188707
188.0 0.000679913324007
188.5 0.000347461146134
189.0 0.000129773495729
189.5 -0.000208489485061
190.0 -0.000507576550206
190.5 -0.000879778192271
191.0 -0.0011335284478
191.5 -0.00158371310329
192.0 -0.00201179138014
192.5 -0.00235459593398
193.0 -0.00299040695984
193.5 -0.00351950092727
194.0 -0.0041795660409
194.5 -0.00494742360114
195.0 -0.00626195356405
195.5 -0.00781052331514
196.0 -0.00921610803577
196.5 -0.0110423121006
197.0 -0.0134594749427
197.5 -0.015866294572
198.0 -0.0211148754452
198.5 -0.0285739465674
199.0 -0.0438359380029
199.5 -0.0695200479398
