0.0 0.00141330452771
0.5 0.0161248108572
1.0 0.0191678929452
1.5 0.0143125697066
2.0 0.0111468813934
2.5 0.00859377644766
3.0 0.00689454867019
3.5 0.00565516563237
4.0 0.00451747525709
4.5 0.00296846889952
5.0 0.00183406737885
5.5 0.000880758159091
6.0 -0.000151448905196
6.5 -0.001134741455
7.0 -0.00201453845548
7.5 -0.00294660052022
8.0 -0.00381605551472
8.5 -0.0046968485063
9.0 -0.00554711031152
9.5 -0.00639543197361
10.0 -0.00739792048387
10.5 -0.00825321533897
11.0 -0.00913875585851
11.5 -0.0100363698181
12.0 -0.0108853703284
12.5 -0.0118145797111
13.0 -0.0127885269156
13.5 -0.0136802443263
14.0 -0.0146231518743
14.5 -0.015554493528
15.0 -0.0165376481899
15.5 -0.0175089414775
16.0 -0.0184827896265
16.5 -0.0194798517754
17.0 -0.0204835725939
17.5 -0.021521195936
18.0 -0.0225712379122
18.5 -0.0236063940067
19.0 -0.024671459861
19.5 -0.025745975711
20.0 -0.026810621112
20.5 -0.0278942259917
21.0 -0.0289718643941
21.5 -0.0300602283293
22.0 -0.0311596978267
22.5 -0.0322262605659
23.0 -0.0333390596515
23.5 -0.0344204874889
24.0 -0.0355020289484
24.5 -0.036593309302
25.0 -0.0376446722976
25.5 -0.0386895999424
26.0 -0.0397340349532
26.5 -0.0407372205429
27.0 -0.0417188998426
27.5 -0.0426907916207
28.0 -0.043612216088
28.5 -0.0445318493817
29.0 -0.0454205789006
29.5 -0.0462943845845
30.0 -0.0470817849389
30.5 -0.0478161549796
31.0 -0.0485215801724
31.5 -0.049173127451
32.0 -0.0497764535034
32.5 -0.0503207676638
33.0 -0.0508103207655
33.5 -0.0512451130873
34.0 -0.0516260402974
34.5 -0.0519488486958
35.0 -0.0521898290805
35.5 -0.0523637264971
36.0 -0.0524842317542
36.5 -0.0525235700083
37.0 -0.0524857376832
37.5 -0.0523962666116
38.0 -0.0522435874779
38.5 -0.0520022791318
39.0 -0.051709459124
39.5 -0.0513604494557
40.0 -0.0509487275828
40.5 -0.0504741748451
41.0 -0.0499342849017
41.5 -0.0493492044658
42.0 -0.0487122549405
42.5 -0.0480182846969
43.0 -0.0472725750363
43.5 -0.0464885999304
44.0 -0.0456731917241
44.5 -0.0448306715264
45.0 -0.0439090034545
45.5 -0.0429837614775
46.0 -0.0420246799695
46.5 -0.0410596763474
47.0 -0.0400758293345
47.5 -0.0390584245154
48.0 -0.0380435640686
48.5 -0.0370035462786
49.0 -0.0359633444392
49.5 -0.0349168663269
50.0 -0.0338357071757
50.5 -0.0327724378236
51.0 -0.0317102573774
51.5 -0.0306713093064
52.0 -0.0296272625961
52.5 -0.0285715374738
53.0 -0.0275590456826
53.5 -0.0265392990076
54.0 -0.0255209001085
54.5 -0.0245310492397
55.0 -0.0235129597162
55.5 -0.0225229103475
56.0 -0.0215689217544
56.5 -0.0206541740543
57.0 -0.019738295375
57.5 -0.0188209822397
58.0 -0.0179516262101
58.5 -0.0170913770002
59.0 -0.0162321833604
59.5 -0.0154256662283
60.0 -0.0146162045734
60.5 -0.0138019013575
61.0 -0.0130330116807
61.5 -0.0122680586203
62.0 -0.0115613729255
62.5 -0.0108593473205
63.0 -0.0101881242467
63.5 -0.00950822896432
64.0 -0.00886309079237
64.5 -0.00825547683905
65.0 -0.00766497565786
65.5 -0.00705594671937
66.0 -0.00646504009214
66.5 -0.0059081301999
67.0 -0.0054023911545
67.5 -0.0048582727581
68.0 -0.00434255613113
68.5 -0.00390106854597
69.0 -0.00344534238073
69.5 -0.00300285963121
70.0 -0.00259472239873
70.5 -0.00213159660495
71.0 -0.00174344436311
71.5 -0.00135073515934
72.0 -0.000984836262496
72.5 -0.00060866183248
73.0 -0.000282900504022
73.5 1.30186217806e-05
74.0 0.00031142389099
74.5 0.000589602828649
75.0 0.000943769747717
75.5 0.00119548338498
76.0 0.00147106514967
76.5 0.00172955478692
77.0 0.00199184899277
77.5 0.0022240242381
78.0 0.00238850418299
78.5 0.00262218476567
79.0 0.00284358169002
79.5 0.00298195290681
80.0 0.00316427768644
80.5 0.00331264876869
81.0 0.00345289495287
81.5 0.00362067229455
82.0 0.00378584024521
82.5 0.00393442755643
83.0 0.00403043973128
83.5 0.00416617400352
84.0 0.00427702725798
84.5 0.00434083934531
85.0 0.00446397589557
85.5 0.00446725166392
86.0 0.00461160099887
86.5 0.00467888193243
87.0 0.00470957848686
87.5 0.00481235380685
88.0 0.00487530210054
88.5 0.00490610102707
89.0 0.00496395145403
89.5 0.00489071410115
90.0 0.00505652364821
90.5 0.00504404717397
91.0 0.00503392606608
91.5 0.00501815429734
92.0 0.00500402508262
92.5 0.00501115705767
93.0 0.00503874474676
93.5 0.00509012950172
94.0 0.00510015848862
94.5 0.00509651506491
95.0 0.00505821889234
95.5 0.00500684039089
96.0 0.00493871420275
96.5 0.00491255855247
97.0 0.00479396619552
97.5 0.00479050525432
98.0 0.00485267355738
98.5 0.0048173824556
99.0 0.00474653343073
99.5 0.00465108874726
100.0 0.00466630363238
100.5 0.00451589242236
101.0 0.00437428950845
101.5 0.00438084230206
102.0 0.00432795675636
102.5 0.00414874009915
103.0 0.00402183892687
103.5 0.00386815081747
104.0 0.00377136503644
104.5 0.00377566499667
105.0 0.00373948501167
105.5 0.00385059076207
106.0 0.00370043811242
106.5 0.00337563271536
107.0 0.00326180999605
107.5 0.00308934351303
108.0 0.00286707340383
108.5 0.00271589736002
109.0 0.00263166979449
109.5 0.00256997414286
110.0 0.00242752959796
110.5 0.0026020368166
111.0 0.00207675147029
111.5 0.00165083903184
112.0 0.00149294439672
112.5 0.00122797763192
113.0 0.00132142583574
113.5 0.00125357298072
114.0 0.000881232316189
114.5 0.000396471405693
115.0 0.000171831353271
115.5 0.00156907590562
116.0 0.00115619933469
116.5 0.00125185521749
117.0 0.00164640894421
117.5 0.00075392337574
118.0 0.00181231563451
118.5 0.00452395036497
119.0 0.00842018848924
119.5 0.013011124779
120.0 0.00973855217094
120.5 0.0063091275029
121.0 0.00224306030867
121.5 -0.0004710362266
122.0 -0.00248108763913
122.5 -0.00372789622897
123.0 -0.00192516328613
123.5 -0.000863559242916
124.0 -0.0014078559966
124.5 -0.00179251958714
125.0 -0.00127407336019
125.5 -0.00138382716236
126.0 -0.0017829497224
126.5 -0.00169614879701
127.0 -0.00132645332113
127.5 -0.000820635233197
128.0 -0.000802800786502
128.5 -0.000957687757044
129.0 -0.000439379899738
129.5 -9.47997203724e-05
130.0 -0.000584738772687
130.5 -0.000155729833558
131.0 0.000212071372928
131.5 -1.55065249743e-05
132.0 0.00016519597424
132.5 0.000295189438852
133.0 0.000447286266365
133.5 0.000888560930292
134.0 0.00103372897929
134.5 0.000483610298772
135.0 0.000766706824379
135.5 0.000957003974307
136.0 0.00098557415081
136.5 0.00107725130519
137.0 0.00126460157347
137.5 0.00123973670696
138.0 0.00142524743219
138.5 0.00148337961279
139.0 0.00151706563835
139.5 0.00172751747062
140.0 0.00176473896565
140.5 0.00153439054756
141.0 0.00171590443907
141.5 0.00177612275352
142.0 0.00211158158367
142.5 0.00207836159085
143.0 0.0020367330748
143.5 0.00201890114603
144.0 0.0019551211368
144.5 0.0020914013747
145.0 0.00209587959369
145.5 0.00213781209873
146.0 0.00218803089567
146.5 0.00207520838242
147.0 0.00218693557382
147.5 0.00234178441845
148.0 0.00248858765852
148.5 0.00265301829136
149.0 0.00265904128616
149.5 0.00248924577106
150.0 0.00249251643129
150.5 0.00263726087615
151.0 0.0025912056412
151.5 0.00254801314423
152.0 0.00253651375153
152.5 0.00262965283579
153.0 0.00283740383028
153.5 0.00291303702428
154.0 0.00279153724681
154.5 0.00276340921526
155.0 0.00288585486933
155.5 0.003030022004
156.0 0.00315284956714
156.5 0.00315648340369
157.0 0.00321685057231
157.5 0.00323957628435
158.0 0.00325969698659
158.5 0.0033544836416
159.0 0.00330512278613
159.5 0.00324637988678
160.0 0.00353485443413
160.5 0.00367234741964
161.0 0.00382120755471
161.5 0.00382146237649
162.0 0.00369404251746
162.5 0.0038617623079
163.0 0.00412946904437
163.5 0.00429526349723
164.0 0.0043401124444
164.5 0.00427914204724
165.0 0.00419296630015
165.5 0.00446475895016
166.0 0.00464531707955
166.5 0.00490220251476
167.0 0.00471339948975
167.5 0.00501521990368
168.0 0.00542126337374
168.5 0.00542537674271
169.0 0.00527792241591
169.5 0.0056898361965
170.0 0.00591481384701
170.5 0.00542985845479
171.0 0.00597825490129
171.5 0.00624959113857
172.0 0.00652169482888
172.5 0.00644786663182
173.0 0.00651143351486
173.5 0.00704164625803
174.0 0.00739080688062
174.5 0.00725915895453
175.0 0.006370648399
175.5 0.00610777315443
176.0 0.00635618685475
176.5 0.00681392862795
177.0 0.00616292634521
177.5 0.00897333577836
178.0 0.00778558960062
178.5 0.00452258359883
179.0 -0.000921599313102
179.5 -0.00111415174817
180.0 0.00152837215545
180.5 0.000334744652619
181.0 0.00103486731749
181.5 0.00213233503115
182.0 0.00146251553697
182.5 0.00401943151509
183.0 0.00358125074766
183.5 0.00343111368336
184.0 0.00301659847273
184.5 0.00283237558764
185.0 0.00279048466813
185.5 0.00335378395002
186.0 0.00314155930795
186.5 0.00288188386892
187.0 0.00261913912733
187.5 0.00247169102796
188.0 0.00229227540898
188.5 0.00199540392192
189.0 0.00166485284481
189.5 0.00136510759278
190.0 0.00113372732039
190.5 0.000619563417303
191.0 0.000403477272911
191.5 2.27961196231e-06
192.0 -0.000481883529872
192.5 -0.000834790673281
193.0 -0.00140893101067
193.5 -0.00175352433016
194.0 -0.00262977609606
194.5 -0.00379841081622
195.0 -0.00467036705581
195.5 -0.00623259813933
196.0 -0.00736633031089
196.5 -0.0085760382408
197.0 -0.0114970609233
197.5 -0.0139096441221
198.0 -0.0191726234304
198.5 -0.0251175174495
199.0 -0.0406934502299
199.5 -0.0628026480064
