0.0 0.00196900359373
0.5 0.0133897793628
1.0 0.0132045478811
1.5 0.00980720822249
2.0 0.00703070682866
2.5 0.00471153227415
3.0 0.00394272908157
3.5 0.00282752699777
4.0 0.00141573220662
4.5 0.000710409503498
5.0 -0.000237484169801
5.5 -0.000975801754084
6.0 -0.00191394235725
6.5 -0.00266086488399
7.0 -0.00328021166876
7.5 -0.00399137227081
8.0 -0.0046355426534
8.5 -0.00530536474659
9.0 -0.00609826364568
9.5 -0.00671170594534
10.0 -0.00738279737455
10.5 -0.00804993135786
11.0 -0.00874528140262
11.5 -0.00943096299365
12.0 -0.0100945468084
12.5 -0.010812646287
13.0 -0.0115607823229
13.5 -0.0122509800012
14.0 -0.0129526571415
14.5 -0.0136509067953
15.0 -0.0143597395244
15.5 -0.0150893814216
16.0 -0.0157908194409
16.5 -0.0165131087274
17.0 -0.0172128046313
17.5 -0.0179310804868
18.0 -0.0186696015578
18.5 -0.0193698597164
19.0 -0.0200632936463
19.5 -0.0207876834429
20.0 -0.0214587557208
20.5 -0.0221261187445
21.0 -0.0227692912567
21.5 -0.0233948850299
22.0 -0.0240087943139
22.5 -0.0246080083734
23.0 -0.0251737756876
23.5 -0.0257407052067
24.0 -0.0262841148051
24.5 -0.0267916506407
25.0 -0.0272577714234
25.5 -0.0276971766785
26.0 -0.0280905400718
26.5 -0.028451275909
27.0 -0.0287967616733
27.5 -0.029074915502
28.0 -0.0293306084065
28.5 -0.0295666684743
29.0 -0.0297583788556
29.5 -0.0299181652596
30.0 -0.0300185281325
30.5 -0.0300870101125
31.0 -0.0301314242774
31.5 -0.0301170596046
32.0 -0.0300581586949
32.5 -0.0299737216301
33.0 -0.0298594596563
33.5 -0.0297202195128
34.0 -0.0295487101632
34.5 -0.0293516996146
35.0 -0.0291101141969
35.5 -0.0288439419768
36.0 -0.0285504058526
36.5 -0.0282241231792
37.0 -0.0278688916463
37.5 -0.027497276674
38.0 -0.0271092934527
38.5 -0.026680931521
39.0 -0.0262507267463
39.5 -0.0258276735977
40.0 -0.0253543472775
40.5 -0.0248916583174
41.0 -0.0243960932893
41.5 -0.0239008689092
42.0 -0.0233951005456
42.5 -0.0228703543156
43.0 -0.0223313758485
43.5 -0.0217870840841
44.0 -0.021251296672
44.5 -0.020719784507
45.0 -0.0201452939297
45.5 -0.0195929335821
46.0 -0.019038618841
46.5 -0.0184990531609
47.0 -0.0179464952355
47.5 -0.0173793831242
48.0 -0.016837211747
48.5 -0.0162828765119
49.0 -0.015747851232
49.5 -0.0152236018632
50.0 -0.014638048787
50.5 -0.0141039406605
51.0 -0.0135753683571
51.5 -0.0130680293022
52.0 -0.0125550804541
52.5 -0.012028217201
53.0 -0.0115325604667
53.5 -0.011038560565
54.0 -0.0105407239131
54.5 -0.0100576071692
55.0 -0.00956411553658
55.5 -0.00908808278003
56.0 -0.00864395850408
56.5 -0.0081744208197
57.0 -0.00773912753172
57.5 -0.00729032042614
58.0 -0.00688330056292
58.5 -0.00648302776103
59.0 -0.00605942525041
59.5 -0.00566680817126
60.0 -0.00527541566294
60.5 -0.00488626106755
61.0 -0.00451392798491
61.5 -0.00412870071199
62.0 -0.00379525859877
62.5 -0.00345655328541
63.0 -0.00314297266748
63.5 -0.00281997685477
64.0 -0.00249256989343
64.5 -0.0021924148966
65.0 -0.00189178071758
65.5 -0.00160843739829
66.0 -0.00130362997445
66.5 -0.00102805782358
67.0 -0.000771324641374
67.5 -0.000524923770843
68.0 -0.000275126061416
68.5 -5.1256130714e-05
69.0 0.000160148493505
69.5 0.000403556705766
70.0 0.000585075251124
70.5 0.000803718239393
71.0 0.00100503315175
71.5 0.00118534836964
72.0 0.00135848298503
72.5 0.00154796806186
73.0 0.00168413827485
73.5 0.00180032308091
74.0 0.0019384073711
74.5 0.00213873837145
75.0 0.00225518567227
75.5 0.00236484203315
76.0 0.00246495878269
76.5 0.00264314517287
77.0 0.00277853391876
77.5 0.00287510390864
78.0 0.0029408723839
78.5 0.00301439327371
79.0 0.00306252140073
79.5 0.00320866480812
80.0 0.00326804308232
80.5 0.00332556055879
81.0 0.00340678647854
81.5 0.00343997065254
82.0 0.00351009867238
82.5 0.00359046581154
83.0 0.00360927552536
83.5 0.00366679162136
84.0 0.00369228898696
84.5 0.00369289215956
85.0 0.00371740421216
85.5 0.00372923184923
86.0 0.00376505942256
86.5 0.00375350206649
87.0 0.00371896701097
87.5 0.00377691015606
88.0 0.00380086648888
88.5 0.00380813758518
89.0 0.00380584678424
89.5 0.0038336594385
90.0 0.00384136032425
90.5 0.00374361577995
91.0 0.00371972047116
91.5 0.00368546619
92.0 0.00361280555316
92.5 0.00365342469465
93.0 0.00367217619153
93.5 0.00356617066669
94.0 0.00353314618522
94.5 0.00357760236995
95.0 0.00355362669529
95.5 0.00344059181555
96.0 0.00331695382428
96.5 0.00337559468334
97.0 0.00329298079066
97.5 0.0032074178352
98.0 0.00314064140678
98.5 0.00304811772445
99.0 0.00307004432125
99.5 0.00302616003142
100.0 0.00313823590288
100.5 0.00290586933096
101.0 0.00281390367665
101.5 0.00270945550979
102.0 0.00258175105518
102.5 0.00238338184204
103.0 0.00238528290593
103.5 0.00242442256917
104.0 0.00224252764617
104.5 0.00202232728628
105.0 0.00198290699635
105.5 0.00203377482172
106.0 0.00192202566385
106.5 0.00175692249016
107.0 0.00152950649956
107.5 0.00140935270976
108.0 0.00118847713594
108.5 0.000903333064215
109.0 0.000944702341243
109.5 0.000847125290662
110.0 0.00100081184041
110.5 0.0005889033717
111.0 0.000151262306957
111.5 -0.000103630595127
112.0 8.62706660314e-05
112.5 -3.62590209306e-05
113.0 -0.000335039147657
113.5 -0.000576025744962
114.0 -0.000232698025982
114.5 -0.000766957125904
115.0 -0.000609449403584
115.5 -0.00041276746596
116.0 -0.00116365164776
116.5 -0.00128439208859
117.0 -0.00175061556186
117.5 -0.00290669829506
118.0 -0.0024276062538
118.5 0.000586912880735
119.0 0.003071727451
119.5 0.0116548241195
120.0 0.0128269032133
120.5 0.00932764253716
121.0 0.00683040415562
121.5 0.00112506857292
122.0 0.000321013644808
122.5 -0.00286787176127
123.0 -0.00202015525248
123.5 -0.00152266919956
124.0 -0.00205580918954
124.5 -0.00171362230341
125.0 -0.00147883549924
125.5 -0.00094272125078
126.0 -0.00111298123807
126.5 -0.00209097136346
127.0 -0.00208025849389
127.5 -0.00165091240686
128.0 -0.00133191620522
128.5 -0.00124308342055
129.0 -0.000939987199693
129.5 -0.000999478798356
130.0 -0.000836669378685
130.5 -0.000677117910392
131.0 -0.000734707537497
131.5 -0.000595035437925
132.0 -0.000572816809154
132.5 -0.000648616805492
133.0 -0.000301503596603
133.5 0.000121390703413
134.0 0.000189487905068
134.5 0.000411564765265
135.0 -0.000225720384101
135.5 0.000211256643844
136.0 0.000478623425764
136.5 0.000698132405926
137.0 0.000304715209921
137.5 0.000318769373646
138.0 0.000656870557272
138.5 0.000660540270761
139.0 0.000728205066245
139.5 0.000774317328116
140.0 0.000812911100333
140.5 0.000894949052974
141.0 0.00125561629998
141.5 0.00099788724663
142.0 0.00106734744367
142.5 0.00107069613031
143.0 0.00115897652115
143.5 0.00120715317339
144.0 0.0011255339725
144.5 0.00119026964919
145.0 0.00120914718428
145.5 0.00103053703959
146.0 0.00143163873647
146.5 0.00142940252707
147.0 0.00137907141865
147.5 0.00156243989202
148.0 0.00167156204024
148.5 0.00164963758139
149.0 0.0016294289624
149.5 0.00164035179059
150.0 0.00191667870319
150.5 0.00189010659285
151.0 0.00205174690483
151.5 0.00187728793686
152.0 0.00190528909566
152.5 0.00198575772747
153.0 0.00204841831961
153.5 0.00208523366952
154.0 0.00207517671102
154.5 0.00200429640584
155.0 0.00222412615149
155.5 0.00251153946252
156.0 0.00251476982571
156.5 0.00254316258203
157.0 0.00260038251866
157.5 0.00262141301043
158.0 0.00262905687125
158.5 0.00273293751071
159.0 0.00273830669977
159.5 0.00272222784744
160.0 0.00303692177103
160.5 0.00321683054441
161.0 0.0031872513023
161.5 0.00306552607706
162.0 0.00323926463679
162.5 0.00353521358842
163.0 0.00374752583841
163.5 0.00380266139944
164.0 0.00376982903191
164.5 0.00379257004914
165.0 0.00379624488396
165.5 0.0041110460383
166.0 0.0041574574063
166.5 0.00438474533783
167.0 0.00439986481135
167.5 0.00461923865362
168.0 0.00468139820565
168.5 0.00478568729535
169.0 0.00504589001311
169.5 0.00531713968502
170.0 0.00565462225678
170.5 0.00570977964544
171.0 0.00573985549708
171.5 0.00591046960042
172.0 0.00606413296906
172.5 0.00637316653068
173.0 0.00653036297761
173.5 0.00663312746765
174.0 0.00675079991044
174.5 0.00678783901378
175.0 0.00679386163347
175.5 0.00522895660293
176.0 0.00603743812644
176.5 0.00704899986312
177.0 0.008438438469
177.5 0.00921037324431
178.0 0.00716081999967
178.5 0.0071884570217
179.0 0.00147027774928
179.5 0.000235312836779
180.0 0.000905287419243
180.5 -0.00225312933183
181.0 -0.00236718868169
181.5 -0.00115884695433
182.0 -0.000422277129729
182.5 -0.000435418485736
183.0 0.000845484557374
183.5 0.00170042633593
184.0 0.00139432248731
184.5 0.00137093936399
185.0 0.00142682244385
185.5 0.00208345170333
186.0 0.00199962532831
186.5 0.00187006287263
187.0 0.00179033829299
187.5 0.00153686501224
188.0 0.00121656115226
188.5 0.00100768610517
189.0 0.000790100146702
189.5 0.000422471148809
190.0 9.97683840893e-05
190.5 -0.000363402815751
191.0 -0.000517090349803
191.5 -0.000899092761998
192.0 -0.00136461354964
192.5 -0.0016954503638
193.0 -0.00221845840332
193.5 -0.00294255795022
194.0 -0.0038585644821
194.5 -0.00473243596831
195.0 -0.00571722280198
195.5 -0.00750167517698
196.0 -0.00890538570793
196.5 -0.0104464507885
197.0 -0.0125508335173
197.5 -0.0142588037034
198.0 -0.0202282120593
198.5 -0.0267984114511
199.0 -0.0427038130855
199.5 -0.065845494145
