0.0 0.0033412343568
0.5 0.0278538613912
1.0 0.0324884091087
1.5 0.0257628097315
2.0 0.0215099424572
2.5 0.018141788943
3.0 0.0160473725287
3.5 0.0142514839727
4.0 0.0125317663966
4.5 0.0111578270926
5.0 0.00946129722341
5.5 0.0083719631494
6.0 0.0072916228032
6.5 0.00626044286697
7.0 0.00528274009459
7.5 0.00425008312174
8.0 0.00330429036971
8.5 0.00242587799636
9.0 0.00149936111861
9.5 0.000560070039151
10.0 -0.000354947186292
10.5 -0.00120506952786
11.0 -0.00220897767947
11.5 -0.0031111098726
12.0 -0.00399436722634
12.5 -0.004910843381
13.0 -0.00586650689622
13.5 -0.00688594332991
14.0 -0.00784049307638
14.5 -0.00881171688429
15.0 -0.00980754726042
15.5 -0.0108386577703
16.0 -0.0118564636783
16.5 -0.012913787569
17.0 -0.013962336112
17.5 -0.015057224308
18.0 -0.0161889660048
18.5 -0.0173325124971
19.0 -0.0184708914196
19.5 -0.0196488932896
20.0 -0.0208350748209
20.5 -0.0220433777715
21.0 -0.0232487827309
21.5 -0.0244896179282
22.0 -0.0257602128884
22.5 -0.0270135705372
23.0 -0.0283245543787
23.5 -0.0296165890029
24.0 -0.0309100620207
24.5 -0.032252505412
25.0 -0.033568344296
25.5 -0.0348910544173
26.0 -0.0362222615284
26.5 -0.0375474103272
27.0 -0.0388808585569
27.5 -0.0401992864408
28.0 -0.0415059372372
28.5 -0.0428106073806
29.0 -0.0441281688822
29.5 -0.0454039766423
30.0 -0.0466380991601
30.5 -0.0478614986658
31.0 -0.0490676129117
31.5 -0.050222498881
32.0 -0.0513380140528
32.5 -0.0524288937535
33.0 -0.0534726982526
33.5 -0.0544530467324
34.0 -0.0553960895888
34.5 -0.0563030138659
35.0 -0.0571277650594
35.5 -0.0578898732561
36.0 -0.058589807231
36.5 -0.0592161402922
37.0 -0.0597805221498
37.5 -0.0602753370624
38.0 -0.0606833560682
38.5 -0.0610291888062
39.0 -0.0612996424585
39.5 -0.061490777084
40.0 -0.0615914854487
40.5 -0.0616136464734
41.0 -0.0615531494316
41.5 -0.0614315279363
42.0 -0.0612116750371
42.5 -0.0609154022542
43.0 -0.0605550187629
43.5 -0.0600960300304
44.0 -0.0595805638576
44.5 -0.0590050794318
45.0 -0.0583648570021
45.5 -0.0576446182262
46.0 -0.056863163458
46.5 -0.0560455370079
47.0 -0.0551733599359
47.5 -0.0542311022717
48.0 -0.0532591452373
48.5 -0.0522324306181
49.0 -0.0511787553041
49.5 -0.0500976805646
50.0 -0.0489628789
50.5 -0.0478420564741
51.0 -0.0466665385694
51.5 -0.0454991133237
52.0 -0.0443054554299
52.5 -0.0430761740606
53.0 -0.0418664670084
53.5 -0.0406510958863
54.0 -0.0394305651061
54.5 -0.038207975053
55.0 -0.0369744368012
55.5 -0.0357721822963
56.0 -0.0345543605001
56.5 -0.0333752779321
57.0 -0.0321965817722
57.5 -0.0310220065488
58.0 -0.0298882472385
58.5 -0.0287482631016
59.0 -0.0276167837826
59.5 -0.0265321949369
60.0 -0.025454454938
60.5 -0.0243823767165
61.0 -0.0233681974372
61.5 -0.0223270246912
62.0 -0.0213390896412
62.5 -0.0203955716103
63.0 -0.0194470983081
63.5 -0.0185269184808
64.0 -0.017645146831
64.5 -0.016790104579
65.0 -0.015934561524
65.5 -0.0150842111379
66.0 -0.0142886734204
66.5 -0.0135158161325
67.0 -0.0127573130072
67.5 -0.0120264387784
68.0 -0.0113264242236
68.5 -0.0106711323441
69.0 -0.0100139832183
69.5 -0.00938110278632
70.0 -0.00879272249132
70.5 -0.00815861511934
71.0 -0.00758967926577
71.5 -0.00701132066013
72.0 -0.00645897376328
72.5 -0.00594737314212
73.0 -0.00549529210112
73.5 -0.00501153710774
74.0 -0.0045906527228
74.5 -0.00417532723604
75.0 -0.0036709585099
75.5 -0.00329642622927
76.0 -0.00290849322178
76.5 -0.00250362289193
77.0 -0.00213378727055
77.5 -0.00177707640993
78.0 -0.00147585501315
78.5 -0.00112976219877
79.0 -0.00086035259322
79.5 -0.000597195908485
80.0 -0.000314848671971
80.5 -0.000100683226014
81.0 0.000228484969609
81.5 0.000470583712847
82.0 0.000701505345035
82.5 0.000911255865947
83.0 0.00110329986747
83.5 0.0012931491303
84.0 0.00146539333695
84.5 0.00160430153854
85.0 0.00175149472704
85.5 0.00184776718465
86.0 0.00209643114382
86.5 0.00222509278096
87.0 0.00233587006652
87.5 0.00250291095767
88.0 0.00258106743866
88.5 0.00268984175102
89.0 0.00279032018046
89.5 0.00283245657691
90.0 0.00285031018071
90.5 0.0029488818988
91.0 0.00304767391833
91.5 0.00315769022979
92.0 0.00320659978771
92.5 0.00323044743929
93.0 0.00322772781919
93.5 0.00322629350795
94.0 0.00328117220364
94.5 0.00322900193177
95.0 0.00329585011669
95.5 0.00324491328176
96.0 0.00324248333157
96.5 0.00327559837432
97.0 0.00322791451113
97.5 0.00324855447911
98.0 0.00331077945857
98.5 0.0032917945933
99.0 0.00326427097935
99.5 0.00314901937775
100.0 0.00301848462286
100.5 0.00309167686091
101.0 0.00316010797579
101.5 0.00304194822411
102.0 0.00290495181267
102.5 0.00275449268922
103.0 0.00273969605806
103.5 0.0026794177174
104.0 0.00246156584534
104.5 0.00235188173274
105.0 0.0023552056817
105.5 0.00228076566798
106.0 0.00223581359165
106.5 0.00199386270404
107.0 0.00192630444992
107.5 0.001801631087
108.0 0.00162229829661
108.5 0.00146582785086
109.0 0.00132485465261
109.5 0.00121249515902
110.0 0.0010784408477
110.5 0.000950582261247
111.0 0.000780475054697
111.5 0.000426257156292
112.0 0.000325467706105
112.5 0.000108944985705
113.0 -0.000147583382372
113.5 -0.00047033960395
114.0 -0.000406570231561
114.5 -0.000483549681235
115.0 -0.000707978550253
115.5 -0.00076321701323
116.0 -0.000466241437195
116.5 -0.00101397431619
117.0 -0.00166894715888
117.5 -0.00194619830182
118.0 -0.000865953543439
118.5 0.000594965697445
119.0 0.00250541096273
119.5 0.00796143871716
120.0 0.00828488143577
120.5 0.00687671894178
121.0 0.00609976136934
121.5 0.00107576345371
122.0 -0.00273346927355
122.5 -0.00368549409181
123.0 -0.00185186964536
123.5 -0.00148423158265
124.0 -0.00158140820906
124.5 -0.00115454779076
125.0 -0.00155168143418
125.5 -0.00168999452728
126.0 -0.00140600870576
126.5 -0.00116568185253
127.0 -0.00139840629714
127.5 -0.0015540998734
128.0 -0.00132406894015
128.5 -0.00111542798419
129.0 -0.000762938634132
129.5 -0.000414495261317
130.0 0.000110345546894
130.5 -0.000473864136296
131.0 -0.00013971118095
131.5 4.94616404296e-05
132.0 -4.70294097781e-05
132.5 0.000193927458696
133.0 0.000474473120562
133.5 0.000441136332718
134.0 0.000500395264261
134.5 0.000738717209778
135.0 0.000720784849243
135.5 0.000852090427081
136.0 0.00117856141834
136.5 0.0008926473546
137.0 0.000990177799409
137.5 0.00106376362121
138.0 0.00135846293388
138.5 0.00139922407443
139.0 0.00129048081672
139.5 0.00142526938208
140.0 0.00148708583089
140.5 0.0015665956576
141.0 0.00171735174334
141.5 0.0016798618021
142.0 0.00178666173118
142.5 0.00194064123816
143.0 0.00199787399139
143.5 0.00190117444752
144.0 0.00189446714677
144.5 0.00198278606342
145.0 0.00204991545285
145.5 0.00238904417677
146.0 0.0020417583223
146.5 0.00207598805395
147.0 0.0021925455642
147.5 0.0021440403087
148.0 0.00213441828864
148.5 0.00231510989269
149.0 0.00246836789848
149.5 0.00249730306642
150.0 0.0024089628777
150.5 0.00232612406133
151.0 0.00230524404191
151.5 0.00243754741348
152.0 0.0025575623614
152.5 0.00265924920361
153.0 0.00275770215513
153.5 0.00280448707241
154.0 0.00284279845802
154.5 0.00290694762667
155.0 0.00294280055831
155.5 0.0029834509812
156.0 0.00296679977258
156.5 0.00309717700715
157.0 0.00334342850227
157.5 0.0033623427773
158.0 0.00323806520579
158.5 0.00335450354083
159.0 0.0035741293234
159.5 0.00361223958502
160.0 0.00347816782843
160.5 0.00370327612343
161.0 0.00386940240993
161.5 0.0038829187411
162.0 0.00369851690125
162.5 0.00385029440775
163.0 0.00404797473686
163.5 0.00414966056945
164.0 0.00426731265481
164.5 0.0044320042367
165.0 0.00457055830617
165.5 0.00427264038428
166.0 0.00453627125166
166.5 0.00478497425125
167.0 0.00487527031469
167.5 0.00498369808228
168.0 0.00519630914679
168.5 0.00545518602873
169.0 0.00537720456686
169.5 0.00518080956755
170.0 0.00560094925073
170.5 0.00578638659609
171.0 0.00602679285244
171.5 0.00654338910292
172.0 0.00674009677795
172.5 0.00707712088229
173.0 0.00742997978361
173.5 0.00744157623497
174.0 0.00729488071715
174.5 0.00779776534969
175.0 0.00797459877953
175.5 0.00749192427664
176.0 0.00753649344649
176.5 0.00749356770339
177.0 0.0070360618567
177.5 0.00689489101504
178.0 0.00526217943828
178.5 0.00368733194144
179.0 -0.000485628394117
179.5 -0.00458079010791
180.0 -0.00542028010474
180.5 -0.00469368158576
181.0 0.000288082673165
181.5 0.00445777754159
182.0 0.00558294720747
182.5 0.00613311088559
183.0 0.00454634017476
183.5 0.00408778768133
184.0 0.00341330386645
184.5 0.00319047610384
185.0 0.0037970761971
185.5 0.00327948439326
186.0 0.00323265631893
186.5 0.00304980866515
187.0 0.00288694016615
187.5 0.00259985825456
188.0 0.00252344017247
188.5 0.00238730408348
189.0 0.00208859881944
189.5 0.00170857217593
190.0 0.00138921951947
190.5 0.000969794900911
191.0 0.000663078552833
191.5 0.000213656921105
192.0 -0.00013251539518
192.5 -0.000546788110213
193.0 -0.00132520120124
193.5 -0.00185831673063
194.0 -0.002585622003
194.5 -0.00339847327304
195.0 -0.00438944449901
195.5 -0.00602328794338
196.0 -0.00740755904503
196.5 -0.00915308664037
197.0 -0.0114045732119
197.5 -0.0135992859741
198.0 -0.018898036707
198.5 -0.0264143428437
199.0 -0.0415490795836
199.5 -0.0683233887083
