0.0 0.00558663789265
0.5 0.0221502416867
1.0 0.0313182038724
1.5 0.0259857080562
2.0 0.0224631644324
2.5 0.0198700830152
3.0 0.0180042166113
3.5 0.0162650616742
4.0 0.01437249016
4.5 0.0131924744528
5.0 0.0118613527282
5.5 0.0107630777129
6.0 0.00968656708004
6.5 0.00866412191777
7.0 0.00775662250374
7.5 0.00681818974096
8.0 0.00589816382673
8.5 0.00486183823147
9.0 0.00404781011067
9.5 0.00318328339207
10.0 0.00227572564225
10.5 0.00143878608909
11.0 0.000557716990775
11.5 -0.000354577725524
12.0 -0.00123783548329
12.5 -0.00216419719654
13.0 -0.00309185439108
13.5 -0.00401516358506
14.0 -0.00496742439495
14.5 -0.00592905141306
15.0 -0.0068913018326
15.5 -0.00793909275804
16.0 -0.00894839712455
16.5 -0.00996992370939
17.0 -0.0110322063623
17.5 -0.0121390695701
18.0 -0.0132456206481
18.5 -0.0143930285957
19.0 -0.01553745806
19.5 -0.0167116290571
20.0 -0.0179033235465
20.5 -0.0191403768063
21.0 -0.0203922495817
21.5 -0.021645291788
22.0 -0.0229313106908
22.5 -0.0242447873668
23.0 -0.0255645401328
23.5 -0.0269204950845
24.0 -0.0282925351481
24.5 -0.0296838964179
25.0 -0.0310661208636
25.5 -0.0324719219048
26.0 -0.0338939925562
26.5 -0.0353095062704
27.0 -0.0367315871298
27.5 -0.0381681009454
28.0 -0.0395840333694
28.5 -0.0410205790066
29.0 -0.0424318870799
29.5 -0.0438842845607
30.0 -0.0452888533152
30.5 -0.0466459258467
31.0 -0.0480048464962
31.5 -0.0493239682787
32.0 -0.0506136076753
32.5 -0.05188740156
33.0 -0.0531318432287
33.5 -0.0543186756383
34.0 -0.0554890327606
34.5 -0.0565939993234
35.0 -0.0576176830992
35.5 -0.0586098852576
36.0 -0.0595231534597
36.5 -0.0603723027283
37.0 -0.0611688249134
37.5 -0.0618930317799
38.0 -0.0625311562492
38.5 -0.0631072012928
39.0 -0.063581543139
39.5 -0.0640015477327
40.0 -0.0643425038645
40.5 -0.0645749750688
41.0 -0.0647303686473
41.5 -0.0648108078091
42.0 -0.0647887142708
42.5 -0.0646782214734
43.0 -0.0645008769572
43.5 -0.0642502019727
44.0 -0.0639181252672
44.5 -0.0634953305453
45.0 -0.0629807226414
45.5 -0.0624135360511
46.0 -0.0617748223721
46.5 -0.0610537902538
47.0 -0.0602839847776
47.5 -0.0594345363829
48.0 -0.0585367524279
48.5 -0.0575787745734
49.0 -0.0565877040655
49.5 -0.0555629443398
50.0 -0.0544349701535
50.5 -0.0533028475752
51.0 -0.0521424428536
51.5 -0.0509551281579
52.0 -0.0497524479573
52.5 -0.0485128164417
53.0 -0.0472805726523
53.5 -0.0460255957302
54.0 -0.0447589969263
54.5 -0.0434905067205
55.0 -0.0421897142805
55.5 -0.0409015917062
56.0 -0.039627524317
56.5 -0.0383702010753
57.0 -0.0371041966898
57.5 -0.0358380863756
58.0 -0.0346213666176
58.5 -0.0334023667053
59.0 -0.0321805427276
59.5 -0.0310029336283
60.0 -0.0298311986868
60.5 -0.0286747018376
61.0 -0.0275385998709
61.5 -0.0264188058089
62.0 -0.0253359369655
62.5 -0.0242911323301
63.0 -0.0232457610314
63.5 -0.0222383077299
64.0 -0.0212611430601
64.5 -0.0203160915522
65.0 -0.0193688609424
65.5 -0.0184569739018
66.0 -0.0175375292638
66.5 -0.0166646144579
67.0 -0.0158599158953
67.5 -0.0150308057449
68.0 -0.0142396114223
68.5 -0.0135159252484
69.0 -0.0127736240234
69.5 -0.0120612968289
70.0 -0.0113802361967
70.5 -0.0107027984259
71.0 -0.0100801508867
71.5 -0.00944572769667
72.0 -0.0088078913553
72.5 -0.00823234053059
73.0 -0.00769664168025
73.5 -0.0071597561773
74.0 -0.00664381128802
74.5 -0.00615241968442
75.0 -0.00567940946775
75.5 -0.00522757620905
76.0 -0.00477086854387
76.5 -0.00433759028254
77.0 -0.00390196461584
77.5 -0.00350249290831
78.0 -0.00315972153117
78.5 -0.00280577275147
79.0 -0.00248945995715
79.5 -0.00218417230886
80.0 -0.0018065455119
80.5 -0.00152988705774
81.0 -0.00121659320323
81.5 -0.000961749608066
82.0 -0.000683961909214
82.5 -0.000436782232303
83.0 -0.000218810490775
83.5 -3.9439321462e-06
84.0 0.000184752965747
84.5 0.000309326681947
85.0 0.000611177668645
85.5 0.000750984164746
86.0 0.000927949167465
86.5 0.00107591153447
87.0 0.00122125909149
87.5 0.00135374357305
88.0 0.00144846491888
88.5 0.00162460492184
89.0 0.00177881701753
89.5 0.00183759757493
90.0 0.00195152591576
90.5 0.00193058762232
91.0 0.00203612542059
91.5 0.00212909256464
92.0 0.00220681506593
92.5 0.00229068806624
93.0 0.00234359293201
93.5 0.00237687732896
94.0 0.00253219466457
94.5 0.00252279687066
95.0 0.00244115826436
95.5 0.00239762064583
96.0 0.00246896071154
96.5 0.00254698266328
97.0 0.00248625956874
97.5 0.00240055862054
98.0 0.00239648650261
98.5 0.00243494828967
99.0 0.00244785904957
99.5 0.00245726396963
100.0 0.00256878384426
100.5 0.0023750302778
101.0 0.00224041188343
101.5 0.00227589369335
102.0 0.00213443866924
102.5 0.00193910465966
103.0 0.00188275649796
103.5 0.00181820070888
104.0 0.00177128228445
104.5 0.00173679072999
105.0 0.00168068110055
105.5 0.00155842817198
106.0 0.00143347750042
106.5 0.00124466191872
107.0 0.001081343449
107.5 0.000951240437978
108.0 0.000927641729774
108.5 0.000867637540509
109.0 0.000454779982626
109.5 9.7662637387e-05
110.0 -4.72503745854e-05
110.5 -0.000124097498571
111.0 -0.000360850596628
111.5 -0.000410226361183
112.0 -0.000576882108007
112.5 -0.000933074455546
113.0 -0.00122493850013
113.5 -0.0017441167862
114.0 -0.00183326004168
114.5 -0.00218185628583
115.0 -0.00269316777224
115.5 -0.00135948478292
116.0 -0.00176946798524
116.5 -0.00261763048333
117.0 -0.00300579250904
117.5 -0.00204180944817
118.0 -0.00140106525915
118.5 -0.000415268030977
119.0 0.0022641432363
119.5 0.011155761424
120.0 0.0118402810404
120.5 0.0075091732818
121.0 0.00385136750486
121.5 -0.00118991994543
122.0 -0.000971619125195
122.5 -0.00316286771022
123.0 -0.00161669425228
123.5 -0.00147800615383
124.0 -0.00228749715011
124.5 -0.00154004050107
125.0 -0.00110827894773
125.5 -0.00142636365807
126.0 -0.00107773597273
126.5 -0.000832202109251
127.0 -0.00133076845665
127.5 -0.00130562892754
128.0 -0.000891655306248
128.5 -0.000688838423422
129.0 -0.000316827869746
129.5 -0.000646579889057
130.0 0.000113581173331
130.5 0.000212223126837
131.0 -0.000351625400612
131.5 6.74881091953e-05
132.0 0.000624444677797
132.5 0.000419025804355
133.0 0.000237698786123
133.5 0.000552107440477
134.0 0.000673064764015
134.5 0.000788355882563
135.0 0.000916024320368
135.5 0.00134955177199
136.0 0.000964063829592
136.5 0.00103726114879
137.0 0.0013187415935
137.5 0.00145301787915
138.0 0.00152202682574
138.5 0.00132055771676
139.0 0.00129218040626
139.5 0.00138400501335
140.0 0.00151354322074
140.5 0.00176190540115
141.0 0.00173941807288
141.5 0.00176231569505
142.0 0.00202663359836
142.5 0.001933810885
143.0 0.00185781071967
143.5 0.0018177393238
144.0 0.00185998478837
144.5 0.00237679413414
145.0 0.00207024393836
145.5 0.0020409039355
146.0 0.00206433923646
146.5 0.00215912280837
147.0 0.00227238532419
147.5 0.00247620649182
148.0 0.00241381232688
148.5 0.00225098987397
149.0 0.00231807074352
149.5 0.00241241035748
150.0 0.00244676456523
150.5 0.00239590899212
151.0 0.00244587766609
151.5 0.00250767173303
152.0 0.00263049659142
152.5 0.00272420639819
153.0 0.00283333271217
153.5 0.00292963214753
154.0 0.0029995608303
154.5 0.0030989165155
155.0 0.00317637247214
155.5 0.00323159480925
156.0 0.00337728657736
156.5 0.00357293509465
157.0 0.00357939943427
157.5 0.00352468922458
158.0 0.00348763657847
158.5 0.00351398733955
159.0 0.00351390749469
159.5 0.00368531746387
160.0 0.00388402813794
160.5 0.00396663237521
161.0 0.00393771356964
161.5 0.00380088320118
162.0 0.00397485394176
162.5 0.00419147087144
163.0 0.00439896854889
163.5 0.00457062593739
164.0 0.00460047366443
164.5 0.00451958837618
165.0 0.00444795635362
165.5 0.00465090659438
166.0 0.00470893148466
166.5 0.00510493435123
167.0 0.00521973054433
167.5 0.00516581923303
168.0 0.00536171530113
168.5 0.00571704438106
169.0 0.005860385326
169.5 0.00598758671776
170.0 0.00611785498417
170.5 0.00619321215491
171.0 0.00641240119485
171.5 0.00615328901235
172.0 0.00659753413314
172.5 0.00714412372972
173.0 0.00735579154791
173.5 0.00750388482975
174.0 0.00775456206544
174.5 0.00767137156178
175.0 0.00680101856847
175.5 0.00653208737494
176.0 0.00669164828396
176.5 0.00676163311537
177.0 0.00663161489427
177.5 0.00758162694635
178.0 0.00394859367172
178.5 0.00328409164345
179.0 -0.00038706897314
179.5 -0.00369061100696
180.0 -0.00294190066016
180.5 -0.00160877949398
181.0 0.00158288537854
181.5 0.00323241484118
182.0 0.00247870860726
182.5 0.00246017159976
183.0 0.00264998682637
183.5 0.0035495853587
184.0 0.00327933441389
184.5 0.00320288437661
185.0 0.00322745852185
185.5 0.00307470141669
186.0 0.00316408508642
186.5 0.00303405014724
187.0 0.00291532193226
187.5 0.00257495096179
188.0 0.00219280169026
188.5 0.00200932331397
189.0 0.00172829109408
189.5 0.00141311408569
190.0 0.00109956991638
190.5 0.000682563371242
191.0 0.000379068597638
191.5 -7.00724347382e-05
192.0 -0.000457530967566
192.5 -0.000787634278851
193.0 -0.00145226016821
193.5 -0.00203060556342
194.0 -0.00279198969621
194.5 -0.00361278087162
195.0 -0.00457455304156
195.5 -0.00611614848705
196.0 -0.00712572527593
196.5 -0.00959491654665
197.0 -0.0118832623326
197.5 -0.0141796670229
198.0 -0.0197110517998
198.5 -0.0259650918047
199.0 -0.0419978916095
199.5 -0.0653252569913
