0.0 -0.000903297949229
0.5 0.0193878834234
1.0 0.0175730003114
1.5 0.0116515263183
2.0 0.00843726388684
2.5 0.00542241610779
3.0 0.00402406485314
3.5 0.00259152834967
4.0 0.00118681815832
4.5 -7.24255316413e-05
5.0 -0.00134267165343
5.5 -0.00230622878646
6.0 -0.00347446302613
6.5 -0.00446157267124
7.0 -0.00521355865248
7.5 -0.00607331038501
8.0 -0.00690423356892
8.5 -0.00785214513718
9.0 -0.0086043122139
9.5 -0.00940765145036
10.0 -0.0102294474727
10.5 -0.0111380369022
11.0 -0.0119815688529
11.5 -0.0127652952886
12.0 -0.0135920770518
12.5 -0.0144467692148
13.0 -0.0153384341842
13.5 -0.0161848097694
14.0 -0.0170501297918
14.5 -0.0179153718937
15.0 -0.0187957964527
15.5 -0.0196995751695
16.0 -0.0205632952155
16.5 -0.0214726513695
17.0 -0.0223885248416
17.5 -0.0233039156288
18.0 -0.0242235528689
18.5 -0.025138922934
19.0 -0.0260702368723
19.5 -0.0269953901638
20.0 -0.0279164080746
20.5 -0.0288384365149
21.0 -0.0297296931691
21.5 -0.0306223711447
22.0 -0.0315115765408
22.5 -0.0323760928019
23.0 -0.0332403501438
23.5 -0.0340859045552
24.0 -0.0349139305767
24.5 -0.035736150069
25.0 -0.0365073567354
25.5 -0.0372551670221
26.0 -0.0379691237275
26.5 -0.0386415918691
27.0 -0.0392895977438
27.5 -0.0398877869171
28.0 -0.040449933057
28.5 -0.0409772933669
29.0 -0.0414515961662
29.5 -0.0418892981163
30.0 -0.0422633545427
30.5 -0.0425945641333
31.0 -0.0428600484533
31.5 -0.0430633535031
32.0 -0.0432283826661
32.5 -0.0433190250079
33.0 -0.0433665155555
33.5 -0.0433730071716
34.0 -0.0432958023899
34.5 -0.0431967674148
35.0 -0.043027435869
35.5 -0.042797957617
36.0 -0.0425165988669
36.5 -0.0421843235459
37.0 -0.041808395057
37.5 -0.0413813756249
38.0 -0.0408900528581
38.5 -0.0403672706851
39.0 -0.039815992523
39.5 -0.0392342050514
40.0 -0.0385992944286
40.5 -0.0379260072102
41.0 -0.0372254998825
41.5 -0.0365053411205
42.0 -0.0357562547774
42.5 -0.0349774204868
43.0 -0.0341780931072
43.5 -0.0333711566175
44.0 -0.0325513304916
44.5 -0.0316906483815
45.0 -0.0308465319775
45.5 -0.0299835614897
46.0 -0.0291087694344
46.5 -0.0282548989043
47.0 -0.0273841238875
47.5 -0.0265011981841
48.0 -0.0256444754435
48.5 -0.02476919811
49.0 -0.0239014353313
49.5 -0.0230411318467
50.0 -0.0221715445108
50.5 -0.0213406619241
51.0 -0.0204839442562
51.5 -0.019665713162
52.0 -0.0188507836896
52.5 -0.018029106227
53.0 -0.0172525230695
53.5 -0.0164675697479
54.0 -0.0156808093699
54.5 -0.0149295422127
55.0 -0.0141788537666
55.5 -0.0134524219437
56.0 -0.0127287929278
56.5 -0.0120407951386
57.0 -0.0113548962875
57.5 -0.0106776923096
58.0 -0.0100520828936
58.5 -0.00941794428313
59.0 -0.00877038193517
59.5 -0.00819688147838
60.0 -0.00761513660748
60.5 -0.00702749811027
61.0 -0.00644516360464
61.5 -0.00590029560434
62.0 -0.00540075327013
62.5 -0.00488795281865
63.0 -0.00441451592444
63.5 -0.00393615849541
64.0 -0.00346031772231
64.5 -0.0030236754005
65.0 -0.0025997978419
65.5 -0.002144903364
66.0 -0.00173606738406
66.5 -0.00134656741109
67.0 -0.000993352620441
67.5 -0.000618541102545
68.0 -0.000261498100365
68.5 6.70214383973e-05
69.0 0.000380769208681
69.5 0.000683010794877
70.0 0.00095841443831
70.5 0.00129456008876
71.0 0.0015615420603
71.5 0.00183639295539
72.0 0.00208624359038
72.5 0.00235063214548
73.0 0.0025707888848
73.5 0.00277207425302
74.0 0.00298484854956
74.5 0.00317959781965
75.0 0.00336314003173
75.5 0.00350736481195
76.0 0.00374734162157
76.5 0.00393176753231
77.0 0.00408364527097
77.5 0.00423497054656
78.0 0.00434497194516
78.5 0.00446387677591
79.0 0.00455773396296
79.5 0.00467580419806
80.0 0.00478015280111
80.5 0.00482240754992
81.0 0.00499556074407
81.5 0.0050795655878
82.0 0.00517627464535
82.5 0.00525302774398
83.0 0.00533449693258
83.5 0.00535499971178
84.0 0.00535763393961
84.5 0.00547846987144
85.0 0.00550788968009
85.5 0.00547250976374
86.0 0.0056039957911
86.5 0.00562430137392
87.0 0.00564524460782
87.5 0.00572626290711
88.0 0.00570367355822
88.5 0.00569509818669
89.0 0.00566851276889
89.5 0.0056637064705
90.0 0.00566975120943
90.5 0.0055705962957
91.0 0.00559948425271
91.5 0.00562261028256
92.0 0.00563213338761
92.5 0.00561705850847
93.0 0.00556394768528
93.5 0.00551877439261
94.0 0.00550005253043
94.5 0.00546418999184
95.0 0.00534527333187
95.5 0.00537180507453
96.0 0.00531678279102
96.5 0.00524942539637
97.0 0.00511754316282
97.5 0.00501214073661
98.0 0.00498814033092
98.5 0.00501051126874
99.0 0.00500580169181
99.5 0.00487588358548
100.0 0.00470191664433
100.5 0.00468221625287
101.0 0.00472875040422
101.5 0.00460607983867
102.0 0.00446439192763
102.5 0.00430190552888
103.0 0.00417097976108
103.5 0.00398940496947
104.0 0.00388590357147
104.5 0.00385563637786
105.0 0.003731669734
105.5 0.00385347066571
106.0 0.00363727788374
106.5 0.0033348956226
107.0 0.00339645265551
107.5 0.00325233370526
108.0 0.00290058449515
108.5 0.0027362092486
109.0 0.00268194652752
109.5 0.00259544724823
110.0 0.0024247246921
110.5 0.00224715630518
111.0 0.00212367543485
111.5 0.00182337344415
112.0 0.00169394688148
112.5 0.00151570316099
113.0 0.00133395578645
113.5 0.00112758755876
114.0 0.00156711330146
114.5 0.00139689772011
115.0 0.00159277457779
115.5 0.00140605661515
116.0 0.00162327202683
116.5 0.00209559647188
117.0 0.00135954089463
117.5 0.00172066162665
118.0 0.00274419596118
118.5 0.0048215243047
119.0 0.00766046043023
119.5 0.0114484656044
120.0 0.00852387500339
120.5 0.00762159855981
121.0 0.00606896173649
121.5 0.00134715491654
122.0 -0.00178268641665
122.5 -0.00203833124617
123.0 -0.0019140115952
123.5 -0.00160540704985
124.0 -0.00221027409982
124.5 -0.00208318048595
125.0 -0.00254372383534
125.5 -0.00171332371893
126.0 -0.00203789976013
126.5 -0.00196600641047
127.0 -0.00152477853482
127.5 -0.00114972071681
128.0 -0.000829355707239
128.5 -0.000718792560498
129.0 -0.000541277485659
129.5 -0.000318996313382
130.0 -0.000133254855832
130.5 1.54048247225e-06
131.0 5.65934359855e-05
131.5 0.000407510952741
132.0 0.000142940729589
132.5 0.000249174479045
133.0 0.000714134130682
133.5 0.00082915705768
134.0 0.00057030466057
134.5 0.000850317810169
135.0 0.000862252552544
135.5 0.0010792208243
136.0 0.00103007652201
136.5 0.00121259544608
137.0 0.00129373427297
137.5 0.0013694732244
138.0 0.0014517441568
138.5 0.00132104925446
139.0 0.00145586518726
139.5 0.0014954328068
140.0 0.00165990113728
140.5 0.0016207065344
141.0 0.0014881959732
141.5 0.0018202933889
142.0 0.00202824658259
142.5 0.00216018006165
143.0 0.00210996520489
143.5 0.00194113821907
144.0 0.00199977876198
144.5 0.00197949178569
145.0 0.00204241984881
145.5 0.00221203108098
146.0 0.00238021122734
146.5 0.00229330896549
147.0 0.00228729665519
147.5 0.00234003835158
148.0 0.00237295755311
148.5 0.00237846813323
149.0 0.00235001259125
149.5 0.00240159859135
150.0 0.00238241313104
150.5 0.00265252620425
151.0 0.00253096025795
151.5 0.00251498953365
152.0 0.00243642551606
152.5 0.00267248024993
153.0 0.00291249926805
153.5 0.00290765036365
154.0 0.00280801293448
154.5 0.00275177092455
155.0 0.00310689681514
155.5 0.00297069322423
156.0 0.00342433581871
156.5 0.00326855473209
157.0 0.00310196749317
157.5 0.00301954359496
158.0 0.00304231883662
158.5 0.00314965725579
159.0 0.00319699346233
159.5 0.00340201010571
160.0 0.00359180637568
160.5 0.0037939466074
161.0 0.00392275974443
161.5 0.00392127606568
162.0 0.00396865696044
162.5 0.00391738451047
163.0 0.00406055569134
163.5 0.00432641540326
164.0 0.00434142420358
164.5 0.00418281295687
165.0 0.00447202696827
165.5 0.00461305640111
166.0 0.00467791202156
166.5 0.00496354441376
167.0 0.0051684227823
167.5 0.0050473243707
168.0 0.00526865193696
168.5 0.00572032936294
169.0 0.00577412765163
169.5 0.00580752828388
170.0 0.00591600777553
170.5 0.00594864495723
171.0 0.00612209014689
171.5 0.00633449511032
172.0 0.00650841134842
172.5 0.00696049947027
173.0 0.00693485735326
173.5 0.00690954306631
174.0 0.00740572879729
174.5 0.00767359567233
175.0 0.00803358015314
175.5 0.00781251727047
176.0 0.00679199832835
176.5 0.00736263359157
177.0 0.00789222137676
177.5 0.0078357944365
178.0 0.00748444913535
178.5 0.00595463769923
179.0 0.00206216070526
179.5 -0.00176613878912
180.0 -0.00296012642748
180.5 -0.00424717155856
181.0 -0.00145816027425
181.5 0.000821397712727
182.0 0.00178808417485
182.5 0.00288076556497
183.0 0.002961460897
183.5 0.00348288877251
184.0 0.00332968602537
184.5 0.00319962714912
185.0 0.00316985074925
185.5 0.002994384695
186.0 0.00304059434508
186.5 0.00288816439674
187.0 0.00258465000081
187.5 0.00258045862257
188.0 0.00237143560439
188.5 0.00212185722197
189.0 0.00165458618555
189.5 0.00130562550613
190.0 0.00101736283962
190.5 0.000552975688791
191.0 0.000260704455087
191.5 -0.000138778104372
192.0 -0.000518832135171
192.5 -0.000856097415777
193.0 -0.00154967983705
193.5 -0.00190349283154
194.0 -0.00275012411616
194.5 -0.00389391186805
195.0 -0.00473592327195
195.5 -0.00631032396782
196.0 -0.00768154108184
196.5 -0.00944515861278
197.0 -0.0117865593147
197.5 -0.0141958932546
198.0 -0.0197223315457
198.5 -0.0260635816228
199.0 -0.0420793918274
199.5 -0.0654168733158
