0.0 -0.00172166015774
0.5 0.0195416859318
1.0 0.0162063247937
1.5 0.010831717932
2.0 0.00769631746883
2.5 0.00485382966466
3.0 0.00299370361778
3.5 0.00185467711133
4.0 0.000575471739623
4.5 -0.000577393479819
5.0 -0.00170262326656
5.5 -0.00281602459435
6.0 -0.00373869621939
6.5 -0.0045783654258
7.0 -0.00530355318003
7.5 -0.00610543187131
8.0 -0.00687434904103
8.5 -0.00775956593522
9.0 -0.00846216741755
9.5 -0.009231306688
10.0 -0.0100263171837
10.5 -0.0107665589574
11.0 -0.011538960384
11.5 -0.0123089085684
12.0 -0.0130754088195
12.5 -0.0138584317432
13.0 -0.0146489755098
13.5 -0.015438202747
14.0 -0.0162536654621
14.5 -0.0170537655431
15.0 -0.0178378592127
15.5 -0.0186536250677
16.0 -0.0194536933868
16.5 -0.0202931911628
17.0 -0.0211009105437
17.5 -0.0219106153169
18.0 -0.0227372438271
18.5 -0.0235568585343
19.0 -0.0243640596216
19.5 -0.025176797738
20.0 -0.0259676137715
20.5 -0.0267584948186
21.0 -0.0275283931816
21.5 -0.0282866994566
22.0 -0.0290352724418
22.5 -0.0297484942588
23.0 -0.0304532821275
23.5 -0.0311413267803
24.0 -0.0318081046696
24.5 -0.0324593533886
25.0 -0.033034101707
25.5 -0.03357918132
26.0 -0.0341009083022
26.5 -0.0345754199026
27.0 -0.0350133037218
27.5 -0.035420670137
28.0 -0.0357630187471
28.5 -0.0360877531158
29.0 -0.0363802816535
29.5 -0.0366138272977
30.0 -0.0367855169495
30.5 -0.03692200154
31.0 -0.0369983775075
31.5 -0.037018688661
32.0 -0.0370081303078
32.5 -0.0369316541212
33.0 -0.0368194314106
33.5 -0.036670002939
34.0 -0.0364772085683
34.5 -0.0362472598879
35.0 -0.0359649174453
35.5 -0.0356415580739
36.0 -0.0352815608765
36.5 -0.0348821513257
37.0 -0.034447131149
37.5 -0.0339777668141
38.0 -0.0334742284883
38.5 -0.0329461363312
39.0 -0.0323937814357
39.5 -0.0318242534742
40.0 -0.0312362295057
40.5 -0.0305999717069
41.0 -0.0299537895171
41.5 -0.0293010114535
42.0 -0.0286225086416
42.5 -0.0279308867908
43.0 -0.0272336435621
43.5 -0.0265216282398
44.0 -0.0258145548992
44.5 -0.0251119870022
45.0 -0.0243684166804
45.5 -0.0236478287493
46.0 -0.0229194575817
46.5 -0.0221946778472
47.0 -0.0214836915296
47.5 -0.0207504521092
48.0 -0.020030318471
48.5 -0.0193138665458
49.0 -0.0186128661105
49.5 -0.0179009897741
50.0 -0.0171858852151
50.5 -0.0164937962739
51.0 -0.0158105524217
51.5 -0.0151385734089
52.0 -0.0144856952105
52.5 -0.0138192106392
53.0 -0.0131929887272
53.5 -0.0125571385703
54.0 -0.0119125742585
54.5 -0.0113132051568
55.0 -0.0107025581463
55.5 -0.0101066000421
56.0 -0.00951256176428
56.5 -0.00894708751569
57.0 -0.0084079262676
57.5 -0.00786851723974
58.0 -0.00734075952252
58.5 -0.00684149766438
59.0 -0.0063342800904
59.5 -0.00584206295346
60.0 -0.00536960403062
60.5 -0.00491707132734
61.0 -0.00445005693
61.5 -0.00399679420547
62.0 -0.00357057280528
62.5 -0.00316398875987
63.0 -0.00277331964578
63.5 -0.00238842051188
64.0 -0.0020071925227
64.5 -0.00166221228001
65.0 -0.00132782819782
65.5 -0.000953979436153
66.0 -0.000613394027244
66.5 -0.000295884780201
67.0 3.24078385461e-06
67.5 0.000273561482592
68.0 0.000572368370975
68.5 0.000844846318845
69.0 0.00109520009548
69.5 0.00133418492575
70.0 0.0015725756611
70.5 0.00179721171962
71.0 0.00207274444506
71.5 0.0022734588514
72.0 0.00248276833887
72.5 0.00269400876853
73.0 0.00286551648272
73.5 0.0030168839263
74.0 0.00313506439659
74.5 0.00334696645186
75.0 0.00348796934974
75.5 0.00361551687594
76.0 0.00372441941599
76.5 0.00389460290894
77.0 0.00405264411484
77.5 0.00416723296296
78.0 0.00426054041654
78.5 0.00436329250638
79.0 0.0044278041501
79.5 0.0044878962452
80.0 0.00457345939315
80.5 0.00461705460131
81.0 0.00469554455761
81.5 0.00473097206146
82.0 0.00484751296532
82.5 0.00493232244642
83.0 0.00495968937015
83.5 0.0049925839099
84.0 0.00499184516134
84.5 0.00492505114592
85.0 0.00506336284193
85.5 0.00505153031743
86.0 0.00507219649394
86.5 0.00507778190661
87.0 0.00509704851435
87.5 0.00513433672835
88.0 0.00514611154727
88.5 0.005170083751
89.0 0.00517373288648
89.5 0.00511737276038
90.0 0.00516332682188
90.5 0.0051167408154
91.0 0.00503500675091
91.5 0.00496900097774
92.0 0.00498999545763
92.5 0.00502439015506
93.0 0.00498202046571
93.5 0.00488184315531
94.0 0.00487910878142
94.5 0.00476722399861
95.0 0.00475688495745
95.5 0.00475312343942
96.0 0.00461995073198
96.5 0.00450893005887
97.0 0.00445366931428
97.5 0.00444261449005
98.0 0.00440259341813
98.5 0.00429243271228
99.0 0.00418894678001
99.5 0.00422280318044
100.0 0.00431115835688
100.5 0.00410894623249
101.0 0.00391911779703
101.5 0.00373871407965
102.0 0.00378303870954
102.5 0.00366613441231
103.0 0.00347920124231
103.5 0.00331087523477
104.0 0.00320703538342
104.5 0.00319133817688
105.0 0.00313396277483
105.5 0.0030579414345
106.0 0.00303512209064
106.5 0.00278861171824
107.0 0.0028846853402
107.5 0.00277197508104
108.0 0.00241540071874
108.5 0.00215752238452
109.0 0.00198634309307
109.5 0.00178845422487
110.0 0.00159614590033
110.5 0.00180739275354
111.0 0.00150154468179
111.5 0.00109348401532
112.0 0.00102719712055
112.5 0.000905493674111
113.0 0.000654124296048
113.5 0.000280834798716
114.0 0.000681389417011
114.5 0.000378514849032
115.0 6.19890603559e-06
115.5 0.000430090769228
116.0 -7.06089225417e-05
116.5 -0.00047418829962
117.0 -0.00128527786003
117.5 -0.00306790545893
118.0 -0.000940375327843
118.5 0.000669545787773
119.0 0.00379937125285
119.5 0.0120301648479
120.0 0.0127573933665
120.5 0.0110738338232
121.0 0.00613723801234
121.5 3.40506330758e-05
122.0 -0.00285701568312
122.5 -0.00347466464973
123.0 -0.00135994812054
123.5 -0.00105280035312
124.0 -0.000601024664462
124.5 -0.000258180180424
125.0 -0.000112607720098
125.5 -0.00132486976433
126.0 -0.00110439645282
126.5 -0.00112179003111
127.0 -0.000946353380172
127.5 -0.000580619200875
128.0 -0.000547288590326
128.5 -0.000504400899366
129.0 -0.000163069772768
129.5 -0.000884543487452
130.0 -0.000498749459936
130.5 -0.00014553874157
131.0 6.53386479215e-05
131.5 0.000202065928342
132.0 0.000175603667373
132.5 0.0004736803347
133.0 0.000526194430087
133.5 0.000343394166755
134.0 0.000364454662318
134.5 0.000273668696124
135.0 0.000844672703536
135.5 0.000936957060517
136.0 0.000780862466129
136.5 0.000992964024935
137.0 0.00119343795365
137.5 0.000946187035449
138.0 0.000981010192191
138.5 0.00107352094591
139.0 0.00107524841134
139.5 0.000985602548887
140.0 0.00149927033536
140.5 0.00155247375948
141.0 0.00139089972035
141.5 0.00135637767977
142.0 0.00151069986867
142.5 0.00157308984863
143.0 0.00156393640089
143.5 0.00167857739647
144.0 0.00188913842369
144.5 0.00165509363549
145.0 0.00163357959403
145.5 0.00152744315781
146.0 0.00182247221928
146.5 0.00186319683824
147.0 0.00206528732664
147.5 0.00195717608031
148.0 0.00166580169416
148.5 0.00170296281862
149.0 0.00198346416789
149.5 0.00202341892031
150.0 0.00211833458716
150.5 0.00234482577227
151.0 0.00215489423388
151.5 0.00222970177123
152.0 0.00223016216335
152.5 0.00231728448921
153.0 0.00237696991511
153.5 0.00235014690809
154.0 0.00239102196037
154.5 0.00242003655119
155.0 0.00221786584525
155.5 0.00250607459665
156.0 0.00234680655695
156.5 0.00238754806562
157.0 0.00250317845163
157.5 0.00255329410706
158.0 0.00256902198145
158.5 0.00262889604748
159.0 0.00267059703575
159.5 0.00290185419938
160.0 0.00304017163395
160.5 0.00284621262188
161.0 0.00302492097069
161.5 0.00317669375001
162.0 0.00334603179878
162.5 0.00353218721169
163.0 0.00359169410065
163.5 0.00344772071397
164.0 0.00333446883609
164.5 0.00354100006983
165.0 0.00371621188776
165.5 0.00377158197878
166.0 0.0037617791017
166.5 0.00404131567172
167.0 0.00407311747463
167.5 0.00441119176416
168.0 0.00471388313733
168.5 0.00480949636873
169.0 0.00469936015598
169.5 0.0045235846524
170.0 0.00494679837328
170.5 0.0050303000375
171.0 0.00520315895184
171.5 0.00481485893363
172.0 0.00503747634917
172.5 0.00561143435375
173.0 0.00594393270892
173.5 0.00607593658833
174.0 0.00611318416416
174.5 0.00603422174767
175.0 0.00594394862642
175.5 0.00530732708603
176.0 0.00556942357471
176.5 0.00497379023166
177.0 0.00578793589526
177.5 0.00706353882133
178.0 0.00742787882952
178.5 0.00582288841957
179.0 0.0010015349994
179.5 -0.00126026270989
180.0 -0.00187266102857
180.5 -0.00499021252209
181.0 -0.00272401794486
181.5 0.00348713325536
182.0 0.00475694946509
182.5 0.00427373416518
183.0 0.00392933533784
183.5 0.00395302199541
184.0 0.00371764415125
184.5 0.00365464169037
185.0 0.0036733105556
185.5 0.0041767624537
186.0 0.00396650483462
186.5 0.00380660872975
187.0 0.00370918984289
187.5 0.00338778981198
188.0 0.00301851032651
188.5 0.00286564698416
189.0 0.0024359758001
189.5 0.00214947871382
190.0 0.00210584018346
190.5 0.00162877135625
191.0 0.00141618250987
191.5 0.00109259372488
192.0 0.000757857650854
192.5 0.000435911597918
193.0 -0.000105695650973
193.5 -0.000581278401896
194.0 -0.00103451497723
194.5 -0.00160526601505
195.0 -0.00267919916165
195.5 -0.00387048013808
196.0 -0.00479231963349
196.5 -0.00596434070872
197.0 -0.00747255371219
197.5 -0.00864962157574
198.0 -0.0124847793813
198.5 -0.0177905993914
199.0 -0.0273121391144
199.5 -0.0447538261638
