0.0 -0.000380736570007
0.5 0.0200555196984
1.0 0.0165712472684
1.5 0.0113819166246
2.0 0.00826079234782
2.5 0.00548171688153
3.0 0.00389563207937
3.5 0.00249116288188
4.0 0.00123300872214
4.5 0.00013088913601
5.0 -0.000975556544216
5.5 -0.00185205501594
6.0 -0.00275723254336
6.5 -0.0036111391621
7.0 -0.00430512727766
7.5 -0.00514163564028
8.0 -0.00596036882958
8.5 -0.00663332137909
9.0 -0.00730999576963
9.5 -0.00815571315461
10.0 -0.00887109889782
10.5 -0.00957518876408
11.0 -0.0103258201375
11.5 -0.0110494405913
12.0 -0.0117987995282
12.5 -0.0125332400715
13.0 -0.0132760019054
13.5 -0.0140368059228
14.0 -0.0147944749755
14.5 -0.0155449055377
15.0 -0.0163070419267
15.5 -0.0170866041762
16.0 -0.0178287207525
16.5 -0.01858513867
17.0 -0.0193497027145
17.5 -0.0201236520586
18.0 -0.0209005692313
18.5 -0.0216841297876
19.0 -0.0224426460169
19.5 -0.0232136414053
20.0 -0.0239401480362
20.5 -0.0246536607918
21.0 -0.0253640591943
21.5 -0.0260387461523
22.0 -0.0267105235517
22.5 -0.0273684102453
23.0 -0.0279911476301
23.5 -0.028609192038
24.0 -0.0292116648288
24.5 -0.0297764681091
25.0 -0.0302966359474
25.5 -0.0307867248164
26.0 -0.0312300755721
26.5 -0.0316359666066
27.0 -0.0320145774711
27.5 -0.0323207324664
28.0 -0.0326081780081
28.5 -0.03287582046
29.0 -0.0331028335327
29.5 -0.0332942105526
30.0 -0.0334136713228
30.5 -0.03348915696
31.0 -0.0335281496441
31.5 -0.033518617126
32.0 -0.0334707786687
32.5 -0.0333743213319
33.0 -0.0332377060579
33.5 -0.0330715223194
34.0 -0.032888675841
34.5 -0.0326453292325
35.0 -0.0323624322528
35.5 -0.0320585283287
36.0 -0.0317092001976
36.5 -0.031320353533
37.0 -0.0309060216395
37.5 -0.0304680762582
38.0 -0.0300066589892
38.5 -0.0295173882535
39.0 -0.0290018318704
39.5 -0.0284840697468
40.0 -0.0279404617002
40.5 -0.0273968304065
41.0 -0.0268112420195
41.5 -0.0262210840691
42.0 -0.025621662893
42.5 -0.0250086245915
43.0 -0.0243877924289
43.5 -0.0237676015506
44.0 -0.0231514179179
44.5 -0.0225057622637
45.0 -0.0218688072669
45.5 -0.0212222973495
46.0 -0.0205707954008
46.5 -0.0199315456715
47.0 -0.0193085078581
47.5 -0.0186611424782
48.0 -0.0180231083686
48.5 -0.0173783915984
49.0 -0.0167426177966
49.5 -0.0161135141695
50.0 -0.0154661692117
50.5 -0.0148551845681
51.0 -0.0142525973541
51.5 -0.0136575634011
52.0 -0.0130741876696
52.5 -0.0124832418877
53.0 -0.0119363798494
53.5 -0.0113783727209
54.0 -0.0108238483176
54.5 -0.0102983515123
55.0 -0.00973713709009
55.5 -0.00920374394772
56.0 -0.00869164553517
56.5 -0.00817196681659
57.0 -0.00767910966221
57.5 -0.00718760710144
58.0 -0.00672375944114
58.5 -0.00627905991841
59.0 -0.00582572393055
59.5 -0.0053858665994
60.0 -0.00494878100968
60.5 -0.0045376494659
61.0 -0.00408743046735
61.5 -0.00368232252803
62.0 -0.00331248021827
62.5 -0.00294653061571
63.0 -0.00258931979307
63.5 -0.00225002953368
64.0 -0.00191922575749
64.5 -0.00160217525761
65.0 -0.00127228542152
65.5 -0.000955504894035
66.0 -0.000660668266182
66.5 -0.000354178225493
67.0 -5.38443431779e-05
67.5 0.000183349580885
68.0 0.000457553266923
68.5 0.000707206830601
69.0 0.000937598229633
69.5 0.00114461378939
70.0 0.00135834961325
70.5 0.00158735944463
71.0 0.00179513406202
71.5 0.00196905489181
72.0 0.00222535691928
72.5 0.00242270113814
73.0 0.0025389621446
73.5 0.00270668399105
74.0 0.00282054017714
74.5 0.00293890366978
75.0 0.00316139558664
75.5 0.00326567784803
76.0 0.00339356131544
76.5 0.00353567898031
77.0 0.00362878572973
77.5 0.0037557183773
78.0 0.00386714363702
78.5 0.00394314283122
79.0 0.00400248686884
79.5 0.00407138060857
80.0 0.00410908459123
80.5 0.00413159814157
81.0 0.00428344641201
81.5 0.00432138304762
82.0 0.00438651332313
82.5 0.00446725624867
83.0 0.00446317198009
83.5 0.00451017001603
84.0 0.00460352651638
84.5 0.00459047406204
85.0 0.00463084321781
85.5 0.00463352280939
86.0 0.00467807405117
86.5 0.00465004625552
87.0 0.00463455971785
87.5 0.00467646419887
88.0 0.00462272334584
88.5 0.0046014016971
89.0 0.004620753288
89.5 0.00454957191636
90.0 0.00463386679189
90.5 0.00457555514263
91.0 0.00457997404949
91.5 0.00458279140654
92.0 0.00453560215985
92.5 0.0044947959371
93.0 0.00444963575996
93.5 0.00440050040761
94.0 0.00442085111595
94.5 0.00434802664366
95.0 0.00422723511269
95.5 0.00414096475823
96.0 0.00418490176762
96.5 0.00416495130446
97.0 0.00400433755107
97.5 0.00386920118549
98.0 0.00381423119593
98.5 0.003766074476
99.0 0.0037455798552
99.5 0.00367200741129
100.0 0.00360759370595
100.5 0.00355257118555
101.0 0.00344512158447
101.5 0.00333162653919
102.0 0.0032962503514
102.5 0.00318414592755
103.0 0.00315970756527
103.5 0.00308385726089
104.0 0.0028333022353
104.5 0.00262848595931
105.0 0.00251766939713
105.5 0.00247296813373
106.0 0.00244147540525
106.5 0.00227667404128
107.0 0.00217216053883
107.5 0.00217634136924
108.0 0.00209879398837
108.5 0.001789245839
109.0 0.00145331773927
109.5 0.00128304713591
110.0 0.00102981421424
110.5 0.00126824038303
111.0 0.00124119868215
111.5 0.000772835787721
112.0 0.000686589680043
112.5 0.000558465891402
113.0 0.000314561054836
113.5 -0.000315839928149
114.0 -0.000484824116256
114.5 -0.000166847244003
115.0 0.000690532298506
115.5 0.000416721247745
116.0 -4.73568327664e-05
116.5 -0.000500368188369
117.0 -0.00155670217303
117.5 -0.00278227835061
118.0 -0.00195340463701
118.5 0.00128735075555
119.0 0.00384634604893
119.5 0.0119688622163
120.0 0.0136008813753
120.5 0.011216699723
121.0 0.00683366923661
121.5 0.00414671702003
122.0 -0.00111882490935
122.5 -0.00131479091031
123.0 -0.000973754793876
123.5 -0.000775451156684
124.0 -0.000135872070018
124.5 -0.000243517328968
125.0 -0.00115338861312
125.5 -0.00016640333196
126.0 0.000359875943715
126.5 -0.000505332564828
127.0 -0.000458157208271
127.5 -6.78440520119e-05
128.0 0.000113470067717
128.5 9.24196262062e-05
129.0 0.000290874918363
129.5 0.000414343213862
130.0 0.000550966676407
130.5 0.000811625438104
131.0 0.000589792770455
131.5 0.000963379447164
132.0 0.000639650767482
132.5 0.000689593762225
133.0 0.000939780058793
133.5 0.000938897061225
134.0 0.000909668689637
134.5 0.00103051295179
135.0 0.00114198174574
135.5 0.00138098983052
136.0 0.00119557603571
136.5 0.00119390913822
137.0 0.00125711757922
137.5 0.00121377714234
138.0 0.00145226490699
138.5 0.00145860415066
139.0 0.00138292654645
139.5 0.00153882751221
140.0 0.0015097845691
140.5 0.00152610967314
141.0 0.00157911156065
141.5 0.00173434203979
142.0 0.0016904622178
142.5 0.00158439796003
143.0 0.00174939161079
143.5 0.00168154116715
144.0 0.00139292383594
144.5 0.00179193567412
145.0 0.00166793627368
145.5 0.00167842494714
146.0 0.00177123548759
146.5 0.00182545822105
147.0 0.00186969380732
147.5 0.00187840977976
148.0 0.00182557492595
148.5 0.001849737439
149.0 0.00200130207455
149.5 0.00213253081386
150.0 0.00188714473517
150.5 0.00198800884964
151.0 0.00218240680153
151.5 0.00210540297052
152.0 0.00211357548123
152.5 0.00212826518228
153.0 0.00210085942863
153.5 0.00210832515608
154.0 0.00210247761573
154.5 0.00189832479811
155.0 0.00204073297866
155.5 0.00220302428416
156.0 0.00241781308888
156.5 0.00260817865524
157.0 0.0026144822065
157.5 0.00257505053915
158.0 0.0025791879013
158.5 0.00267249579538
159.0 0.00267110362152
159.5 0.00267506565857
160.0 0.00277215647932
160.5 0.00275761870663
161.0 0.00281547249209
161.5 0.00287103282472
162.0 0.0027608199476
162.5 0.00292245317749
163.0 0.00318236328577
163.5 0.00334563228513
164.0 0.00339331475374
164.5 0.00336369861407
165.0 0.00343982030543
165.5 0.00347294979591
166.0 0.00345506394215
166.5 0.0033600195066
167.0 0.00358170785765
167.5 0.00389933322737
168.0 0.00411955454002
168.5 0.00431830754852
169.0 0.00419123306455
169.5 0.00394650796831
170.0 0.00431117887755
170.5 0.00442965764944
171.0 0.00456985246058
171.5 0.00486807780781
172.0 0.00508770066106
172.5 0.00545092200788
173.0 0.00566926473816
173.5 0.00551083099073
174.0 0.0051745714006
174.5 0.00550764123128
175.0 0.00582785932185
175.5 0.00555524576656
176.0 0.00447788954584
176.5 0.00490592186367
177.0 0.00533859864956
177.5 0.0066951022801
178.0 0.00334922153367
178.5 0.00334489763993
179.0 -0.000788532339271
179.5 -0.00506572734969
180.0 -0.00394311982953
180.5 -0.0032270242567
181.0 -0.000709908886364
181.5 0.00159401008543
182.0 0.002362564194
182.5 0.0046109991026
183.0 0.0035720993527
183.5 0.00368918920557
184.0 0.00337773624348
184.5 0.00329744465219
185.0 0.00329523742346
185.5 0.00302835921413
186.0 0.00308166099414
186.5 0.00286895839656
187.0 0.00292915016426
187.5 0.00272473247962
188.0 0.00233628350591
188.5 0.00219818312966
189.0 0.00181890877369
189.5 0.00153350275396
190.0 0.00133761718371
190.5 0.000866654885755
191.0 0.000595665746459
191.5 0.00027709957925
192.0 -1.08107326753e-05
192.5 -0.000177509126857
193.0 -0.000818198649682
193.5 -0.00135225588637
194.0 -0.00178203127149
194.5 -0.00237143094029
195.0 -0.00340454106443
195.5 -0.00472258771356
196.0 -0.00564245017874
196.5 -0.00650196174355
197.0 -0.00735686944228
197.5 -0.00916520095292
198.0 -0.0133571823603
198.5 -0.0185461523827
199.0 -0.0281215285334
199.5 -0.0452431741288
