0.0 0.00746455668054
0.5 0.0272304944782
1.0 0.0415667658548
1.5 0.0364732143132
2.0 0.0327706828253
2.5 0.0297262104518
3.0 0.0279113070006
3.5 0.0263231534521
4.0 0.0249569000993
4.5 0.0233763620719
5.0 0.022252130445
5.5 0.0213811781313
6.0 0.0204354840501
6.5 0.0195909463214
7.0 0.0187635442582
7.5 0.0178969797641
8.0 0.0172609373087
8.5 0.0165727802298
9.0 0.0159139378492
9.5 0.0152435143937
10.0 0.0145578027328
10.5 0.0139580801825
11.0 0.0132354734492
11.5 0.0125691599211
12.0 0.0119423180111
12.5 0.0112876533612
13.0 0.0106392579662
13.5 0.00998324932675
14.0 0.00930654342216
14.5 0.00862732599162
15.0 0.00794404458245
15.5 0.00722398989062
16.0 0.00651345587815
16.5 0.00575311068174
17.0 0.0050096839119
17.5 0.00425329650537
18.0 0.00345587405706
18.5 0.00266640620654
19.0 0.00183174842206
19.5 0.0009837131191
20.0 0.00012314439368
20.5 -0.000765545418563
21.0 -0.00166582514994
21.5 -0.00259193554281
22.0 -0.0035511756917
22.5 -0.00452142683789
23.0 -0.00552678061719
23.5 -0.00654994549761
24.0 -0.00759787907353
24.5 -0.00868073532212
25.0 -0.00976749272547
25.5 -0.0108837164477
26.0 -0.0120242331488
26.5 -0.0131870376592
27.0 -0.0143913228507
27.5 -0.0155805173695
28.0 -0.0168049679362
28.5 -0.0180885782795
29.0 -0.0193637921328
29.5 -0.020648906015
30.0 -0.0219630727628
30.5 -0.0232963743569
31.0 -0.0246356828516
31.5 -0.0259863430443
32.0 -0.027367308148
32.5 -0.0287444727507
33.0 -0.0301378332885
33.5 -0.0315321276618
34.0 -0.0329199792725
34.5 -0.0343322512728
35.0 -0.0357450792803
35.5 -0.0371737578728
36.0 -0.0385464679536
36.5 -0.0399203085073
37.0 -0.0413072048796
37.5 -0.04265624054
38.0 -0.0439597162407
38.5 -0.0452746842006
39.0 -0.0465387732532
39.5 -0.0477917760706
40.0 -0.0490106376702
40.5 -0.0502103265924
41.0 -0.0513380785072
41.5 -0.0524230693035
42.0 -0.0534535251758
42.5 -0.0544343892384
43.0 -0.055369984735
43.5 -0.0562436160333
44.0 -0.0570529478419
44.5 -0.0577649805492
45.0 -0.0584274547122
45.5 -0.0590535503755
46.0 -0.0596003714828
46.5 -0.0600447594208
47.0 -0.0604392512126
47.5 -0.0607459209204
48.0 -0.0609782123625
48.5 -0.0611267646208
49.0 -0.0612161612113
49.5 -0.061224081078
50.0 -0.0611506128313
50.5 -0.0610191012724
51.0 -0.0608025478103
51.5 -0.0605474869747
52.0 -0.0602143945088
52.5 -0.0597991445158
53.0 -0.0593628999044
53.5 -0.0588494767313
54.0 -0.0582682997264
54.5 -0.0576585903914
55.0 -0.0569754708131
55.5 -0.0562647200119
56.0 -0.0554831654655
56.5 -0.0546930360101
57.0 -0.0538529059795
57.5 -0.0529667391937
58.0 -0.0520795577328
58.5 -0.051166868882
59.0 -0.0502145179829
59.5 -0.0492547819868
60.0 -0.0482588490072
60.5 -0.0472547980311
61.0 -0.0462549424861
61.5 -0.0452066366359
62.0 -0.0441805631432
62.5 -0.043176484687
63.0 -0.0421388444285
63.5 -0.0410932417362
64.0 -0.040069911111
64.5 -0.0390451130356
65.0 -0.0380059044414
65.5 -0.036999223099
66.0 -0.0359676378623
66.5 -0.0349664700346
67.0 -0.0340130047014
67.5 -0.0330246839131
68.0 -0.032063619439
68.5 -0.0311619228537
69.0 -0.0302394360412
69.5 -0.0293245835025
70.0 -0.0284348651118
70.5 -0.0275574164698
71.0 -0.0267012390245
71.5 -0.025806141825
72.0 -0.0249419929513
72.5 -0.0241595311701
73.0 -0.0234097556881
73.5 -0.0226013830926
74.0 -0.0218894755853
74.5 -0.0211607366989
75.0 -0.0204384092343
75.5 -0.0197835649089
76.0 -0.0190615057959
76.5 -0.0183869459336
77.0 -0.0177387769459
77.5 -0.017112618094
78.0 -0.0165462162792
78.5 -0.0159633793238
79.0 -0.0153673147713
79.5 -0.01484156132
80.0 -0.0143194196068
80.5 -0.0138378621265
81.0 -0.0133703343567
81.5 -0.0128460055542
82.0 -0.0123522230893
82.5 -0.011907766866
83.0 -0.0114695386691
83.5 -0.0110960758419
84.0 -0.0106758224452
84.5 -0.0103427988723
85.0 -0.0098866338961
85.5 -0.00958650885325
86.0 -0.00926655559419
86.5 -0.00889429878245
87.0 -0.00856988528018
87.5 -0.00823332667393
88.0 -0.00793073175002
88.5 -0.00765301234992
89.0 -0.0073565507022
89.5 -0.00721538864478
90.0 -0.00691227552375
90.5 -0.00663579335004
91.0 -0.00641757522374
91.5 -0.00620188376145
92.0 -0.00599981642212
92.5 -0.00578583641365
93.0 -0.00561791212092
93.5 -0.00546034036643
94.0 -0.00512951113489
94.5 -0.00496626464211
95.0 -0.00486644311083
95.5 -0.00478846829958
96.0 -0.00472064091983
96.5 -0.00461348620346
97.0 -0.00460900280099
97.5 -0.00445312955332
98.0 -0.00423574633903
98.5 -0.00416991918372
99.0 -0.00411303351192
99.5 -0.00406109667857
100.0 -0.0038165610117
100.5 -0.00373767240164
101.0 -0.00379688673897
101.5 -0.00384315673325
102.0 -0.00391650101442
102.5 -0.00381024232708
103.0 -0.00363807864506
103.5 -0.00371831007669
104.0 -0.00377211425943
104.5 -0.00369638319695
105.0 -0.00380746193872
105.5 -0.00389438923451
106.0 -0.00376115182721
106.5 -0.00398795264118
107.0 -0.00404133070451
107.5 -0.00416018594297
108.0 -0.00427165934489
108.5 -0.00439464180209
109.0 -0.00463631453429
109.5 -0.00463958602806
110.0 -0.00484369790127
110.5 -0.0046603742669
111.0 -0.00486151806378
111.5 -0.00534682919974
112.0 -0.005288134674
112.5 -0.00515958209886
113.0 -0.00553116328074
113.5 -0.00637023707448
114.0 -0.00601084361222
114.5 -0.00553745442684
115.0 -0.0058874326739
115.5 -0.00591269721508
116.0 -0.00601906375772
116.5 -0.00566945676307
117.0 -0.00516914220167
117.5 -0.00549478213611
118.0 -0.00440329205735
118.5 -0.00355708702951
119.0 -0.00373480503104
119.5 0.00288096596579
120.0 0.00689681629078
120.5 0.00955992913218
121.0 0.00774828961077
121.5 -0.00055792170204
122.0 -0.00532535402216
122.5 -0.00632992572207
123.0 -0.00637180166478
123.5 -0.00552840601938
124.0 -0.00527247088193
124.5 -0.00499468387957
125.0 -0.00550082658356
125.5 -0.00476182125841
126.0 -0.00463679456674
126.5 -0.00541606230223
127.0 -0.00550525909637
127.5 -0.00496331603836
128.0 -0.00430104297158
128.5 -0.00428695448864
129.0 -0.00444555708528
129.5 -0.00371841112528
130.0 -0.00336068508754
130.5 -0.00384573832087
131.0 -0.00361209335196
131.5 -0.00312131717621
132.0 -0.00295107254796
132.5 -0.00269846219393
133.0 -0.00236238257612
133.5 -0.00231504836935
134.0 -0.00247580322288
134.5 -0.0023335977364
135.0 -0.00218613238226
135.5 -0.00189327155129
136.0 -0.00166414448278
136.5 -0.00134502622775
137.0 -0.00150703688571
137.5 -0.00169978030037
138.0 -0.00139561470401
138.5 -0.00125736326841
139.0 -0.00127035555792
139.5 -0.0010738571958
140.0 -0.00112760546855
140.5 -0.00104241600705
141.0 -0.000840059060483
141.5 -0.000696904126666
142.0 -0.000433024740648
142.5 -0.000242782647328
143.0 -0.000184862401637
143.5 -0.000249485159872
144.0 -0.000164366326159
144.5 8.98827377576e-05
145.0 0.000209310190151
145.5 0.000426515176991
146.0 0.000251699413067
146.5 0.000254334926925
147.0 0.000348117702689
147.5 0.000508816508165
148.0 0.000743742743005
148.5 0.000867730075604
149.0 0.000766636781977
149.5 0.000827192194074
150.0 0.000874233673956
150.5 0.000880558241201
151.0 0.00100565119428
151.5 0.00125725883231
152.0 0.00123630561118
152.5 0.0011760671867
153.0 0.00117879786569
153.5 0.0012247037944
154.0 0.00135182758846
154.5 0.00148373330068
155.0 0.00157384494464
155.5 0.00167954838511
156.0 0.00185784211929
156.5 0.00203116300176
157.0 0.00203654254848
157.5 0.00200319668454
158.0 0.00201059782338
158.5 0.00205788492412
159.0 0.00205596565136
159.5 0.0022642358342
160.0 0.0024340088903
160.5 0.00219648716617
161.0 0.00248355699946
161.5 0.00266486134878
162.0 0.00253639031897
162.5 0.00267472928257
163.0 0.00293713399387
163.5 0.00310384723651
164.0 0.00316659675916
164.5 0.00311399768959
165.0 0.00299580624233
165.5 0.00327634386791
166.0 0.00344371040178
166.5 0.00364433714715
167.0 0.00364577290358
167.5 0.00377656125393
168.0 0.00401292990115
168.5 0.00417763951604
169.0 0.00416545756309
169.5 0.00428028177043
170.0 0.00444224219203
170.5 0.00401297006194
171.0 0.00452954701639
171.5 0.00497579315221
172.0 0.00522590062727
172.5 0.00504700041886
173.0 0.00511939097805
173.5 0.00541264162477
174.0 0.00557768485533
174.5 0.00558277963006
175.0 0.0056192824841
175.5 0.00521610772503
176.0 0.00550948608486
176.5 0.00610292613116
177.0 0.00689519278893
177.5 0.00871707952686
178.0 0.0070889846412
178.5 0.00516498744402
179.0 0.00174467158425
179.5 -0.000458801899953
180.0 -0.000130983514168
180.5 -0.00383159835691
181.0 -0.00500265064537
181.5 -0.00135325023901
182.0 0.000140495479258
182.5 0.00139795577796
183.0 0.00139536991017
183.5 0.00204855352447
184.0 0.0018712347007
184.5 0.00165651383514
185.0 0.00152109399687
185.5 0.00194346317761
186.0 0.00173532404844
186.5 0.00159420822787
187.0 0.0013669947549
187.5 0.00102096828947
188.0 0.00084764954029
188.5 0.000864864338695
189.0 0.000415469877339
189.5 0.000132291518383
190.0 -8.93469577363e-05
190.5 -0.000598452478073
191.0 -0.000860297116702
191.5 -0.00120048084449
192.0 -0.00169390261301
192.5 -0.0020433184804
193.0 -0.00264917285972
193.5 -0.00317385234996
194.0 -0.00394717893693
194.5 -0.00488987054463
195.0 -0.00576379972414
195.5 -0.0075699598421
196.0 -0.0090418963275
196.5 -0.0106545998085
197.0 -0.012884174105
197.5 -0.0151776196986
198.0 -0.0206626176909
198.5 -0.0282853271067
199.0 -0.0436507029986
199.5 -0.0695608534754
