0.0 0.0102365982485
0.5 0.0291792965231
1.0 0.0430280741471
1.5 0.0384993179637
2.0 0.0355714324322
2.5 0.0335935159895
3.0 0.0325199734563
3.5 0.0314851182562
4.0 0.0306483802626
4.5 0.0295835679952
5.0 0.0290016106269
5.5 0.0285685881662
6.0 0.0281121136639
6.5 0.0277139336284
7.0 0.0274144683277
7.5 0.0270434168167
8.0 0.0267726857353
8.5 0.0265009373703
9.0 0.0262564890848
9.5 0.0259637696792
10.0 0.0256518682347
10.5 0.0254274859039
11.0 0.0250734146842
11.5 0.0247509498646
12.0 0.0244947667329
12.5 0.0241758830508
13.0 0.0238379622354
13.5 0.0235059357977
14.0 0.0231289209369
14.5 0.0227618972387
15.0 0.0223085459335
15.5 0.0218642129379
16.0 0.0214074291002
16.5 0.0209427992314
17.0 0.0204285941096
17.5 0.0198683309956
18.0 0.0193028192488
18.5 0.0186974066335
19.0 0.0180875089443
19.5 0.0174173284159
20.0 0.0167422010503
20.5 0.0160320143761
21.0 0.0153104016524
21.5 0.0145450692732
22.0 0.0137449602917
22.5 0.0129509599863
23.0 0.0120883249077
23.5 0.0112254845837
24.0 0.0103374920764
24.5 0.00941546238719
25.0 0.00847718622488
25.5 0.00751942231729
26.0 0.00655216492979
26.5 0.00556242097915
27.0 0.00453624324898
27.5 0.00352027590314
28.0 0.0024697489504
28.5 0.00139920771003
29.0 0.00032397324391
29.5 -0.00077319212224
30.0 -0.0018675336314
30.5 -0.00298239199057
31.0 -0.00411436929715
31.5 -0.00523611424535
32.0 -0.00635972093173
32.5 -0.00749382578693
33.0 -0.0086355331164
33.5 -0.00979779928225
34.0 -0.0109321615933
34.5 -0.0120913647145
35.0 -0.0132426691232
35.5 -0.0143898560397
36.0 -0.0155179743618
36.5 -0.016648026049
37.0 -0.0177754665204
37.5 -0.0189053080158
38.0 -0.0200338892049
38.5 -0.0211326576325
39.0 -0.0222420687016
39.5 -0.0233605182281
40.0 -0.0244385152562
40.5 -0.0255022261609
41.0 -0.0265357354057
41.5 -0.0275600237405
42.0 -0.0285612371209
42.5 -0.029548510354
43.0 -0.0305289082987
43.5 -0.0314861681402
44.0 -0.0324265567439
44.5 -0.033336494761
45.0 -0.0341898709381
45.5 -0.0350354941833
46.0 -0.0358699324002
46.5 -0.0366646959102
47.0 -0.0374443914762
47.5 -0.0381690645768
48.0 -0.0388542263228
48.5 -0.0394905413722
49.0 -0.0401292398767
49.5 -0.0407316902995
50.0 -0.0412567088963
50.5 -0.0417392667693
51.0 -0.0421790605543
51.5 -0.0426099819406
52.0 -0.0429807142266
52.5 -0.0432840425256
53.0 -0.0435622130872
53.5 -0.0437685965458
54.0 -0.043948739115
54.5 -0.0440893217295
55.0 -0.0441234611478
55.5 -0.0441177814834
56.0 -0.0440761643542
56.5 -0.0439844644384
57.0 -0.0438599599612
57.5 -0.0436842124261
58.0 -0.0434583346885
58.5 -0.0431796128194
59.0 -0.0428301377227
59.5 -0.0424676868848
60.0 -0.0420426074009
60.5 -0.0415813904066
61.0 -0.0410779350072
61.5 -0.0405002875762
62.0 -0.039917140784
62.5 -0.0393216516272
63.0 -0.0387097737568
63.5 -0.0380410235098
64.0 -0.0373323390869
64.5 -0.0366316121609
65.0 -0.0358928004973
65.5 -0.0351206205599
66.0 -0.0343452018425
66.5 -0.033539307528
67.0 -0.0327646013554
67.5 -0.0319620709317
68.0 -0.0311640291574
68.5 -0.0303845433159
69.0 -0.0295809349032
69.5 -0.0287934091832
70.0 -0.0280129239796
70.5 -0.0271601096459
71.0 -0.0263709812144
71.5 -0.0256040184165
72.0 -0.0248497765365
72.5 -0.0240766733197
73.0 -0.023346261858
73.5 -0.0226383323817
74.0 -0.0219243946509
74.5 -0.0212374071585
75.0 -0.0204987105102
75.5 -0.0198454951238
76.0 -0.019181059075
76.5 -0.0185473895848
77.0 -0.0179009712552
77.5 -0.0172758402045
78.0 -0.0167100269619
78.5 -0.0161379064729
79.0 -0.0156080213196
79.5 -0.0150864990417
80.0 -0.0145685681746
80.5 -0.0140783761369
81.0 -0.01357147672
81.5 -0.0131174922787
82.0 -0.0126575975922
82.5 -0.0121802327482
83.0 -0.0117516644221
83.5 -0.0113625015818
84.0 -0.0110025374134
84.5 -0.0106770171088
85.0 -0.010237805799
85.5 -0.0099075791537
86.0 -0.00953518213216
86.5 -0.00923617286842
87.0 -0.00895363581251
87.5 -0.00864065413657
88.0 -0.00835782817437
88.5 -0.00808308007127
89.0 -0.00785598592159
89.5 -0.0075188742295
90.0 -0.00726477402826
90.5 -0.00707644225899
91.0 -0.00684345536372
91.5 -0.00660214602004
92.0 -0.00644727496125
92.5 -0.00630148467914
93.0 -0.00622129261774
93.5 -0.00614949683374
94.0 -0.00582797008022
94.5 -0.00550935382866
95.0 -0.00548656902302
95.5 -0.00532719312705
96.0 -0.00529517749167
96.5 -0.00511649994444
97.0 -0.00503532093745
97.5 -0.00492717425113
98.0 -0.00475198361068
98.5 -0.004641714324
99.0 -0.0045886637019
99.5 -0.00459337886027
100.0 -0.00460240092922
100.5 -0.00441842425273
101.0 -0.00442902880032
101.5 -0.00432532766275
102.0 -0.00431419678184
102.5 -0.00438126261349
103.0 -0.00425657685978
103.5 -0.00418234932
104.0 -0.00433977016002
104.5 -0.00423585529217
105.0 -0.00393635335665
105.5 -0.00409017569974
106.0 -0.00414384981226
106.5 -0.00423040942358
107.0 -0.00425699141615
107.5 -0.0042968263107
108.0 -0.00422888673435
108.5 -0.00417099850522
109.0 -0.00442867122776
109.5 -0.00460125149083
110.0 -0.0044439385943
110.5 -0.00466642928579
111.0 -0.00470193848698
111.5 -0.00503103379991
112.0 -0.0051827235587
112.5 -0.00543587120313
113.0 -0.00561640815556
113.5 -0.00573887916811
114.0 -0.00538132913485
114.5 -0.00534610965821
115.0 -0.00532625064797
115.5 -0.00493077686741
116.0 -0.00486576292992
116.5 -0.00518340030241
117.0 -0.00446288753216
117.5 -0.0049278925763
118.0 -0.00376827346598
118.5 -0.00222473779073
119.0 -0.000160973665785
119.5 0.00746471789324
120.0 0.00902349077735
120.5 0.00723216808541
121.0 0.00156248068569
121.5 -0.00291832381629
122.0 -0.0077241885535
122.5 -0.00759980932561
123.0 -0.00688959559841
123.5 -0.00675139456253
124.0 -0.00683849669379
124.5 -0.00693908673199
125.0 -0.00649191980267
125.5 -0.00631585446335
126.0 -0.00553961296293
126.5 -0.00556354196523
127.0 -0.0054180293578
127.5 -0.00532219576402
128.0 -0.00508488352253
128.5 -0.0047765859626
129.0 -0.0047009103758
129.5 -0.00461803810808
130.0 -0.00406120930997
130.5 -0.00374772726024
131.0 -0.00358341747337
131.5 -0.00388566351395
132.0 -0.00385991537574
132.5 -0.00365159087787
133.0 -0.00329446688303
133.5 -0.00302382380262
134.0 -0.00301376243263
134.5 -0.00293352170423
135.0 -0.00282964350072
135.5 -0.00277081147051
136.0 -0.00255365563286
136.5 -0.00236683087165
137.0 -0.00216133389084
137.5 -0.0021285463214
138.0 -0.00218275569507
138.5 -0.00235210039387
139.0 -0.00207913843908
139.5 -0.00196750706725
140.0 -0.00202686698609
140.5 -0.00188609137143
141.0 -0.0017040100456
141.5 -0.00161709379785
142.0 -0.00141400645079
142.5 -0.00131916428156
143.0 -0.0010916371721
143.5 -0.00101534074918
144.0 -0.00117339225482
144.5 -0.000980499829105
145.0 -0.000930049683447
145.5 -0.00087359104215
146.0 -0.000823928696414
146.5 -0.0008061828198
147.0 -0.000788016983261
147.5 -0.000717851663042
148.0 -0.000593682209122
148.5 -0.000419359695647
149.0 -0.000264530948034
149.5 -0.000170481665317
150.0 -0.000358032001878
150.5 -0.000270974673337
151.0 -0.000131915776723
151.5 -3.51118156576e-05
152.0 4.7783482958e-05
152.5 0.00011026314947
153.0 0.000212193376491
153.5 0.0003496101964
154.0 0.000416187490979
154.5 0.000292982705066
155.0 0.000406379999495
155.5 0.000644723657647
156.0 0.000573320718004
156.5 0.000550380506972
157.0 0.000559226147793
157.5 0.000460562693458
158.0 0.000481872675504
158.5 0.000711592098465
159.0 0.000821759959273
159.5 0.000891114579993
160.0 0.00101561445565
160.5 0.00117082305308
161.0 0.0012763600264
161.5 0.00127835176013
162.0 0.00131463700425
162.5 0.00137231213686
163.0 0.0014322175256
163.5 0.00136683604089
164.0 0.00128778173995
164.5 0.00152010750279
165.0 0.001767998346
165.5 0.0019164377632
166.0 0.00188386212753
166.5 0.00200055648441
167.0 0.00206359371353
167.5 0.00205129695993
168.0 0.00224437793419
168.5 0.00253914091922
169.0 0.00264907523664
169.5 0.00272342152138
170.0 0.00279677638576
170.5 0.00289348000751
171.0 0.00254009854257
171.5 0.00317805753809
172.0 0.00344554958794
172.5 0.00387759232349
173.0 0.00369471566309
173.5 0.00362513559168
174.0 0.0040563844705
174.5 0.0040799454208
175.0 0.00405998398271
175.5 0.00351405366034
176.0 0.00342136530763
176.5 0.00316526169354
177.0 0.00332638386932
177.5 0.00284508162117
178.0 0.00178646438846
178.5 -9.70212292373e-05
179.0 -0.00331896054837
179.5 -0.00521002954291
180.0 -0.00341710226814
180.5 -0.00199313814059
181.0 0.00104240682556
181.5 0.00131195518568
182.0 0.000523565295481
182.5 0.00107230023183
183.0 0.00104207948955
183.5 0.00162071073269
184.0 0.00157888268696
184.5 0.00144789343096
185.0 0.00130536298872
185.5 0.000878829935829
186.0 0.00156228169601
186.5 0.00128810160126
187.0 0.00100746184089
187.5 0.000735052381685
188.0 0.000444314703273
188.5 0.000306310679747
189.0 -0.000117505742125
189.5 -0.000462361618915
190.0 -0.000714954883108
190.5 -0.00122117726426
191.0 -0.0015011765397
191.5 -0.0019185983499
192.0 -0.00241910096678
192.5 -0.00280313226683
193.0 -0.00341705018285
193.5 -0.00383181794126
194.0 -0.00458932592545
194.5 -0.00553157145471
195.0 -0.00682945531113
195.5 -0.00847706319459
196.0 -0.0097845178087
196.5 -0.0115261381084
197.0 -0.0137270643619
197.5 -0.0154675313972
198.0 -0.021597679493
198.5 -0.0286082429912
199.0 -0.0446360336015
199.5 -0.066731680005
