0.0 0.0047822982785
0.5 0.0324701084938
1.0 0.0425544970754
1.5 0.0358624406086
2.0 0.0316073371005
2.5 0.0281244302795
3.0 0.0259766590174
3.5 0.0241101066572
4.0 0.0224774047709
4.5 0.0210982695869
5.0 0.0197016411617
5.5 0.0185665748343
6.0 0.0174827738332
6.5 0.0165038826386
7.0 0.0156457254146
7.5 0.0147215571637
8.0 0.0138362669713
8.5 0.0131006565363
9.0 0.0123563730304
9.5 0.0115978195087
10.0 0.0108359383208
10.5 0.0101132768812
11.0 0.00936162883547
11.5 0.0086055027876
12.0 0.0078970737536
12.5 0.00716266102423
13.0 0.00640446935291
13.5 0.0055829953234
14.0 0.00483396064918
14.5 0.00406458418342
15.0 0.00327999141199
15.5 0.00247389012867
16.0 0.00163353779063
16.5 0.00079911608062
17.0 -4.38109185055e-05
17.5 -0.000916135360029
18.0 -0.00182841955241
18.5 -0.00274715676034
19.0 -0.0036719316053
19.5 -0.00463397806503
20.0 -0.0055972404545
20.5 -0.0065999549932
21.0 -0.00761636630541
21.5 -0.00866203835835
22.0 -0.00972950783763
22.5 -0.0108059552302
23.0 -0.0119260392551
23.5 -0.0130804923403
24.0 -0.0142411406594
24.5 -0.0154367179418
25.0 -0.0166332404336
25.5 -0.0178656197792
26.0 -0.0191232117949
26.5 -0.0203754659901
27.0 -0.0216591438705
27.5 -0.0229639729628
28.0 -0.0242987714725
28.5 -0.0256726655445
29.0 -0.0270338439801
29.5 -0.0284052531662
30.0 -0.0297737564132
30.5 -0.0311535743038
31.0 -0.0325533372074
31.5 -0.0339580603572
32.0 -0.035376376462
32.5 -0.0367928705289
33.0 -0.0382068197856
33.5 -0.0395887823111
34.0 -0.0409823197091
34.5 -0.0423838876286
35.0 -0.0437358965271
35.5 -0.0450616685835
36.0 -0.0463662034842
36.5 -0.0476520200353
37.0 -0.0489166307655
37.5 -0.0501459080455
38.0 -0.0513212201221
38.5 -0.0524676512655
39.0 -0.0535547285477
39.5 -0.0546222705815
40.0 -0.0556164688878
40.5 -0.0565376777963
41.0 -0.0573954188414
41.5 -0.0582139635406
42.0 -0.058973827747
42.5 -0.0596578276979
43.0 -0.0602657194463
43.5 -0.0608084922643
44.0 -0.0612873466317
44.5 -0.0616967797776
45.0 -0.061978961682
45.5 -0.0622061132878
46.0 -0.0623768817047
46.5 -0.0624648522983
47.0 -0.0624895854567
47.5 -0.0624186769397
48.0 -0.0622851949939
48.5 -0.062076369194
49.0 -0.0618191076626
49.5 -0.06150270155
50.0 -0.061053696408
50.5 -0.0605819534636
51.0 -0.0600619411033
51.5 -0.059454516257
52.0 -0.0588136574041
52.5 -0.0581086844629
53.0 -0.057384945784
53.5 -0.0565957905091
54.0 -0.0557549017684
54.5 -0.0548892085779
55.0 -0.0539487617012
55.5 -0.0529884889665
56.0 -0.0520133511402
56.5 -0.0510254017661
57.0 -0.0500036756382
57.5 -0.048953978584
58.0 -0.0479218622076
58.5 -0.0468595734504
59.0 -0.0457685100541
59.5 -0.0447007097866
60.0 -0.0436101093477
60.5 -0.042484934779
61.0 -0.0414052711482
61.5 -0.0402885816927
62.0 -0.0391962453369
62.5 -0.0381266839084
63.0 -0.0370688938106
63.5 -0.0360091150459
64.0 -0.0349395896319
64.5 -0.0338949610424
65.0 -0.0328537727725
65.5 -0.0318302539018
66.0 -0.0308106797955
66.5 -0.0298242651358
67.0 -0.0288460017093
67.5 -0.0279089326462
68.0 -0.0269649282432
68.5 -0.0260461406616
69.0 -0.0251591203591
69.5 -0.0242943893896
70.0 -0.0234405467651
70.5 -0.0225956248548
71.0 -0.0217770872325
71.5 -0.0209950638473
72.0 -0.0201836062986
72.5 -0.0194187999538
73.0 -0.018723798315
73.5 -0.0179984768435
74.0 -0.0173153356289
74.5 -0.0166588563803
75.0 -0.0160110974054
75.5 -0.015398660908
76.0 -0.0147074148577
76.5 -0.0140972710191
77.0 -0.0135359278949
77.5 -0.0129734197982
78.0 -0.0124123036665
78.5 -0.0119151991257
79.0 -0.0114513047879
79.5 -0.0110112813672
80.0 -0.0104700582088
80.5 -0.010043917338
81.0 -0.00958721374303
81.5 -0.00918355191056
82.0 -0.00873689132192
82.5 -0.00833708424912
83.0 -0.00795478930101
83.5 -0.00761269188705
84.0 -0.00729775785455
84.5 -0.00699131360538
85.0 -0.00658577870588
85.5 -0.00633438045291
86.0 -0.00608730084228
86.5 -0.0057992680032
87.0 -0.00550906990839
87.5 -0.00520306788841
88.0 -0.00494616089302
88.5 -0.0047546662827
89.0 -0.00458928326152
89.5 -0.0042444753523
90.0 -0.00408240295821
90.5 -0.00388877913638
91.0 -0.00375065446597
91.5 -0.0035450163359
92.0 -0.0033630225191
92.5 -0.00326939347328
93.0 -0.0031609111984
93.5 -0.00292638941465
94.0 -0.0027216822757
94.5 -0.00254931743395
95.0 -0.00253488864054
95.5 -0.00252141414163
96.0 -0.0024478959199
96.5 -0.00241661151691
97.0 -0.00229032115889
97.5 -0.00211701306893
98.0 -0.00203080332525
98.5 -0.00204172295794
99.0 -0.00201852141791
99.5 -0.00191842943392
100.0 -0.00185829130333
100.5 -0.0018117468863
101.0 -0.00180349039887
101.5 -0.00181203860545
102.0 -0.00185201526502
102.5 -0.00198963103661
103.0 -0.00197213934742
103.5 -0.00191155864515
104.0 -0.00195647471107
104.5 -0.00195936272819
105.0 -0.00207359941792
105.5 -0.00183838133118
106.0 -0.0018635601983
106.5 -0.00244744266062
107.0 -0.00230962077892
107.5 -0.00238239293917
108.0 -0.00266242343878
108.5 -0.00269145071101
109.0 -0.0028042064612
109.5 -0.00286914815383
110.0 -0.00283881531291
110.5 -0.00305030964118
111.0 -0.00324665015926
111.5 -0.00382899414229
112.0 -0.003964667253
112.5 -0.00407006218078
113.0 -0.00411233309804
113.5 -0.00420794482419
114.0 -0.00404458743252
114.5 -0.00466891749311
115.0 -0.00432678928695
115.5 -0.00423102194407
116.0 -0.00492400820542
116.5 -0.00460457011739
117.0 -0.0044185414492
117.5 -0.0058643741948
118.0 -0.00519785719931
118.5 -0.00381787829538
119.0 -0.00214295115381
119.5 0.00490010748527
120.0 0.0071351658199
120.5 0.00724808171319
121.0 0.00671589400966
121.5 -0.00057672776083
122.0 -0.00414672986459
122.5 -0.00451015843791
123.0 -0.00427564841098
123.5 -0.00336127884771
124.0 -0.00320108652964
124.5 -0.00314891186527
125.0 -0.00329941814478
125.5 -0.00279749522258
126.0 -0.00356994455109
126.5 -0.00395930326953
127.0 -0.00359125050826
127.5 -0.00333171493004
128.0 -0.0031484500183
128.5 -0.00294536590122
129.0 -0.0027717332534
129.5 -0.00270734998654
130.0 -0.00174982333352
130.5 -0.00163498576713
131.0 -0.00232585986272
131.5 -0.0019485710848
132.0 -0.00174989136025
132.5 -0.00171464696298
133.0 -0.00133392511732
133.5 -0.000912016782777
134.0 -0.00101401099923
134.5 -0.00130040856835
135.0 -0.00106937152013
135.5 -0.000842340874726
136.0 -0.00077219521296
136.5 -0.000682781890472
137.0 -0.000386317625868
137.5 -0.00039669521658
138.0 -0.000197475575668
138.5 -0.000145693995741
139.0 -0.000330957503976
139.5 -0.000142881092721
140.0 -8.30529351497e-05
140.5 -9.59385887001e-06
141.0 0.000140590208147
141.5 0.000122864768048
142.0 0.000255504962563
142.5 0.000283628556279
143.0 0.000384957174695
143.5 0.000467350928799
144.0 0.000464816912812
144.5 0.000479213972483
145.0 0.000469630311796
145.5 0.000435387440198
146.0 0.000813353050774
146.5 0.00076938475586
147.0 0.00083294732043
147.5 0.000919963665279
148.0 0.00100217925853
148.5 0.00108298935302
149.0 0.00109320315267
149.5 0.00119631167896
150.0 0.00137655790404
150.5 0.00157828788292
151.0 0.00141280071164
151.5 0.00149169482079
152.0 0.00168774256145
152.5 0.00163690832385
153.0 0.00162847912778
153.5 0.00177205044447
154.0 0.00194156035027
154.5 0.00211067722566
155.0 0.0020219180342
155.5 0.00200976482161
156.0 0.00206389690418
156.5 0.0020283242785
157.0 0.00196034352345
157.5 0.00204510922034
158.0 0.00215714225993
158.5 0.00230650860366
159.0 0.00238507061389
159.5 0.00244071277434
160.0 0.00258009555181
160.5 0.00270013109805
161.0 0.00284685626585
161.5 0.00286536287703
162.0 0.00283695685544
162.5 0.00290506541894
163.0 0.00286021455977
163.5 0.00286117957267
164.0 0.00301273247735
164.5 0.00309144230612
165.0 0.00328464393037
165.5 0.00344979260975
166.0 0.00345651917896
166.5 0.00327324547877
167.0 0.00338035488237
167.5 0.00372713198975
168.0 0.00403247372908
168.5 0.00425350005867
169.0 0.00408825385775
169.5 0.00382825993031
170.0 0.00417728584414
170.5 0.00428550560727
171.0 0.00448272866623
171.5 0.00484036182023
172.0 0.00512489445404
172.5 0.00493049638933
173.0 0.00508982255542
173.5 0.00552170356015
174.0 0.00538523436782
174.5 0.00466359899556
175.0 0.00486503087843
175.5 0.00429230288458
176.0 0.00434816037455
176.5 0.00479471927929
177.0 0.00494188519957
177.5 0.00700408928869
178.0 0.00529565900032
178.5 0.00288977536179
179.0 -0.00130932374653
179.5 -0.00102320438191
180.0 0.00042286534719
180.5 -0.00190263484909
181.0 -0.00213442408814
181.5 -0.00101056659697
182.0 0.00121131558808
182.5 0.00221536886582
183.0 0.00270719644281
183.5 0.00288758717406
184.0 0.00246554253252
184.5 0.00234235126776
185.0 0.00297772138104
185.5 0.00246451333929
186.0 0.00245841930293
186.5 0.00231902547966
187.0 0.00205873310234
187.5 0.00188938655215
188.0 0.00166617374835
188.5 0.00133552906715
189.0 0.00109926130251
189.5 0.00073344215258
190.0 0.00041173925203
190.5 0.000112774141527
191.0 -0.000123303594762
191.5 -0.000516717486917
192.0 -0.000972833635856
192.5 -0.00134238593145
193.0 -0.00195192886852
193.5 -0.00260971184214
194.0 -0.00336780519582
194.5 -0.00420615568034
195.0 -0.00521474987211
195.5 -0.00686925702992
196.0 -0.00827198306611
196.5 -0.0100624931863
197.0 -0.012481227184
197.5 -0.0149259565184
198.0 -0.0201872618609
198.5 -0.0276277654112
199.0 -0.0426838059184
199.5 -0.0670278498437
