0.0 0.00227118063169
0.5 0.0255459867461
1.0 0.0253464749244
1.5 0.0187749437957
2.0 0.0154437607057
2.5 0.0124556310383
3.0 0.0106135330955
3.5 0.00888932988891
4.0 0.00685229019463
4.5 0.00545502235736
5.0 0.00449029400212
5.5 0.00349228641687
6.0 0.00232699355896
6.5 0.00124627063286
7.0 0.000295954202407
7.5 -0.000706811589781
8.0 -0.0016235953475
8.5 -0.00255188899998
9.0 -0.00357178363495
9.5 -0.00443036497648
10.0 -0.00535314143186
10.5 -0.00623044785131
11.0 -0.00715184070525
11.5 -0.00808729556032
12.0 -0.00896912729186
12.5 -0.00991898755666
13.0 -0.0108995625456
13.5 -0.0118200312785
14.0 -0.0127754080334
14.5 -0.013799511981
15.0 -0.0147554899294
15.5 -0.0157637615911
16.0 -0.0167751679193
16.5 -0.0177715895448
17.0 -0.0188202269992
17.5 -0.0199047432257
18.0 -0.0209628204726
18.5 -0.022060740544
19.0 -0.0231505727965
19.5 -0.0242609563878
20.0 -0.0253736917696
20.5 -0.0265091281662
21.0 -0.0276497919148
21.5 -0.0288050575698
22.0 -0.0299737212812
22.5 -0.031109703089
23.0 -0.0322925684559
23.5 -0.0334482409059
24.0 -0.0346114046264
24.5 -0.0357868986729
25.0 -0.0369463353105
25.5 -0.0380939892398
26.0 -0.0392226649851
26.5 -0.0403420953219
27.0 -0.0414619568653
27.5 -0.0425471582953
28.0 -0.043607806474
28.5 -0.0446572369987
29.0 -0.0456683021281
29.5 -0.0466711765587
30.0 -0.0476165986081
30.5 -0.0485329359316
31.0 -0.0493957184868
31.5 -0.0501976648267
32.0 -0.0509711424969
32.5 -0.0516984201463
33.0 -0.0523772392667
33.5 -0.0529772122458
34.0 -0.053551933129
34.5 -0.0540377757531
35.0 -0.0544633820011
35.5 -0.0548242137809
36.0 -0.0551140433913
36.5 -0.0553318218812
37.0 -0.0554765278358
37.5 -0.0555582422527
38.0 -0.0555766453229
38.5 -0.0555036066815
39.0 -0.055377864733
39.5 -0.0552039285958
40.0 -0.0549189920792
40.5 -0.0545748981732
41.0 -0.0541701533091
41.5 -0.0537124428965
42.0 -0.053174499662
42.5 -0.0525671264561
43.0 -0.0519120834023
43.5 -0.0512082012901
44.0 -0.0504615853606
44.5 -0.049659090647
45.0 -0.0487994415112
45.5 -0.0479214744596
46.0 -0.0470039091265
46.5 -0.0460389693845
47.0 -0.0450523767065
47.5 -0.044040322434
48.0 -0.0430285193819
48.5 -0.0419700221007
49.0 -0.0408900256962
49.5 -0.0398193448911
50.0 -0.0386823574749
50.5 -0.0375707262891
51.0 -0.0364520805922
51.5 -0.0353504266978
52.0 -0.0342379309365
52.5 -0.033111191368
53.0 -0.0320257483732
53.5 -0.0309291841792
54.0 -0.0298294182932
54.5 -0.0287640792483
55.0 -0.0276922136641
55.5 -0.0266483149161
56.0 -0.025585469028
56.5 -0.0245537346844
57.0 -0.0235533740446
57.5 -0.022559198715
58.0 -0.0216017694003
58.5 -0.0206528093679
59.0 -0.0197128717064
59.5 -0.0188174793085
60.0 -0.0179268170323
60.5 -0.0170393763936
61.0 -0.0162030402733
61.5 -0.0153488153384
62.0 -0.0145404135849
62.5 -0.0137617226689
63.0 -0.0130102289974
63.5 -0.0122797035546
64.0 -0.0115584666556
64.5 -0.0108399090742
65.0 -0.0101618868378
65.5 -0.00950376954887
66.0 -0.00886823800554
66.5 -0.00825357443563
67.0 -0.00765211268002
67.5 -0.00706674551534
68.0 -0.0065142382238
68.5 -0.00599181561527
69.0 -0.0054346037307
69.5 -0.00495474332132
70.0 -0.00447715778383
70.5 -0.00399163340089
71.0 -0.00353571838419
71.5 -0.00311317110461
72.0 -0.00266576904258
72.5 -0.00228011921434
73.0 -0.00190927217569
73.5 -0.00152241042452
74.0 -0.00117978662405
74.5 -0.000841560078856
75.0 -0.000519790069188
75.5 -0.000217852828921
76.0 8.43594135471e-05
76.5 0.00036150125829
77.0 0.000639287648482
77.5 0.000942625437323
78.0 0.00118845380944
78.5 0.00143548068596
79.0 0.00163672876333
79.5 0.00183233805626
80.0 0.00205184841489
80.5 0.00222120265642
81.0 0.00237630772054
81.5 0.00259294238696
82.0 0.00279618103763
82.5 0.00294480248411
83.0 0.00305735425885
83.5 0.00318295686705
84.0 0.00337456734147
84.5 0.00342533659583
85.0 0.00353743782342
85.5 0.00360919975283
86.0 0.00371672189666
86.5 0.00377918448826
87.0 0.00382007935784
87.5 0.00395274066248
88.0 0.00404634511927
88.5 0.00411589108544
89.0 0.00417951288037
89.5 0.00417644291513
90.0 0.00427673551281
90.5 0.0042856622375
91.0 0.00427350902298
91.5 0.00422416414049
92.0 0.00427715418846
92.5 0.00435306711769
93.0 0.00429903462352
93.5 0.00424373623917
94.0 0.00441223632684
94.5 0.00440036389269
95.0 0.00432652871743
95.5 0.00430124511855
96.0 0.00421988365708
96.5 0.0042217855729
97.0 0.00416387666708
97.5 0.00409600730272
98.0 0.00404785826769
98.5 0.00397958880262
99.0 0.00390796014034
99.5 0.00392399535184
100.0 0.00399985718466
100.5 0.0039578551084
101.0 0.003801970159
101.5 0.00365912393512
102.0 0.00365706615957
102.5 0.00357113644076
103.0 0.00341457939019
103.5 0.00321048521737
104.0 0.00309035668928
104.5 0.00306644967768
105.0 0.00300483848967
105.5 0.00290334102511
106.0 0.0030368747922
106.5 0.00272385465917
107.0 0.00252478494757
107.5 0.00237146699125
108.0 0.00217437024161
108.5 0.00192492302924
109.0 0.00166699059749
109.5 0.00148247228839
110.0 0.00127250661403
110.5 0.00152179893737
111.0 0.00118128470682
111.5 0.000605674272727
112.0 0.000298181532472
112.5 0.000422851266286
113.0 0.000373758463283
113.5 -0.000316577812683
114.0 -0.000527680405199
114.5 -0.000851111261838
115.0 -0.000961811170342
115.5 -0.000925520935311
116.0 -0.00144435906294
116.5 -0.00132993215118
117.0 -0.00160018234753
117.5 -0.00314285026919
118.0 -0.00126121916254
118.5 0.00256849979846
119.0 0.00547801207539
119.5 0.0129911327341
120.0 0.0129721836551
120.5 0.00918634137876
121.0 0.00615032801824
121.5 0.00469143471433
122.0 -0.000165949361019
122.5 -0.0012787815747
123.0 -0.00136572234979
123.5 -0.000678323860541
124.0 -0.000396393324863
124.5 -0.000261454316103
125.0 -0.000506951700586
125.5 -0.000678463340165
126.0 -0.000905315718398
126.5 -0.000551776641757
127.0 -0.000145549180743
127.5 -0.000662798581942
128.0 -0.000856070433784
128.5 -0.000432802963779
129.0 3.91068010401e-05
129.5 0.000302416320856
130.0 0.000672516538899
130.5 0.000617308696043
131.0 0.000652614477602
131.5 0.000468695356432
132.0 0.000488404595806
132.5 0.000637711646533
133.0 0.000866516389983
133.5 0.00105996803065
134.0 0.00120784638795
134.5 0.00135939695608
135.0 0.00143969711292
135.5 0.00175860107085
136.0 0.00136229338306
136.5 0.00141684555684
137.0 0.00163902941496
137.5 0.00170733645441
138.0 0.00174123050737
138.5 0.00156284898236
139.0 0.00167427780658
139.5 0.00180378845464
140.0 0.00208839992514
140.5 0.00180969401707
141.0 0.00200478288111
141.5 0.00205410323766
142.0 0.00203047347601
142.5 0.00198628196429
143.0 0.00211428924174
143.5 0.0021084839531
144.0 0.00198330050043
144.5 0.00214120818573
145.0 0.00227078716955
145.5 0.00227116748351
146.0 0.00228675182302
146.5 0.00226057909152
147.0 0.00230314386559
147.5 0.00225950686953
148.0 0.00228140437144
148.5 0.00240347702606
149.0 0.00245451336017
149.5 0.00254711179739
150.0 0.0026419250235
150.5 0.00258495749794
151.0 0.00257047605462
151.5 0.00273390683822
152.0 0.00261812422352
152.5 0.00255806168248
153.0 0.00265911391289
153.5 0.0028237150097
154.0 0.00291426653698
154.5 0.00274186695825
155.0 0.00265185809663
155.5 0.00258513471149
156.0 0.00276141882037
156.5 0.00294003488679
157.0 0.00317448193888
157.5 0.00319529601295
158.0 0.00313332509246
158.5 0.00319332859904
159.0 0.00317871386141
159.5 0.00311522586356
160.0 0.00307417547847
160.5 0.00329654842292
161.0 0.00339975464359
161.5 0.00349368022014
162.0 0.00360992898838
162.5 0.00373762108484
163.0 0.00389407101464
163.5 0.00401769022651
164.0 0.00403578353242
164.5 0.00395457557876
165.0 0.00385106620774
165.5 0.00413698202195
166.0 0.0041546792545
166.5 0.00433705224961
167.0 0.00427196766488
167.5 0.00444998574422
168.0 0.00460231723532
168.5 0.00473876378406
169.0 0.0046411112343
169.5 0.00443472550319
170.0 0.00488162204246
170.5 0.00494648148992
171.0 0.00506417545537
171.5 0.00518257744584
172.0 0.00523278059549
172.5 0.00548211004626
173.0 0.00574704924931
173.5 0.00564034389697
174.0 0.00528346501825
174.5 0.00555190622789
175.0 0.00572053433687
175.5 0.00509412438264
176.0 0.00506107397455
176.5 0.00552216882797
177.0 0.00644777149054
177.5 0.00692710153973
178.0 0.00590815368226
178.5 0.00462088597291
179.0 0.00256243901269
179.5 6.18754707347e-05
180.0 -0.000407560055919
180.5 -0.000656177466155
181.0 0.002417842032
181.5 0.00359841408444
182.0 0.00360410215113
182.5 0.00423007118761
183.0 0.00363238895494
183.5 0.00406323112733
184.0 0.00391024000541
184.5 0.00384656454524
185.0 0.00382190204064
185.5 0.00343037791461
186.0 0.00318726712524
186.5 0.0035492160814
187.0 0.00338050850783
187.5 0.00303093632932
188.0 0.00264883657323
188.5 0.00241878145317
189.0 0.00220339997304
189.5 0.0018402819514
190.0 0.00150046564838
190.5 0.0010127159953
191.0 0.000728148910198
191.5 0.000340024590102
192.0 -0.00017409881012
192.5 -0.000601974442773
193.0 -0.00124639272931
193.5 -0.00176142677294
194.0 -0.00242666642342
194.5 -0.00329711246044
195.0 -0.00448797671203
195.5 -0.00614511492469
196.0 -0.00754805835518
196.5 -0.00929372726029
197.0 -0.0116301912688
197.5 -0.0140475728966
198.0 -0.0193841589773
198.5 -0.0267136220525
199.0 -0.0417825029381
199.5 -0.0681461575195
