0.0 0.00985313359362
0.5 0.0378631048392
1.0 0.0506418885609
1.5 0.0443690616476
2.0 0.0405608992896
2.5 0.0375801081673
3.0 0.0356875637609
3.5 0.0338144273105
4.0 0.0327261707194
4.5 0.0317053652049
5.0 0.0307361674957
5.5 0.0299795984992
6.0 0.029249673788
6.5 0.0286448396333
7.0 0.0280478834612
7.5 0.0274483132273
8.0 0.0270707885732
8.5 0.0266509562516
9.0 0.026255524659
9.5 0.0258474991382
10.0 0.0254335152725
10.5 0.025070165764
11.0 0.0246919544138
11.5 0.0243123205535
12.0 0.0239432210611
12.5 0.0235643888999
13.0 0.0231829683541
13.5 0.0227822031288
14.0 0.0223808177646
14.5 0.0219875584803
15.0 0.0215821016351
15.5 0.0211462279355
16.0 0.0206618147071
16.5 0.0202116181319
17.0 0.0197448949684
17.5 0.0192373458833
18.0 0.0187361345531
18.5 0.01819698245
19.0 0.0176581233177
19.5 0.0170935808202
20.0 0.0164903260289
20.5 0.0158763450442
21.0 0.0152539465509
21.5 0.0146123800943
22.0 0.0139396748433
22.5 0.0132395893975
23.0 0.0125281663087
23.5 0.0117746550844
24.0 0.0109974735538
24.5 0.0102086994753
25.0 0.00939915442369
25.5 0.00855934292394
26.0 0.00770758316473
26.5 0.00683445001538
27.0 0.00592417966207
27.5 0.00499171942829
28.0 0.00405344486213
28.5 0.00307160994382
29.0 0.00205916449771
29.5 0.00104065481917
30.0 1.69222549662e-06
30.5 -0.00107153385066
31.0 -0.00215519932841
31.5 -0.00324993560603
32.0 -0.00437816635501
32.5 -0.00551324063363
33.0 -0.00667572263682
33.5 -0.00785480190823
34.0 -0.00904809626435
34.5 -0.0102885159846
35.0 -0.0115071181562
35.5 -0.0127488203218
36.0 -0.0139998434737
36.5 -0.0152553430208
37.0 -0.016527366309
37.5 -0.0178285591752
38.0 -0.0191344073165
38.5 -0.020405066922
39.0 -0.0217117559454
39.5 -0.0230421000685
40.0 -0.0243478167008
40.5 -0.0256485617084
41.0 -0.026942827482
41.5 -0.0282518608019
42.0 -0.0295346616756
42.5 -0.0308080243229
43.0 -0.032079977742
43.5 -0.0333146984232
44.0 -0.0345481440383
44.5 -0.0357647947687
45.0 -0.0369595474626
45.5 -0.0381499657982
46.0 -0.0393155817833
46.5 -0.0404354338196
47.0 -0.0415224332386
47.5 -0.042540367573
48.0 -0.0435411303024
48.5 -0.0445290623956
49.0 -0.0454793550567
49.5 -0.046355757996
50.0 -0.0471500476889
50.5 -0.0479213632361
51.0 -0.048634126475
51.5 -0.0492942414389
52.0 -0.0498955646416
52.5 -0.0504397620762
53.0 -0.05094917079
53.5 -0.0513650138814
54.0 -0.0517019396938
54.5 -0.0520052926341
55.0 -0.0522229105386
55.5 -0.0523875070908
56.0 -0.0524578950088
56.5 -0.0524660767475
57.0 -0.0524318667076
57.5 -0.0523352307658
58.0 -0.0521857530946
58.5 -0.0519622843682
59.0 -0.0516697253603
59.5 -0.051343310031
60.0 -0.0509453218012
60.5 -0.0504441920385
61.0 -0.0499481533066
61.5 -0.0493660729529
62.0 -0.0487645425785
62.5 -0.0481544916112
63.0 -0.0474885330597
63.5 -0.0467856111088
64.0 -0.0460384059355
64.5 -0.045290996443
65.0 -0.0444866586971
65.5 -0.0436712316031
66.0 -0.0428032313589
66.5 -0.0419488159884
67.0 -0.041076420299
67.5 -0.0402213838362
68.0 -0.0393384021167
68.5 -0.0384660911918
69.0 -0.0376041331886
69.5 -0.036689068209
70.0 -0.0358123876123
70.5 -0.0349272004332
71.0 -0.0340612752628
71.5 -0.0331739340831
72.0 -0.0322812100483
72.5 -0.0314411905016
73.0 -0.0306308650881
73.5 -0.0298136259851
74.0 -0.0290135354941
74.5 -0.0282240790827
75.0 -0.0274504762966
75.5 -0.0266313999773
76.0 -0.0258852012168
76.5 -0.0251556650536
77.0 -0.0244120229233
77.5 -0.0236972719513
78.0 -0.0230364875651
78.5 -0.022386928963
79.0 -0.0216890956558
79.5 -0.0210639773494
80.0 -0.0204610031841
80.5 -0.0199056501764
81.0 -0.0192504617411
81.5 -0.0186938849955
82.0 -0.0181442998815
82.5 -0.017624761268
83.0 -0.0171065782528
83.5 -0.0166249573706
84.0 -0.0160858960826
84.5 -0.0156331341964
85.0 -0.0151376948888
85.5 -0.0147167287364
86.0 -0.0142917905279
86.5 -0.0139437533621
87.0 -0.0135135569835
87.5 -0.0130394656914
88.0 -0.0127155448379
88.5 -0.0123781391344
89.0 -0.0120647313295
89.5 -0.0117384467216
90.0 -0.0114717975352
90.5 -0.011107008718
91.0 -0.0107553489526
91.5 -0.0105608819718
92.0 -0.0103500954117
92.5 -0.010017263454
93.0 -0.00972071224134
93.5 -0.0095123476081
94.0 -0.00921360055526
94.5 -0.00906081832833
95.0 -0.00873951844424
95.5 -0.0085811708383
96.0 -0.00843260574901
96.5 -0.00828115763051
97.0 -0.00823158557643
97.5 -0.00807799993583
98.0 -0.00784994255999
98.5 -0.00770897960504
99.0 -0.00761198356293
99.5 -0.00751144001482
100.0 -0.00720657970458
100.5 -0.00713705784156
101.0 -0.00705805310162
101.5 -0.00695874157922
102.0 -0.00690126721425
102.5 -0.00682673327203
103.0 -0.00671070848163
103.5 -0.00673518877083
104.0 -0.00679253554833
104.5 -0.00676220133991
105.0 -0.0064848849665
105.5 -0.00636879833789
106.0 -0.00655799073457
106.5 -0.00660470811727
107.0 -0.00652522796638
107.5 -0.00653511068907
108.0 -0.00652059545993
108.5 -0.00649322126709
109.0 -0.00672949831645
109.5 -0.00693499733114
110.0 -0.00701770390182
110.5 -0.00679175239526
111.0 -0.00662941983592
111.5 -0.00695749302266
112.0 -0.00726535181108
112.5 -0.0074733284809
113.0 -0.00743330539993
113.5 -0.00744485680865
114.0 -0.00720246845253
114.5 -0.00781402626322
115.0 -0.00681225023514
115.5 -0.00757869153094
116.0 -0.00807543135201
116.5 -0.00780922136438
117.0 -0.00730693546575
117.5 -0.00879722276564
118.0 -0.00760215240321
118.5 -0.00508097028873
119.0 -0.00231428661492
119.5 0.0061581044972
120.0 0.00571181262441
120.5 0.00132285735923
121.0 -0.00220764601426
121.5 -0.00756161591245
122.0 -0.00697740598272
122.5 -0.00932451284345
123.0 -0.00751061991839
123.5 -0.00648350851205
124.0 -0.00606116392285
124.5 -0.00579131177955
125.0 -0.00615398724189
125.5 -0.00604367668276
126.0 -0.00616872728988
126.5 -0.00688501785852
127.0 -0.00651350713339
127.5 -0.00619879291723
128.0 -0.00625962894003
128.5 -0.00606626703948
129.0 -0.0053515845192
129.5 -0.00488453205753
130.0 -0.00525644543767
130.5 -0.00502446339968
131.0 -0.00510596618096
131.5 -0.00452187216485
132.0 -0.00414651405782
132.5 -0.00433671360967
133.0 -0.00420793544884
133.5 -0.00391227304061
134.0 -0.00371028054989
134.5 -0.00330082833639
135.0 -0.00380440229262
135.5 -0.00357937589449
136.0 -0.0032995287624
136.5 -0.00322299523672
137.0 -0.00305217948243
137.5 -0.0029638810102
138.0 -0.00268200645312
138.5 -0.00260169993943
139.0 -0.00256600159284
139.5 -0.00238594926439
140.0 -0.00208800716905
140.5 -0.00266667022665
141.0 -0.00228593441902
141.5 -0.00212493642702
142.0 -0.0019024375349
142.5 -0.00182542903648
143.0 -0.00167917822437
143.5 -0.00157165920625
144.0 -0.00144113625971
144.5 -0.00114970059738
145.0 -0.0013254081335
145.5 -0.00122790157203
146.0 -0.00117136404555
146.5 -0.00116212241403
147.0 -0.001098645201
147.5 -0.000965210265166
148.0 -0.000834884114521
148.5 -0.00069109234246
149.0 -0.000580538381808
149.5 -0.000507877381152
150.0 -0.000399002092532
150.5 -0.000276526754664
151.0 -6.73450401684e-05
151.5 -0.000127094082543
152.0 -0.000114219613854
152.5 -8.77210715604e-05
153.0 -3.83509622512e-05
153.5 -2.61653333311e-06
154.0 5.67352724801e-06
154.5 2.09858928777e-05
155.0 0.000140984437568
155.5 0.000270558157597
156.0 0.000443111011801
156.5 0.000637555706998
157.0 0.000648456976528
157.5 0.000545769624576
158.0 0.000608569510707
158.5 0.000883101783796
159.0 0.000970424619162
159.5 0.000925938323221
160.0 0.00101769172167
160.5 0.00101513516069
161.0 0.00109563793535
161.5 0.00117856286577
162.0 0.00128378447795
162.5 0.00138973409085
163.0 0.00148665143674
163.5 0.00156778532122
164.0 0.00160215734012
164.5 0.00160791528222
165.0 0.00158064889328
165.5 0.00182362275306
166.0 0.00197118148196
166.5 0.00230277320134
167.0 0.00227525316092
167.5 0.00251815507807
168.0 0.00253626464154
168.5 0.00254917798324
169.0 0.00283226179615
169.5 0.00299557390915
170.0 0.00311940117593
170.5 0.00315955677195
171.0 0.00326542309242
171.5 0.00354477922117
172.0 0.0037380937009
172.5 0.00364465397787
173.0 0.00383290651699
173.5 0.00430957918491
174.0 0.00455912863691
174.5 0.00454609016411
175.0 0.00460336815682
175.5 0.00436029394558
176.0 0.00352754756119
176.5 0.00427105553223
177.0 0.00432020412306
177.5 0.00558723034388
178.0 0.00234424197544
178.5 0.00278742898143
179.0 -0.00066553382905
179.5 -0.00373128534724
180.0 -0.00339793794326
180.5 -0.00441405183646
181.0 -0.00252579263596
181.5 -0.000126971668763
182.0 0.00092093817284
182.5 0.00180083955802
183.0 0.00100356201648
183.5 0.00105104151902
184.0 0.000792690759781
184.5 0.000750960991851
185.0 0.000825069484279
185.5 0.000634050785777
186.0 0.000760926183503
186.5 0.000668539152315
187.0 0.000382984568319
187.5 0.00041723682385
188.0 0.000250873031376
188.5 5.7808136944e-08
189.0 -0.000356775568974
189.5 -0.000701908720998
190.0 -0.000864779352625
190.5 -0.00133568717916
191.0 -0.00167003980046
191.5 -0.00211721497935
192.0 -0.0025976847393
192.5 -0.00295618660536
193.0 -0.00355002662427
193.5 -0.00410890469965
194.0 -0.00492309032968
194.5 -0.00581300704444
195.0 -0.00663012067645
195.5 -0.00828561993386
196.0 -0.00925792934021
196.5 -0.0117504136217
197.0 -0.0141823908709
197.5 -0.0165857769487
198.0 -0.0218444129437
198.5 -0.0288816014014
199.0 -0.0441295748731
199.5 -0.0688458272411
