0.0 0.00946902884736
0.5 0.036769770312
1.0 0.0479350160838
1.5 0.0420431353382
2.0 0.0386352452646
2.5 0.0359100451771
3.0 0.0343625873274
3.5 0.0330291205602
4.0 0.0316122221753
4.5 0.0309269923408
5.0 0.0301615669743
5.5 0.0296038043684
6.0 0.0290530423952
6.5 0.028427125212
7.0 0.0280268622867
7.5 0.0276649286495
8.0 0.0273532831893
8.5 0.0270386666899
9.0 0.0267491162908
9.5 0.0264469879247
10.0 0.026139503705
10.5 0.0258527448632
11.0 0.0255431224614
11.5 0.0252216851932
12.0 0.0249364223606
12.5 0.0246102246202
13.0 0.0242710286228
13.5 0.0239155655047
14.0 0.0235673987356
14.5 0.0232260363217
15.0 0.0227723194547
15.5 0.0223460370665
16.0 0.0219375875883
16.5 0.0214989015204
17.0 0.0210313666473
17.5 0.0205162519454
18.0 0.019978708774
18.5 0.0194404743519
19.0 0.0188825914556
19.5 0.0182804674984
20.0 0.0176505121477
20.5 0.0170016640488
21.0 0.0163283517354
21.5 0.0156455154027
22.0 0.0149271426764
22.5 0.0141771587295
23.0 0.0134123742047
23.5 0.012606049962
24.0 0.0117725185482
24.5 0.0108994618802
25.0 0.0100357346393
25.5 0.00914530321817
26.0 0.00822603053015
26.5 0.00729122127454
27.0 0.0063211513722
27.5 0.00532784829289
28.0 0.00434170750457
28.5 0.00331774139639
29.0 0.00227288686427
29.5 0.00120592415229
30.0 0.00013999329022
30.5 -0.000945989653168
31.0 -0.00205636610499
31.5 -0.00317106244094
32.0 -0.00429808122724
32.5 -0.00543202800102
33.0 -0.00658511573154
33.5 -0.00776251897241
34.0 -0.0089200302437
34.5 -0.0101055412058
35.0 -0.0113002948878
35.5 -0.0124788673437
36.0 -0.0136687455499
36.5 -0.0148522987274
37.0 -0.0160395012684
37.5 -0.0172256210847
38.0 -0.0183907944945
38.5 -0.0195638439781
39.0 -0.0207470297074
39.5 -0.0219422196461
40.0 -0.0231214082866
40.5 -0.0242823603993
41.0 -0.0254121471992
41.5 -0.0265615426442
42.0 -0.0276822278887
42.5 -0.0287846440648
43.0 -0.0298874683985
43.5 -0.0309633321923
44.0 -0.0320334962836
44.5 -0.0330623616564
45.0 -0.0340800415492
45.5 -0.0350603251985
46.0 -0.0360101325276
46.5 -0.0369431854223
47.0 -0.037839259634
47.5 -0.0386908861148
48.0 -0.0395349508374
48.5 -0.0403253999267
49.0 -0.0410732937913
49.5 -0.0417818289572
50.0 -0.042415144557
50.5 -0.0430686469329
51.0 -0.0436431056381
51.5 -0.0441937453932
52.0 -0.0446840496473
52.5 -0.0451014594272
53.0 -0.0454967255395
53.5 -0.0458407268456
54.0 -0.0461148884668
54.5 -0.0463252679126
55.0 -0.0464735293814
55.5 -0.0465482981316
56.0 -0.0465967170891
56.5 -0.0465896569774
57.0 -0.0465375273264
57.5 -0.0464147793954
58.0 -0.0462568345612
58.5 -0.0460404912018
59.0 -0.0457590427454
59.5 -0.0454486507609
60.0 -0.0450706096054
60.5 -0.044619641843
61.0 -0.0441510830063
61.5 -0.0436275456936
62.0 -0.043075925621
62.5 -0.0424691241548
63.0 -0.0418721736963
63.5 -0.0412163550441
64.0 -0.0405192624831
64.5 -0.039821276879
65.0 -0.0390973572354
65.5 -0.0383198570801
66.0 -0.0375190471919
66.5 -0.0367260567468
67.0 -0.0359240574612
67.5 -0.0351221662679
68.0 -0.0342910492639
68.5 -0.0334522732561
69.0 -0.0326653237007
69.5 -0.0318490057376
70.0 -0.0310198873842
70.5 -0.0302042401565
71.0 -0.0293948465944
71.5 -0.0285713038001
72.0 -0.0277680592146
72.5 -0.026948223227
73.0 -0.0261816294505
73.5 -0.0254205074909
74.0 -0.0246998367848
74.5 -0.023962848523
75.0 -0.0232180115122
75.5 -0.0225138104229
76.0 -0.0218265463137
76.5 -0.0211521571613
77.0 -0.0204706617948
77.5 -0.0198329755413
78.0 -0.0192349207341
78.5 -0.0185612888597
79.0 -0.0180174640929
79.5 -0.0174802449695
80.0 -0.0169153692172
80.5 -0.016419126874
81.0 -0.01582447494
81.5 -0.0153118596537
82.0 -0.0148027190298
82.5 -0.0143187680328
83.0 -0.0138768186924
83.5 -0.0134004693404
84.0 -0.0129701204944
84.5 -0.0126123447107
85.0 -0.0121815636267
85.5 -0.011815289237
86.0 -0.0114265257138
86.5 -0.0110864841793
87.0 -0.010754930515
87.5 -0.010396902277
88.0 -0.0101096802728
88.5 -0.00982392512633
89.0 -0.00958448306089
89.5 -0.00922000709569
90.0 -0.0089465411073
90.5 -0.0087940693008
91.0 -0.00860355648969
91.5 -0.00828425266397
92.0 -0.00804532167842
92.5 -0.00781629261705
93.0 -0.00764676822768
93.5 -0.00751405960099
94.0 -0.00722300057416
94.5 -0.00704311884019
95.0 -0.00690331565212
95.5 -0.00676395384495
96.0 -0.00665640137311
96.5 -0.00646574311711
97.0 -0.00639903928003
97.5 -0.0062629108353
98.0 -0.00608425751486
98.5 -0.00594351977084
99.0 -0.00572334286479
99.5 -0.00563220770779
100.0 -0.00560536232109
100.5 -0.00567472807753
101.0 -0.00557164527823
101.5 -0.00545086407938
102.0 -0.00542573323155
102.5 -0.0055053141247
103.0 -0.00552241849697
103.5 -0.00550335335711
104.0 -0.00541820999577
104.5 -0.0055230312058
105.0 -0.00537099225589
105.5 -0.00546678683865
106.0 -0.00550654150307
106.5 -0.00543008964405
107.0 -0.00532065125127
107.5 -0.00542596849609
108.0 -0.00559375851741
108.5 -0.00569215858943
109.0 -0.00584905435349
109.5 -0.00577354748899
110.0 -0.00557611667838
110.5 -0.00573523875075
111.0 -0.00585857696448
111.5 -0.00628683142353
112.0 -0.00636573337725
112.5 -0.00647914250784
113.0 -0.00660429225174
113.5 -0.00693969840967
114.0 -0.00688362212958
114.5 -0.0069895725901
115.0 -0.00694356657611
115.5 -0.00721702141948
116.0 -0.00738103330454
116.5 -0.00688518637963
117.0 -0.00753098763529
117.5 -0.0087020564073
118.0 -0.00838114091677
118.5 -0.00617736501219
119.0 -0.00396095505657
119.5 0.00580774566895
120.0 0.00862460864468
120.5 0.00631644745697
121.0 0.00290046467281
121.5 -0.00180118157978
122.0 -0.00440206645872
122.5 -0.00564174466797
123.0 -0.00543128416945
123.5 -0.00546344912567
124.0 -0.00488815473891
124.5 -0.00496887044216
125.0 -0.00538588177368
125.5 -0.00422958425509
126.0 -0.00534034913984
126.5 -0.00523540866027
127.0 -0.00465134349209
127.5 -0.00476235720423
128.0 -0.00486387687675
128.5 -0.00476002261057
129.0 -0.00452901127834
129.5 -0.0040152413659
130.0 -0.00365622384227
130.5 -0.00377044531432
131.0 -0.00372128233458
131.5 -0.00355619439535
132.0 -0.00334834743939
132.5 -0.00317846868302
133.0 -0.00305991554573
133.5 -0.00300683863399
134.0 -0.00290362747666
134.5 -0.00280865497957
135.0 -0.00280472633809
135.5 -0.0024865660777
136.0 -0.00238761636557
136.5 -0.00232744748012
137.0 -0.00218931070681
137.5 -0.00223085712694
138.0 -0.00208340904898
138.5 -0.00194125707149
139.0 -0.00178514464567
139.5 -0.0020211745726
140.0 -0.00197486599603
140.5 -0.0018420253052
141.0 -0.00165030111884
141.5 -0.00154619177514
142.0 -0.00152664056715
142.5 -0.00151217098083
143.0 -0.00136126781163
143.5 -0.00123797765153
144.0 -0.00107307343268
144.5 -0.000878549340529
145.0 -0.00110039230922
145.5 -0.000991448328317
146.0 -0.000828876633001
146.5 -0.000651116059374
147.0 -0.000734003226281
147.5 -0.000779259027399
148.0 -0.000661388705323
148.5 -0.000426859309234
149.0 -0.000320739889056
149.5 -0.00042956057631
150.0 -0.000372539308701
150.5 -0.000351250760114
151.0 -0.000365108071059
151.5 -0.000277023650584
152.0 -0.000124501531763
152.5 4.74035340172e-05
153.0 0.000104280932826
153.5 5.65372265608e-05
154.0 5.40807268656e-05
154.5 5.78033643546e-05
155.0 1.43369673467e-06
155.5 9.60409966471e-05
156.0 0.000259829830949
156.5 0.000377972134203
157.0 0.000563982801069
157.5 0.0005550713331
158.0 0.000403108257039
158.5 0.000481786087686
159.0 0.000678627912105
159.5 0.000751657455737
160.0 0.000753966239515
160.5 0.000688050013615
161.0 0.000583568953871
161.5 0.000811757199308
162.0 0.000985416839271
162.5 0.00119631098523
163.0 0.00113782726662
163.5 0.00110351972425
164.0 0.00130691104359
164.5 0.00133873119226
165.0 0.00118557824371
165.5 0.00137985627022
166.0 0.00137760359799
166.5 0.00166655670789
167.0 0.00176674842053
167.5 0.00176971111359
168.0 0.00189506071045
168.5 0.00216121392729
169.0 0.00229471168777
169.5 0.00237095084023
170.0 0.00245658157507
170.5 0.00254495495355
171.0 0.00207331108351
171.5 0.00248950465431
172.0 0.00264363949364
172.5 0.00289845647994
173.0 0.00302642602139
173.5 0.00311111356812
174.0 0.00316664969543
174.5 0.00308465707617
175.0 0.00305433918348
175.5 0.00255831690492
176.0 0.0025405690767
176.5 0.00229740768509
177.0 0.00228786200704
177.5 0.00438043117701
178.0 0.00182247946566
178.5 0.00278027658838
179.0 -0.000903448976501
179.5 -0.00314217201377
180.0 -0.00473088029246
180.5 -0.00732469032639
181.0 -0.00378695895691
181.5 -0.00118442450574
182.0 0.00043205704965
182.5 0.00165751780385
183.0 0.00157397398999
183.5 0.00225134675867
184.0 0.00185838129268
184.5 0.00173942145378
185.0 0.00174635224845
185.5 0.00152124600908
186.0 0.00148566023628
186.5 0.00111143856434
187.0 0.00129735308705
187.5 0.00104491168777
188.0 0.000534638789517
188.5 0.000362283391453
189.0 0.000172567801258
189.5 -0.000254493935643
190.0 -0.000553243320127
190.5 -0.00110564162657
191.0 -0.00133767008001
191.5 -0.00175562735538
192.0 -0.00226685665542
192.5 -0.00267946067495
193.0 -0.00334119859116
193.5 -0.0038899103121
194.0 -0.00464809505509
194.5 -0.00546923992995
195.0 -0.00620609946559
195.5 -0.00849180478556
196.0 -0.00984010018468
196.5 -0.0115071421077
197.0 -0.0131502378705
197.5 -0.0161516003241
198.0 -0.0219955957462
198.5 -0.0281634113117
199.0 -0.0440684819526
199.5 -0.0652810365463
