0.0 0.00587098052744
0.5 0.0239755920654
1.0 0.0351122355917
1.5 0.0300945118938
2.0 0.0264390293652
2.5 0.0232415247457
3.0 0.0211243081263
3.5 0.0197551895226
4.0 0.0183163962381
4.5 0.0166276888817
5.0 0.0154813318161
5.5 0.0144701363368
6.0 0.0134338144718
6.5 0.0123303829355
7.0 0.0114197935921
7.5 0.0105834435337
8.0 0.0097783915052
8.5 0.00895300105448
9.0 0.00802120371422
9.5 0.00726777204712
10.0 0.00646349486498
10.5 0.00566831611279
11.0 0.00483898568198
11.5 0.00404640296228
12.0 0.00322431173154
12.5 0.00240921883502
13.0 0.00158551441617
13.5 0.000735631617736
14.0 -0.00011705171057
14.5 -0.000960564119344
15.0 -0.00189461857501
15.5 -0.00280837202228
16.0 -0.00370733910442
16.5 -0.00464791603104
17.0 -0.00558878477335
17.5 -0.00656599361917
18.0 -0.00757419455651
18.5 -0.0086096429776
19.0 -0.00964125535802
19.5 -0.0107214582125
20.0 -0.0118090099448
20.5 -0.0129186575828
21.0 -0.0140341618284
21.5 -0.0151919546914
22.0 -0.0163797779009
22.5 -0.0175533584037
23.0 -0.018781840511
23.5 -0.0200386521454
24.0 -0.0213257177486
24.5 -0.0226266486509
25.0 -0.0239172394352
25.5 -0.0252472934606
26.0 -0.0265875488523
26.5 -0.0279472788728
27.0 -0.0293399042927
27.5 -0.0307039632874
28.0 -0.0320898700426
28.5 -0.0335234234214
29.0 -0.0349294209999
29.5 -0.0363693863933
30.0 -0.0377723762866
30.5 -0.0391798135826
31.0 -0.0405938658471
31.5 -0.0419779060507
32.0 -0.0433470500256
32.5 -0.0447215114737
33.0 -0.0460852913269
33.5 -0.0474033792067
34.0 -0.04872677663
34.5 -0.0500015599909
35.0 -0.0512395076957
35.5 -0.0524465977802
36.0 -0.0535905557267
36.5 -0.0546855522524
37.0 -0.0557376187643
37.5 -0.0567458872519
38.0 -0.0577006329126
38.5 -0.0585916447439
39.0 -0.0594158670314
39.5 -0.0601925705876
40.0 -0.0608953988005
40.5 -0.0615213471886
41.0 -0.0620468829055
41.5 -0.0625152990966
42.0 -0.0629112655028
42.5 -0.0632363375342
43.0 -0.0634801995112
43.5 -0.0636225425582
44.0 -0.0637185213699
44.5 -0.0637420849821
45.0 -0.0636418330994
45.5 -0.0634997152764
46.0 -0.0632788934489
46.5 -0.0629711046822
47.0 -0.0626093177986
47.5 -0.0621585306721
48.0 -0.0616483176746
48.5 -0.0610670681172
49.0 -0.0604332219678
49.5 -0.0597506815648
50.0 -0.0589691274587
50.5 -0.058158583843
51.0 -0.057300446835
51.5 -0.0564144675181
52.0 -0.0554695466942
52.5 -0.0544675677805
53.0 -0.0534615171458
53.5 -0.0524248573114
54.0 -0.0513567434349
54.5 -0.0502552786805
55.0 -0.0491197506812
55.5 -0.0479754449103
56.0 -0.0468198174781
56.5 -0.0456489623992
57.0 -0.0444877304337
57.5 -0.0433227346782
58.0 -0.0421569387989
58.5 -0.0409920982457
59.0 -0.0398135030121
59.5 -0.0386351745957
60.0 -0.0374524911556
60.5 -0.0362797841054
61.0 -0.0351281943442
61.5 -0.0339896519263
62.0 -0.0328923039278
62.5 -0.0317799406207
63.0 -0.0306886976244
63.5 -0.0296191213678
64.0 -0.0285892482095
64.5 -0.0275692170661
65.0 -0.0265418567095
65.5 -0.0255243580045
66.0 -0.0245521091801
66.5 -0.0236092896733
67.0 -0.0226895846576
67.5 -0.0217974534238
68.0 -0.0209262496106
68.5 -0.0200925963968
69.0 -0.0192331268077
69.5 -0.0184452715209
70.0 -0.0176578131613
70.5 -0.0168636940408
71.0 -0.0161029185233
71.5 -0.0153749459821
72.0 -0.0146768267212
72.5 -0.0139802710149
73.0 -0.0133269897656
73.5 -0.0127358338912
74.0 -0.0121079993895
74.5 -0.0115498190863
75.0 -0.0109708997667
75.5 -0.0104002251373
76.0 -0.00987624155723
76.5 -0.00933198014281
77.0 -0.00880684521041
77.5 -0.00833303264845
78.0 -0.00790165297668
78.5 -0.00746094068636
79.0 -0.0070535716466
79.5 -0.00665236184113
80.0 -0.00619205524241
80.5 -0.00586848942577
81.0 -0.00552200820604
81.5 -0.00513619526205
82.0 -0.00476424525959
82.5 -0.00439541509837
83.0 -0.00405813689041
83.5 -0.00379742034191
84.0 -0.00356350105028
84.5 -0.00332250497237
85.0 -0.00303209201605
85.5 -0.00278013504955
86.0 -0.0025417793673
86.5 -0.00238965423311
87.0 -0.0021609285379
87.5 -0.0018893977807
88.0 -0.00177093881039
88.5 -0.00163962152078
89.0 -0.00144090736736
89.5 -0.00124572872308
90.0 -0.00107418140898
90.5 -0.00100954117002
91.0 -0.000740240530732
91.5 -0.000594591734139
92.0 -0.000510702066023
92.5 -0.000410960676088
93.0 -0.000337120481198
93.5 -0.000267018555256
94.0 -0.000133169685974
94.5 4.2287305746e-07
95.0 5.80502453218e-06
95.5 -8.52458756953e-05
96.0 1.61689879441e-05
96.5 0.000148517909601
97.0 9.45893825168e-05
97.5 0.00016370629875
98.0 0.00028636220123
98.5 0.000246417033072
99.0 0.000220505619279
99.5 0.000172916633133
100.0 0.000247999768725
100.5 0.000192108685724
101.0 0.000107628119864
101.5 9.63971201884e-06
102.0 5.54374323372e-05
102.5 7.48146884177e-05
103.0 4.61253256674e-05
103.5 -9.75364830254e-05
104.0 -0.000171622992518
104.5 -0.000139565475017
105.0 2.83494524211e-06
105.5 -0.000207640669032
106.0 -0.000297059617246
106.5 -0.000479913492569
107.0 -0.000573488159667
107.5 -0.000749812767076
108.0 -0.0010011732358
108.5 -0.00117270922463
109.0 -0.0012650313227
109.5 -0.00158803052632
110.0 -0.00135242497796
110.5 -0.00189709154021
111.0 -0.00191679409014
111.5 -0.00234723037168
112.0 -0.0022237106125
112.5 -0.00240307628255
113.0 -0.00288696972979
113.5 -0.00356263492458
114.0 -0.00358929707178
114.5 -0.00305002917378
115.0 -0.00357391410357
115.5 -0.00297643939052
116.0 -0.00350691347782
116.5 -0.00366024356131
117.0 -0.00397892776641
117.5 -0.00451754229303
118.0 -0.00241667703847
118.5 0.000318994691142
119.0 0.00316048322281
119.5 0.00960577753871
120.0 0.0100050759411
120.5 0.00948065290613
121.0 0.00761717924721
121.5 -0.000485439829617
122.0 -0.0038587419253
122.5 -0.00335619706468
123.0 -0.00308961321298
123.5 -0.00255351471154
124.0 -0.00270651335379
124.5 -0.00384082560934
125.0 -0.00336069241351
125.5 -0.00285321635708
126.0 -0.00264464386971
126.5 -0.00246131681857
127.0 -0.00259245462135
127.5 -0.00226834401799
128.0 -0.00220797804533
128.5 -0.0024968631019
129.0 -0.00203895879787
129.5 -0.00147534696556
130.0 -0.00188072181462
130.5 -0.00150422793991
131.0 -0.00144469094035
131.5 -0.00103618715254
132.0 -0.000890519470502
132.5 -0.000886112279098
133.0 -0.000363179879493
133.5 -0.000145555284838
134.0 -0.000571114191438
134.5 -0.000384978033559
135.0 -6.53808964799e-05
135.5 2.27958065082e-05
136.0 0.000340137964102
136.5 7.60145145726e-05
137.0 3.63997244293e-05
137.5 0.00042852429004
138.0 0.000621815879857
138.5 0.000386192373323
139.0 0.00048540792217
139.5 0.000511794779079
140.0 0.000660325550317
140.5 0.000812487973185
141.0 0.000867047633644
141.5 0.000959966307931
142.0 0.000934975420932
142.5 0.000883880293022
143.0 0.00100318715736
143.5 0.00111222584766
144.0 0.00119544957801
144.5 0.00142134212155
145.0 0.00163460777789
145.5 0.00126723937972
146.0 0.00137841996111
146.5 0.00143487980453
147.0 0.00127269088877
147.5 0.00145551276302
148.0 0.00159463776274
148.5 0.001544318813
149.0 0.00155316464748
149.5 0.00162836376375
150.0 0.00175565418596
150.5 0.00191954818746
151.0 0.00205703219521
151.5 0.00224949022765
152.0 0.00215710976891
152.5 0.00211778007771
153.0 0.00224835617343
153.5 0.00241963917911
154.0 0.0024884345941
154.5 0.00237604026933
155.0 0.00246891787628
155.5 0.00258544347449
156.0 0.00276218601162
156.5 0.00291929519195
157.0 0.00288579265836
157.5 0.00275222410905
158.0 0.00276913920358
158.5 0.00298134391135
159.0 0.00306923522969
159.5 0.00313762057962
160.0 0.00329583542814
160.5 0.00337298443323
161.0 0.00347412884161
161.5 0.00328711935826
162.0 0.00340993440518
162.5 0.00358705573083
163.0 0.00374681707704
163.5 0.00386934578347
164.0 0.00390239763125
164.5 0.00381723932411
165.0 0.00365706412119
165.5 0.00386554302295
166.0 0.00390327005806
166.5 0.00424993775463
167.0 0.00438193900627
167.5 0.00426249542561
168.0 0.00443776664245
168.5 0.00485780591785
169.0 0.00478901248251
169.5 0.00453375881614
170.0 0.00491021390773
170.5 0.00505231706272
171.0 0.0052282626318
171.5 0.00558671749654
172.0 0.00585566594293
172.5 0.00623201248277
173.0 0.00654594002413
173.5 0.00655972914193
174.0 0.00645169395847
174.5 0.00702549913962
175.0 0.00736765276883
175.5 0.00717674090515
176.0 0.00770040000751
176.5 0.00875035194817
177.0 0.00880286220074
177.5 0.00970813389458
178.0 0.00970310010835
178.5 0.00587085368797
179.0 0.00185055929801
179.5 -0.00226265103042
180.0 -0.00257559731038
180.5 -0.00355634795031
181.0 -0.00151207414825
181.5 0.00227479532386
182.0 0.00316725026282
182.5 0.0030339567475
183.0 0.00295817045044
183.5 0.00307096043537
184.0 0.00284350598056
184.5 0.0027816473779
185.0 0.00275332167006
185.5 0.00233034656453
186.0 0.00303739017174
186.5 0.00278395296723
187.0 0.0025900034213
187.5 0.00242515169818
188.0 0.00224186023675
188.5 0.00200655326618
189.0 0.00183198622723
189.5 0.00151647213355
190.0 0.00124629196638
190.5 0.000862463254535
191.0 0.00074730452603
191.5 0.000445959205393
192.0 0.000115968264112
192.5 -0.000122185513064
193.0 -0.00059562357319
193.5 -0.00108781208331
194.0 -0.00157219583407
194.5 -0.0022220931115
195.0 -0.00330386710421
195.5 -0.00459342226159
196.0 -0.00528525821788
196.5 -0.00587456035993
197.0 -0.00802175862599
197.5 -0.00933812505929
198.0 -0.0131050644898
198.5 -0.018296514986
199.0 -0.0278765219764
199.5 -0.0451087983641
