0.0 0.00842355357145
0.5 0.0290386419954
1.0 0.0449386529024
1.5 0.0399580166856
2.0 0.036359774477
2.5 0.0332946440399
3.0 0.0313108187097
3.5 0.0299996914479
4.0 0.0287205443627
4.5 0.0276486059557
5.0 0.0265401248833
5.5 0.0254447342004
6.0 0.0245902440032
6.5 0.0238885988853
7.0 0.0232380723033
7.5 0.0225735046268
8.0 0.0219497566878
8.5 0.0212357283631
9.0 0.0207259899012
9.5 0.0201684408017
10.0 0.0196033166211
10.5 0.0190982734401
11.0 0.0185850795078
11.5 0.0179817651915
12.0 0.0174488240794
12.5 0.0169422044086
13.0 0.0164106298105
13.5 0.0158637093601
14.0 0.0153008131
14.5 0.014743263214
15.0 0.014187076451
15.5 0.0135963605276
16.0 0.0130184830897
16.5 0.0124181428656
17.0 0.0117906327799
17.5 0.0111580709601
18.0 0.0105027910921
18.5 0.00983638219607
19.0 0.00915138945967
19.5 0.00843417504745
20.0 0.00772132609276
20.5 0.00698865660697
21.0 0.00623362832231
21.5 0.00545018110642
22.0 0.00463063789024
22.5 0.0038222291106
23.0 0.00295754125057
23.5 0.00209559560786
24.0 0.00120295357907
24.5 0.000268746372326
25.0 -0.000668520165374
25.5 -0.00163126259244
26.0 -0.00261475395143
26.5 -0.00362077544231
27.0 -0.00466260015049
27.5 -0.00572251547945
28.0 -0.00679252955105
28.5 -0.00791326700373
29.0 -0.00904822581354
29.5 -0.0102118123991
30.0 -0.0113792303772
30.5 -0.012582596943
31.0 -0.013823948942
31.5 -0.0150510898635
32.0 -0.0162959224845
32.5 -0.0175789210195
33.0 -0.018881500598
33.5 -0.0201825676263
34.0 -0.0215350224404
34.5 -0.0228967564541
35.0 -0.0242357557681
35.5 -0.0256128284575
36.0 -0.0269853009592
36.5 -0.0283613859418
37.0 -0.0297538743416
37.5 -0.0311465838031
38.0 -0.0325282680831
38.5 -0.0339222391866
39.0 -0.0352845674732
39.5 -0.0366601014025
40.0 -0.0380151725733
40.5 -0.0393518719134
41.0 -0.0406750796686
41.5 -0.0419892872652
42.0 -0.0432705126943
42.5 -0.0445323478317
43.0 -0.0457673159487
43.5 -0.0469435739191
44.0 -0.048102780088
44.5 -0.0492210917887
45.0 -0.0502220550014
45.5 -0.0512568078969
46.0 -0.0522269244527
46.5 -0.0531157492744
47.0 -0.0539586810425
47.5 -0.0547234088349
48.0 -0.0554362288861
48.5 -0.0560777277794
49.0 -0.0566532087917
49.5 -0.05718048085
50.0 -0.0576087990728
50.5 -0.0579745283506
51.0 -0.0582635814513
51.5 -0.0584907072766
52.0 -0.0586566037338
52.5 -0.0587350285128
53.0 -0.0587406327317
53.5 -0.0586647124159
54.0 -0.0585481790193
54.5 -0.0583527550954
55.0 -0.0580678478235
55.5 -0.0577196943891
56.0 -0.057327388516
56.5 -0.0568601147885
57.0 -0.0563692151186
57.5 -0.055801247506
58.0 -0.0552089316664
58.5 -0.054547953487
59.0 -0.0538395128628
59.5 -0.0531129152354
60.0 -0.0523470889621
60.5 -0.051552591086
61.0 -0.0507007852802
61.5 -0.0498409285978
62.0 -0.0489739070889
62.5 -0.048056606825
63.0 -0.0471454644594
63.5 -0.0461959441354
64.0 -0.0452424001798
64.5 -0.0442973688409
65.0 -0.0433409673002
65.5 -0.0423882052179
66.0 -0.0413970163739
66.5 -0.0404177441549
67.0 -0.039455741138
67.5 -0.0385261159393
68.0 -0.0375641273934
68.5 -0.0366199583513
69.0 -0.0356971485681
69.5 -0.0347631572904
70.0 -0.033828833888
70.5 -0.0329223220177
71.0 -0.0320395434272
71.5 -0.0311043815777
72.0 -0.0302151395204
72.5 -0.0293832724026
73.0 -0.0285998986803
73.5 -0.0277769786143
74.0 -0.0270076408784
74.5 -0.0262302816505
75.0 -0.0254399764314
75.5 -0.0246858107428
76.0 -0.0239498823488
76.5 -0.0232297438052
77.0 -0.0225100626009
77.5 -0.0218418228488
78.0 -0.0211781853771
78.5 -0.0205123194784
79.0 -0.0199040359952
79.5 -0.0192924809985
80.0 -0.0187217177238
80.5 -0.0181545813411
81.0 -0.0175664094183
81.5 -0.0170468884224
82.0 -0.0165094525246
82.5 -0.0159978967716
83.0 -0.015505827443
83.5 -0.015036765357
84.0 -0.014550844319
84.5 -0.0141125095529
85.0 -0.0136755788524
85.5 -0.0132836196565
86.0 -0.0128587472019
86.5 -0.0124860956818
87.0 -0.0120789690759
87.5 -0.0116885494754
88.0 -0.0113650917235
88.5 -0.0110379358469
89.0 -0.0107495254965
89.5 -0.0103743706428
90.0 -0.0101361080193
90.5 -0.00984098111508
91.0 -0.00960312200546
91.5 -0.00929046229933
92.0 -0.00904510367503
92.5 -0.00882102376893
93.0 -0.00857871373089
93.5 -0.00831953786423
94.0 -0.00810122309472
94.5 -0.00784528597808
95.0 -0.0078009178858
95.5 -0.00746002670204
96.0 -0.00740990190637
96.5 -0.00720055604528
97.0 -0.00711637489398
97.5 -0.00700398752439
98.0 -0.00684668773171
98.5 -0.00669493502151
99.0 -0.00643150395958
99.5 -0.00629456340697
100.0 -0.00614162245063
100.5 -0.00618868238802
101.0 -0.00612616196176
101.5 -0.00613009280355
102.0 -0.00602071563603
102.5 -0.00592768840549
103.0 -0.00589820940915
103.5 -0.00598596345391
104.0 -0.005995648474
104.5 -0.00590133940666
105.0 -0.0059305954542
105.5 -0.00569299751716
106.0 -0.00586931438737
106.5 -0.00587202156034
107.0 -0.00576246225803
107.5 -0.0057489640168
108.0 -0.00595839568109
108.5 -0.00620858091123
109.0 -0.006203287058
109.5 -0.0062406789545
110.0 -0.00625401982118
110.5 -0.00670332869615
111.0 -0.0066673141692
111.5 -0.00681165855865
112.0 -0.00705068988255
112.5 -0.00721289522198
113.0 -0.00734629816006
113.5 -0.00776847483063
114.0 -0.00752347072766
114.5 -0.00755831706267
115.0 -0.00792672985169
115.5 -0.00656626486899
116.0 -0.00732028612592
116.5 -0.00717895956997
117.0 -0.00722467790584
117.5 -0.00686837277462
118.0 -0.00692830511609
118.5 -0.0064626363523
119.0 -0.00329033089503
119.5 0.00473500628281
120.0 0.00682975093876
120.5 0.00634028409149
121.0 0.00331636623761
121.5 -0.00238984953999
122.0 -0.00612347297576
122.5 -0.00773507917044
123.0 -0.00678198224941
123.5 -0.00670456922506
124.0 -0.00713143369944
124.5 -0.00657610988527
125.0 -0.00666276783097
125.5 -0.00634410341688
126.0 -0.00635248613042
126.5 -0.00631214776598
127.0 -0.00593801738336
127.5 -0.00608389843241
128.0 -0.00617317146342
128.5 -0.00579792801989
129.0 -0.00523953982864
129.5 -0.00516416922408
130.0 -0.00460012600676
130.5 -0.00455084750723
131.0 -0.004634206205
131.5 -0.00410894742913
132.0 -0.00410250578551
132.5 -0.00392183581872
133.0 -0.00365053290339
133.5 -0.00359014967339
134.0 -0.00317225138321
134.5 -0.00296370636456
135.0 -0.00348007334468
135.5 -0.00296002638859
136.0 -0.0029697250658
136.5 -0.0028053196356
137.0 -0.002348757103
137.5 -0.00242425053338
138.0 -0.00228268697143
138.5 -0.00197419963526
139.0 -0.00177303647166
139.5 -0.00185825980403
140.0 -0.00164027522617
140.5 -0.00152441561933
141.0 -0.00136632238997
141.5 -0.00130188797394
142.0 -0.00095220474795
142.5 -0.000983999275705
143.0 -0.000950817833402
143.5 -0.000817046921352
144.0 -0.000787399684974
144.5 -0.000627696581432
145.0 -0.000576961298013
145.5 -0.00050626521617
146.0 -0.000449736730768
146.5 -0.000407546584658
147.0 -0.000344398223211
147.5 -0.000290266764329
148.0 -0.000214683212433
148.5 -9.98683830236e-05
149.0 -8.3091676466e-06
149.5 0.000171893023211
150.0 0.000359043418106
150.5 0.000215172744078
151.0 0.000215137372943
151.5 0.000305411090655
152.0 0.000440345090019
152.5 0.000557952619689
153.0 0.000753092167576
153.5 0.000854341569896
154.0 0.000793643210221
154.5 0.00084272570529
155.0 0.00086560160663
155.5 0.000901657047274
156.0 0.000956883789726
156.5 0.000949001641981
157.0 0.000906441528912
157.5 0.00101696319767
158.0 0.00115844568024
158.5 0.00134384233224
159.0 0.0014798606325
159.5 0.00160240415024
160.0 0.00170687555919
160.5 0.00150847996131
161.0 0.00168689420277
161.5 0.00182736462765
162.0 0.00196189576038
162.5 0.00209197103334
163.0 0.00222315601265
163.5 0.00236221977947
164.0 0.00249543078982
164.5 0.00256490511884
165.0 0.00260566098555
165.5 0.00263035778364
166.0 0.00259719958398
166.5 0.00278251835139
167.0 0.00283148377232
167.5 0.00308490370371
168.0 0.00314915244201
168.5 0.00317967864219
169.0 0.00343687842953
169.5 0.00373818023809
170.0 0.00393256081563
170.5 0.00396312546236
171.0 0.00407307678508
171.5 0.00439969692106
172.0 0.0041495067622
172.5 0.00458577855966
173.0 0.0051592177367
173.5 0.00554649630814
174.0 0.00581849147363
174.5 0.00581116045511
175.0 0.00515446136767
175.5 0.00514417579708
176.0 0.00541804078023
176.5 0.00575602179974
177.0 0.0060532640171
177.5 0.00754339477722
178.0 0.00430742689238
178.5 0.00421389900828
179.0 -0.000499905530432
179.5 -0.0047552402026
180.0 -0.00494246162678
180.5 -0.00624698010378
181.0 -0.00404139286663
181.5 0.000862681728535
182.0 0.000967367051032
182.5 0.0028014400929
183.0 0.00141271968207
183.5 0.00185509326327
184.0 0.00211157371162
184.5 0.00172858922727
185.0 0.00166227190954
185.5 0.0014252326218
186.0 0.00146065123634
186.5 0.00138166632541
187.0 0.00126307747335
187.5 0.00126830838882
188.0 0.00104690132812
188.5 0.000780897726329
189.0 0.000584099998761
189.5 0.000260771909353
190.0 -1.13882659036e-06
190.5 -0.000384005312782
191.0 -0.000431810288873
191.5 -0.000692383823264
192.0 -0.00106889672013
192.5 -0.00136342148876
193.0 -0.00187366155149
193.5 -0.00216911587832
194.0 -0.00282878226942
194.5 -0.00343821508051
195.0 -0.00391314689595
195.5 -0.0058901952064
196.0 -0.00676389703452
196.5 -0.00760563580178
197.0 -0.00842364430856
197.5 -0.0102291472119
198.0 -0.0144430044235
198.5 -0.0195378597968
199.0 -0.0291270137358
199.5 -0.0457029852519
