0.0 0.0102764875268
0.5 0.0301117652846
1.0 0.0457633971269
1.5 0.0407197263225
2.0 0.0371853197978
2.5 0.0342696538007
3.0 0.0325610051746
3.5 0.0310774343193
4.0 0.0298214568331
4.5 0.028381422474
5.0 0.0274621429915
5.5 0.0267137006237
6.0 0.0257556613835
6.5 0.0250150941846
7.0 0.0244951873723
7.5 0.0237875361129
8.0 0.0231291253359
8.5 0.0226409865706
9.0 0.0221437094029
9.5 0.0216249499232
10.0 0.02112502869
10.5 0.0205326777061
11.0 0.0200103035361
11.5 0.0195494267254
12.0 0.0190515745471
12.5 0.0185616319449
13.0 0.0180673721952
13.5 0.0175698479342
14.0 0.0170634373062
14.5 0.0164842067124
15.0 0.0159847711126
15.5 0.0154397176917
16.0 0.0148935044928
16.5 0.0143239524858
17.0 0.0137682128142
17.5 0.013168665478
18.0 0.0125215914612
18.5 0.0119142187763
19.0 0.0112808246733
19.5 0.0106077309405
20.0 0.00991368319825
20.5 0.00920995547835
21.0 0.00848747803516
21.5 0.00775592462744
22.0 0.00698680392789
22.5 0.0061982205621
23.0 0.00540140848486
23.5 0.0045630223238
24.0 0.00369291080945
24.5 0.00280870838939
25.0 0.00192457339295
25.5 0.00100396325887
26.0 5.21382728653e-05
26.5 -0.000914480613427
27.0 -0.00190563971543
27.5 -0.00292772916602
28.0 -0.0039564540724
28.5 -0.00503281770036
29.0 -0.00612500543852
29.5 -0.00724133962426
30.0 -0.00837696777485
30.5 -0.00955036493168
31.0 -0.0107419894523
31.5 -0.0119202182825
32.0 -0.0131347178969
32.5 -0.0143770429633
33.0 -0.0156424111496
33.5 -0.016912495808
34.0 -0.0182357939016
34.5 -0.0195556416837
35.0 -0.0208974473503
35.5 -0.0222306973833
36.0 -0.0235819728698
36.5 -0.024950570077
37.0 -0.0263136469531
37.5 -0.027677471942
38.0 -0.0290549091623
38.5 -0.0304283613531
39.0 -0.0317978932039
39.5 -0.0331733717526
40.0 -0.03454394783
40.5 -0.0358987073967
41.0 -0.0372539211876
41.5 -0.038609930339
42.0 -0.0399198485223
42.5 -0.0412014927953
43.0 -0.0424785423899
43.5 -0.0437273437839
44.0 -0.0449516400003
44.5 -0.0461304549482
45.0 -0.0472511097386
45.5 -0.0483388688276
46.0 -0.0493781764651
46.5 -0.0503642035078
47.0 -0.0513069575013
47.5 -0.052188139141
48.0 -0.053040887302
48.5 -0.0538205348657
49.0 -0.0545407285771
49.5 -0.0551753267416
50.0 -0.055722034442
50.5 -0.0562249505815
51.0 -0.0566522727766
51.5 -0.0570304110189
52.0 -0.0573151950983
52.5 -0.057521884266
53.0 -0.0576949730454
53.5 -0.0577750886328
54.0 -0.0577785087513
54.5 -0.0577176332531
55.0 -0.0575643802624
55.5 -0.0573470847634
56.0 -0.0570630767613
56.5 -0.0567338231814
57.0 -0.0563582163453
57.5 -0.0559061857912
58.0 -0.0554097876475
58.5 -0.0548632529
59.0 -0.0542667834466
59.5 -0.0536135904298
60.0 -0.0529120452197
60.5 -0.0521844287527
61.0 -0.0513774979736
61.5 -0.0505708792483
62.0 -0.0497662195338
62.5 -0.0489337401502
63.0 -0.0480612473607
63.5 -0.0471659430414
64.0 -0.0462795121729
64.5 -0.0453649903147
65.0 -0.0444152301183
65.5 -0.0434495503087
66.0 -0.0425093213401
66.5 -0.0415767184746
67.0 -0.0406050751824
67.5 -0.0396813930657
68.0 -0.0387240907968
68.5 -0.0377869121592
69.0 -0.036865461221
69.5 -0.0359699995374
70.0 -0.0350185168581
70.5 -0.0341024994999
71.0 -0.0332031100681
71.5 -0.0323350659395
72.0 -0.031399856026
72.5 -0.0305302530307
73.0 -0.0297352361572
73.5 -0.0289128335691
74.0 -0.0280706572223
74.5 -0.0273002129499
75.0 -0.0265185122958
75.5 -0.0257730153406
76.0 -0.0250338585349
76.5 -0.0242957388542
77.0 -0.0235743749871
77.5 -0.0228772964959
78.0 -0.0222466606144
78.5 -0.0215508762009
79.0 -0.0208795632173
79.5 -0.0202793272675
80.0 -0.0197020150184
80.5 -0.0191472473269
81.0 -0.0184913780269
81.5 -0.0179605741615
82.0 -0.0174095673387
82.5 -0.0168451021953
83.0 -0.0163631171863
83.5 -0.0158923693983
84.0 -0.0153709432056
84.5 -0.0149488718211
85.0 -0.0145021766605
85.5 -0.0141085728458
86.0 -0.0137493926677
86.5 -0.0133143898084
87.0 -0.012878911731
87.5 -0.0124636216818
88.0 -0.0121355105455
88.5 -0.0117989983262
89.0 -0.0114145057036
89.5 -0.0111512324405
90.0 -0.0108438840477
90.5 -0.0105142993847
91.0 -0.0102120084888
91.5 -0.00996083262946
92.0 -0.00973096420984
92.5 -0.00944024202527
93.0 -0.00920108795381
93.5 -0.00902719499626
94.0 -0.00872019274628
94.5 -0.00848732603098
95.0 -0.00825385806545
95.5 -0.00825288516632
96.0 -0.00797899491016
96.5 -0.00776246093971
97.0 -0.00765210167868
97.5 -0.00752304323894
98.0 -0.00733945993095
98.5 -0.00714696734197
99.0 -0.00697243510454
99.5 -0.00691456359652
100.0 -0.00691459118445
100.5 -0.00673230405939
101.0 -0.00661307106625
101.5 -0.0065191126021
102.0 -0.00644684901783
102.5 -0.00637622431336
103.0 -0.00623018956766
103.5 -0.00621450158136
104.0 -0.00631374055379
104.5 -0.00627246339052
105.0 -0.00605578111432
105.5 -0.00607734185755
106.0 -0.00608536155945
106.5 -0.00604533254504
107.0 -0.00627796871504
107.5 -0.00640544673607
108.0 -0.00640302114486
108.5 -0.00644407153871
109.0 -0.0064036661052
109.5 -0.00615487790032
110.0 -0.00636627523675
110.5 -0.00607749258342
111.0 -0.00672466929894
111.5 -0.00696223334607
112.0 -0.00664716013636
112.5 -0.00667216215564
113.0 -0.00715283468932
113.5 -0.00766207496373
114.0 -0.00719240186129
114.5 -0.00666777045259
115.0 -0.00721062283364
115.5 -0.00672726698421
116.0 -0.00700816845452
116.5 -0.00620819638435
117.0 -0.00678352654198
117.5 -0.00739971563765
118.0 -0.00695460296359
118.5 -0.0050347276056
119.0 -0.00130966741317
119.5 0.00680576716374
120.0 0.00830974587484
120.5 0.00540893592942
121.0 -0.000273067758769
121.5 -0.00472262193107
122.0 -0.0101742382145
122.5 -0.0110162875296
123.0 -0.010989410294
123.5 -0.0102422996867
124.0 -0.00945044931402
124.5 -0.00915363245574
125.0 -0.00898860831983
125.5 -0.00831369122847
126.0 -0.00787969201691
126.5 -0.00768973855966
127.0 -0.00738262218894
127.5 -0.00676808873243
128.0 -0.00674455281273
128.5 -0.00718692923933
129.0 -0.00661803175049
129.5 -0.00609254834752
130.0 -0.00569134503462
130.5 -0.00539847099152
131.0 -0.00524823786184
131.5 -0.00475063438154
132.0 -0.00449198493423
132.5 -0.00445733562385
133.0 -0.00436201002048
133.5 -0.00421406665552
134.0 -0.00416944256097
134.5 -0.00411442506862
135.0 -0.00336146009747
135.5 -0.00366724040087
136.0 -0.00347588114573
136.5 -0.003378822302
137.0 -0.00317604769473
137.5 -0.00302694870039
138.0 -0.00266747114054
138.5 -0.00241457433952
139.0 -0.00227390953653
139.5 -0.00238375485241
140.0 -0.00219708128951
140.5 -0.00208220510844
141.0 -0.00189523967374
141.5 -0.00178803843409
142.0 -0.00158010332858
142.5 -0.00148177964456
143.0 -0.00124102542024
143.5 -0.00117583689166
144.0 -0.00133115797079
144.5 -0.00112157046899
145.0 -0.000952206654321
145.5 -0.000728209099977
146.0 -0.00091730494672
146.5 -0.000865375676335
147.0 -0.000699615186529
147.5 -0.000534436460627
148.0 -0.000364379915442
148.5 -0.000280270190048
149.0 -0.000351152483421
149.5 -0.000241222189216
150.0 -6.1876942588e-05
150.5 0.000147091267799
151.0 1.12985659894e-05
151.5 0.00012865980997
152.0 0.000354232471855
152.5 0.000344219749346
153.0 0.000288659534165
153.5 0.00033311930323
154.0 0.000453926238098
154.5 0.000611376786885
155.0 0.000739019840173
155.5 0.000911541859839
156.0 0.0007817040478
156.5 0.00085102641123
157.0 0.0010138076031
157.5 0.00112251299479
158.0 0.00124381913649
158.5 0.001453776321
159.0 0.00149399224028
159.5 0.00143040394218
160.0 0.00151126960408
160.5 0.00150275319441
161.0 0.00158645804604
161.5 0.00166290860464
162.0 0.00157455492068
162.5 0.00175681399769
163.0 0.00200100392485
163.5 0.00214706035155
164.0 0.00226092682207
164.5 0.00237982844101
165.0 0.0025571795546
165.5 0.00267793638955
166.0 0.0028026539984
166.5 0.00300110395747
167.0 0.00307776019715
167.5 0.00293367502606
168.0 0.00318743589242
168.5 0.00368953499288
169.0 0.00364918021954
169.5 0.00342241765625
170.0 0.00382188359009
170.5 0.00397874458405
171.0 0.00420127527802
171.5 0.00447318957708
172.0 0.00483340099615
172.5 0.00523120824242
173.0 0.0054890111782
173.5 0.00532589501147
174.0 0.00502883533451
174.5 0.00531268861398
175.0 0.00554646917526
175.5 0.00529543917332
176.0 0.004422168053
176.5 0.00551486379396
177.0 0.00716428769202
177.5 0.0078089090169
178.0 0.00708485862499
178.5 0.0051791202681
179.0 0.00108777891199
179.5 -0.00274018295164
180.0 -0.0043282015186
180.5 -0.00472585315782
181.0 -0.00129676244408
181.5 0.000514934223645
182.0 0.00146833745579
182.5 0.00173003972338
183.0 0.00183631791488
183.5 0.00190303343288
184.0 0.00155594487013
184.5 0.00149886246477
185.0 0.00158902489945
185.5 0.00138239839983
186.0 0.00143718413774
186.5 0.00136517191335
187.0 0.00118631663267
187.5 0.00106488671985
188.0 0.00085469185592
188.5 0.000659150814883
189.0 0.00043135751622
189.5 0.000337559291523
190.0 0.000100613072632
190.5 -0.000376931121224
191.0 -0.000574360042862
191.5 -0.000876436467607
192.0 -0.00112072212175
192.5 -0.00122336364414
193.0 -0.00185237540119
193.5 -0.00225881542653
194.0 -0.00289095431353
194.5 -0.00352283406976
195.0 -0.0041168299099
195.5 -0.00598663866822
196.0 -0.00694182300091
196.5 -0.00819374683292
197.0 -0.00959256114842
197.5 -0.0106083245393
198.0 -0.0135199551602
198.5 -0.0187198896226
199.0 -0.029226483641
199.5 -0.0455163230206
