0.0 0.0055059220247
0.5 0.022078310034
1.0 0.0301966850546
1.5 0.026452121971
2.0 0.0237807084407
2.5 0.0216359385164
3.0 0.020463387723
3.5 0.0190982640832
4.0 0.0184292468911
4.5 0.0176817285602
5.0 0.0168796012089
5.5 0.016320125994
6.0 0.0157307865809
6.5 0.0152109888249
7.0 0.0147747957614
7.5 0.0142769577723
8.0 0.0138664048322
8.5 0.0134608835963
9.0 0.0130629746505
9.5 0.0124918702276
10.0 0.0120998865608
10.5 0.0116974017898
11.0 0.0112559632145
11.5 0.0108436328044
12.0 0.010399140663
12.5 0.00997354999041
13.0 0.00951165153426
13.5 0.00898609964236
14.0 0.00850734363895
14.5 0.00801605821933
15.0 0.0075283224466
15.5 0.00699664119111
16.0 0.00646248019011
16.5 0.00593894841784
17.0 0.00538678187897
17.5 0.00479100586007
18.0 0.00419557492934
18.5 0.00359672059875
19.0 0.00300164279572
19.5 0.00238402032631
20.0 0.0017649013552
20.5 0.00112027043407
21.0 0.000501440532851
21.5 -0.000136278192257
22.0 -0.000792767989004
22.5 -0.00145878071665
23.0 -0.00211646313158
23.5 -0.00279460216248
24.0 -0.00347510957941
24.5 -0.00414517446055
25.0 -0.0047961932604
25.5 -0.00546327252695
26.0 -0.00613167915826
26.5 -0.00678778598958
27.0 -0.00744637754355
27.5 -0.00809300211006
28.0 -0.00874948205698
28.5 -0.00940571766467
29.0 -0.0100437790172
29.5 -0.0106757279434
30.0 -0.0112938473906
30.5 -0.0119145308979
31.0 -0.0125348559445
31.5 -0.0131251406536
32.0 -0.0136994265337
32.5 -0.0142744184069
33.0 -0.0148457613368
33.5 -0.0154126242741
34.0 -0.0159314881592
34.5 -0.0164793062988
35.0 -0.0170084578953
35.5 -0.0174873375069
36.0 -0.0179589323615
36.5 -0.0184294451446
37.0 -0.0188980703676
37.5 -0.01935111947
38.0 -0.0197675781069
38.5 -0.0201737441115
39.0 -0.0205723080311
39.5 -0.0209679458611
40.0 -0.0213199748136
40.5 -0.0216849557005
41.0 -0.0220122709297
41.5 -0.022332846885
42.0 -0.0226412056368
42.5 -0.0229280472275
43.0 -0.0231938698373
43.5 -0.0234457088632
44.0 -0.023685496494
44.5 -0.023881117184
45.0 -0.0240738125894
45.5 -0.0242539833716
46.0 -0.0244059667668
46.5 -0.0245565491717
47.0 -0.0246962643238
47.5 -0.0247972095806
48.0 -0.0248907206992
48.5 -0.0249474642303
49.0 -0.0250021507022
49.5 -0.0250537147461
50.0 -0.0250354315485
50.5 -0.0250320169586
51.0 -0.0250157542252
51.5 -0.024953793791
52.0 -0.0248984739055
52.5 -0.024813180978
53.0 -0.0247350106356
53.5 -0.0246271179258
54.0 -0.0244934539848
54.5 -0.0243510522465
55.0 -0.0241761916248
55.5 -0.0239781030236
56.0 -0.0237986765332
56.5 -0.0235962990133
57.0 -0.0233762944479
57.5 -0.0231206204093
58.0 -0.0228718980156
58.5 -0.0226125247058
59.0 -0.0223300112732
59.5 -0.0220502480623
60.0 -0.021715434332
60.5 -0.0213959710944
61.0 -0.0210637592642
61.5 -0.0207243610067
62.0 -0.0203899503954
62.5 -0.0200645713504
63.0 -0.0197105294303
63.5 -0.0193436097209
64.0 -0.0189524537444
64.5 -0.0186094528383
65.0 -0.0182337902449
65.5 -0.0178526518278
66.0 -0.0174546821482
66.5 -0.017058615031
67.0 -0.0166645289832
67.5 -0.0162713278862
68.0 -0.0158687960231
68.5 -0.0154815006825
69.0 -0.0151172576302
69.5 -0.0147377694477
70.0 -0.0143592935601
70.5 -0.0139266829025
71.0 -0.0135604879162
71.5 -0.0131781752353
72.0 -0.0128067111231
72.5 -0.0124130127827
73.0 -0.0120636634005
73.5 -0.0117207841684
74.0 -0.01139065056
74.5 -0.0110532832569
75.0 -0.0107036385103
75.5 -0.0103883092922
76.0 -0.0100639023659
76.5 -0.00972219121846
77.0 -0.00941959073681
77.5 -0.00912483163035
78.0 -0.0088169127652
78.5 -0.00856376847198
79.0 -0.00830756444784
79.5 -0.00797139961603
80.0 -0.00773821406021
80.5 -0.00748925732724
81.0 -0.00720729670449
81.5 -0.00698279754553
82.0 -0.00673245426017
82.5 -0.00652026497858
83.0 -0.00630393671274
83.5 -0.00607289827109
84.0 -0.00591746850835
84.5 -0.00571210959817
85.0 -0.00548903436374
85.5 -0.00532661690557
86.0 -0.00514235925331
86.5 -0.00497866918252
87.0 -0.0048450104715
87.5 -0.00466146143708
88.0 -0.00448055170265
88.5 -0.00430849526541
89.0 -0.00411268530248
89.5 -0.00397872051319
90.0 -0.00396280398567
90.5 -0.00400731630619
91.0 -0.00389318944143
91.5 -0.0036260480751
92.0 -0.00354568428749
92.5 -0.00347125676847
93.0 -0.00336013644578
93.5 -0.00329147120371
94.0 -0.00319217262654
94.5 -0.00319783373136
95.0 -0.00293397735576
95.5 -0.00298295067594
96.0 -0.00291850129309
96.5 -0.00286180806914
97.0 -0.0028767543274
97.5 -0.00288553151459
98.0 -0.00288471278013
98.5 -0.00288054282075
99.0 -0.00278234078496
99.5 -0.00259627181499
100.0 -0.00267021878565
100.5 -0.00266725692335
101.0 -0.00250796701866
101.5 -0.00263938521174
102.0 -0.00261280442655
102.5 -0.0025511477205
103.0 -0.00251691454399
103.5 -0.00257891174001
104.0 -0.00257346559364
104.5 -0.00255928442948
105.0 -0.00268161326165
105.5 -0.00252687670547
106.0 -0.0027121982904
106.5 -0.00275463142065
107.0 -0.00285531457413
107.5 -0.0031111672142
108.0 -0.0031910446308
108.5 -0.00307901320335
109.0 -0.0030886499785
109.5 -0.00287845002284
110.0 -0.00316288705471
110.5 -0.0033493774751
111.0 -0.0034596575443
111.5 -0.00393230040678
112.0 -0.00379108132327
112.5 -0.00391911164942
113.0 -0.00402414135557
113.5 -0.00418276112079
114.0 -0.00422374017417
114.5 -0.00442576452798
115.0 -0.00455639944646
115.5 -0.00387236969964
116.0 -0.00419014717949
116.5 -0.00449621093627
117.0 -0.0046131927553
117.5 -0.00575290862309
118.0 -0.00369475346331
118.5 -0.00310684766946
119.0 -0.000231441918487
119.5 0.00768560413249
120.0 0.00821411116441
120.5 0.00527656166861
121.0 0.00127222700942
121.5 -0.000427935500383
122.0 -0.00426788076459
122.5 -0.00360940556048
123.0 -0.00364815513935
123.5 -0.00433666942324
124.0 -0.00416115899111
124.5 -0.00420948108696
125.0 -0.00334870212372
125.5 -0.00373290900561
126.0 -0.00408542838055
126.5 -0.00425038480958
127.0 -0.00407610410618
127.5 -0.00421210065487
128.0 -0.0039204134219
128.5 -0.00336096608897
129.0 -0.00330032347603
129.5 -0.00379890121825
130.0 -0.0032534963855
130.5 -0.00316393114188
131.0 -0.00323839135159
131.5 -0.00305597684174
132.0 -0.00267681562993
132.5 -0.00242021263547
133.0 -0.00236924709134
133.5 -0.00230937633985
134.0 -0.00231214168646
134.5 -0.00232234841277
135.0 -0.00165144761664
135.5 -0.00210463584004
136.0 -0.0021381818169
136.5 -0.00190555390106
137.0 -0.00161204804601
137.5 -0.00153638957149
138.0 -0.0014195858466
138.5 -0.00145500243206
139.0 -0.0013691598854
139.5 -0.00116204394459
140.0 -0.000995663793947
140.5 -0.00139052653213
141.0 -0.00102377625484
141.5 -0.000982170603432
142.0 -0.000852807375725
142.5 -0.000919651603111
143.0 -0.00084159979837
143.5 -0.000714467693498
144.0 -0.000716831422954
144.5 -0.000554251574307
145.0 -0.000503100582078
145.5 -0.000377976914806
146.0 -0.000293678254665
146.5 -0.000425094847334
147.0 -0.00050344772625
147.5 -0.000400387239331
148.0 -0.000116041714811
148.5 7.9192547195e-05
149.0 1.04295759869e-05
149.5 7.94889272324e-05
150.0 0.000101160060648
150.5 0.000230986788804
151.0 0.000491235602588
151.5 0.000420978802762
152.0 0.000379217309421
152.5 0.000416378409552
153.0 0.000543015246278
153.5 0.00067402851867
154.0 0.000780229097661
154.5 0.000877713075649
155.0 0.0009890714654
155.5 0.00119303588976
156.0 0.00111454672587
156.5 0.00107708218665
157.0 0.00102669546897
157.5 0.00112294257593
158.0 0.00129475234917
158.5 0.00152824235492
159.0 0.00160709340939
159.5 0.00154211698406
160.0 0.00158963305729
160.5 0.0015891710341
161.0 0.00166303235321
161.5 0.0017534055934
162.0 0.00177593626547
162.5 0.00187043324532
163.0 0.00184594149859
163.5 0.00188473027396
164.0 0.00207999501359
164.5 0.00222096246939
165.0 0.00248404820054
165.5 0.00256862058387
166.0 0.00266153115732
166.5 0.0029209560632
167.0 0.00292948642094
167.5 0.0031460861715
168.0 0.00334800925459
168.5 0.00349479186188
169.0 0.00345496158875
169.5 0.00329772531843
170.0 0.00368167547738
170.5 0.00381357018969
171.0 0.00406202936989
171.5 0.00443019780593
172.0 0.00470825343297
172.5 0.00511171396784
173.0 0.00533545009448
173.5 0.00548275775607
174.0 0.00557495753003
174.5 0.00555803608205
175.0 0.00557986406409
175.5 0.00516588734168
176.0 0.00398480888562
176.5 0.00424124772481
177.0 0.00438497396631
177.5 0.00431023329102
178.0 0.0025533277398
178.5 0.00156416692846
179.0 -0.000127544595315
179.5 -0.00207364683796
180.0 -0.00309146271306
180.5 -0.00729954104877
181.0 -0.00788053357053
181.5 -0.00468834972234
182.0 -0.00156933303266
182.5 0.000697279820187
183.0 0.00162719314631
183.5 0.00147414374928
184.0 0.00134078694001
184.5 0.00182166440942
185.0 0.00144808109171
185.5 0.00101261064275
186.0 0.000863128636325
186.5 0.00125878033977
187.0 0.0010294528881
187.5 0.000686169844982
188.0 0.000319798238877
188.5 7.40672000461e-05
189.0 -0.000291971892494
189.5 -0.000598285492742
190.0 -0.00074939416929
190.5 -0.00126745561202
191.0 -0.00157645269486
191.5 -0.00199718738385
192.0 -0.0023784118595
192.5 -0.00278744023471
193.0 -0.00340955179819
193.5 -0.00398912723345
194.0 -0.00462609657494
194.5 -0.00545724993881
195.0 -0.00684962081247
195.5 -0.0083546644057
196.0 -0.00926293600465
196.5 -0.011751070581
197.0 -0.0141281661094
197.5 -0.0165041620355
198.0 -0.0220683886172
198.5 -0.0284651828615
199.0 -0.044551937764
199.5 -0.0669103010729
