0.0 0.00186030841656
0.5 0.0265343273932
1.0 0.0280739677654
1.5 0.0215854073977
2.0 0.01838026085
2.5 0.0151275134212
3.0 0.0129667551783
3.5 0.0115126123016
4.0 0.0100697288463
4.5 0.0080108272828
5.0 0.00687022157274
5.5 0.00583850277301
6.0 0.00467928571224
6.5 0.00361762433039
7.0 0.00269378480172
7.5 0.00166593261684
8.0 0.000689562065373
8.5 -0.000287533385041
9.0 -0.00112449819571
9.5 -0.00205702977456
10.0 -0.00298785546733
10.5 -0.00388532310773
11.0 -0.00482291511226
11.5 -0.00573149252419
12.0 -0.00666102460535
12.5 -0.00760685194047
13.0 -0.00859149957119
13.5 -0.00952418505077
14.0 -0.0104974229954
14.5 -0.0114781710994
15.0 -0.0124660666136
15.5 -0.0134829242217
16.0 -0.0145247003569
16.5 -0.0155624906694
17.0 -0.0166168088719
17.5 -0.0177011227902
18.0 -0.0188083703223
18.5 -0.019928005933
19.0 -0.021053933099
19.5 -0.0221979442682
20.0 -0.023359435387
20.5 -0.0245363459522
21.0 -0.0257092218615
21.5 -0.0269138090654
22.0 -0.0281337919894
22.5 -0.0293241240049
23.0 -0.0305720182225
23.5 -0.0318038242057
24.0 -0.0330394420081
24.5 -0.0343026850518
25.0 -0.0355305686145
25.5 -0.0367656724859
26.0 -0.0380099037178
26.5 -0.0392412082559
27.0 -0.0404559922791
27.5 -0.0416429433564
28.0 -0.0428415706519
28.5 -0.0440470129865
29.0 -0.0451824015039
29.5 -0.0463361651979
30.0 -0.0474232165229
30.5 -0.048466318684
31.0 -0.0494915716124
31.5 -0.0504816506414
32.0 -0.0514326069915
32.5 -0.0523145333352
33.0 -0.0531603004105
33.5 -0.0539650152053
34.0 -0.0547196278997
34.5 -0.0554218094361
35.0 -0.0560461979592
35.5 -0.0566141898703
36.0 -0.0570877321915
36.5 -0.0574953539114
37.0 -0.0578485173891
37.5 -0.0581358834628
38.0 -0.0583441866285
38.5 -0.0584530835896
39.0 -0.0585017553491
39.5 -0.0585004738062
40.0 -0.0583831204565
40.5 -0.0582096229018
41.0 -0.0579597288655
41.5 -0.0576568760489
42.0 -0.0572623783486
42.5 -0.0568016517248
43.0 -0.0562884457797
43.5 -0.0556827406432
44.0 -0.0550276052945
44.5 -0.0543173615908
45.0 -0.0535560862821
45.5 -0.0527317115077
46.0 -0.051860655917
46.5 -0.0509723071543
47.0 -0.0500264709647
47.5 -0.0490243212465
48.0 -0.048011587175
48.5 -0.0469557230014
49.0 -0.0458839151976
49.5 -0.0447885053033
50.0 -0.0436426087047
50.5 -0.0425126072134
51.0 -0.0413833234322
51.5 -0.0402181002181
52.0 -0.0390700485034
52.5 -0.0378965235823
53.0 -0.0367465749904
53.5 -0.0355791862794
54.0 -0.0344095207273
54.5 -0.0332673513481
55.0 -0.0320880607985
55.5 -0.0309402007676
56.0 -0.0298180897624
56.5 -0.0287211724519
57.0 -0.0276264376404
57.5 -0.026538703897
58.0 -0.0254891969048
58.5 -0.0244628103262
59.0 -0.0234335492097
59.5 -0.022425834982
60.0 -0.0214413995345
60.5 -0.0204977342357
61.0 -0.0195338578485
61.5 -0.0186091398456
62.0 -0.0177367588939
62.5 -0.0168567799193
63.0 -0.0160193784339
63.5 -0.0151862707903
64.0 -0.0143685262968
64.5 -0.0136004566038
65.0 -0.0128490872489
65.5 -0.0121240513192
66.0 -0.0113830466982
66.5 -0.0106787184501
67.0 -0.0100021855199
67.5 -0.00936084404904
68.0 -0.00874055392992
68.5 -0.00815839101919
69.0 -0.0075727459974
69.5 -0.00701624977085
70.0 -0.00647324176742
70.5 -0.00592826487554
71.0 -0.00542875803054
71.5 -0.00490887681227
72.0 -0.00438993994863
72.5 -0.00394324252706
73.0 -0.0035302506854
73.5 -0.0031327576506
74.0 -0.00274239509158
74.5 -0.00237312253915
75.0 -0.00192226709311
75.5 -0.00158554274725
76.0 -0.00124969382273
76.5 -0.000926347676328
77.0 -0.000597921149652
77.5 -0.000309277529881
78.0 -4.89500566339e-05
78.5 0.000294990248513
79.0 0.000508052598745
79.5 0.000742002065207
80.0 0.000972815645147
80.5 0.00116394121433
81.0 0.00146167020197
81.5 0.00164232709462
82.0 0.00183786344887
82.5 0.00204028182386
83.0 0.00216981445444
83.5 0.00230160179187
84.0 0.00247997453789
84.5 0.00261010338884
85.0 0.00275519252735
85.5 0.00287652684585
86.0 0.00302770972444
86.5 0.00307282722603
87.0 0.00318643711683
87.5 0.00333669083669
88.0 0.0034250218236
88.5 0.00353528966954
89.0 0.0036256012545
89.5 0.00363075939266
90.0 0.00370079636157
90.5 0.0037106126497
91.0 0.00374484138484
91.5 0.00373761080801
92.0 0.00382091981951
92.5 0.00392242775539
93.0 0.00389611433604
93.5 0.00385876368733
94.0 0.00396683486105
94.5 0.00401607815306
95.0 0.00396551309913
95.5 0.00383185890642
96.0 0.00390456929091
96.5 0.00399260704206
97.0 0.00393881728105
97.5 0.00386432604794
98.0 0.00383209639497
98.5 0.00381954100208
99.0 0.00380611421594
99.5 0.00374140689552
100.0 0.00369970176797
100.5 0.00354939184197
101.0 0.00342728438051
101.5 0.00339078325614
102.0 0.00333656848972
102.5 0.00326845538346
103.0 0.00323633348022
103.5 0.00312785707406
104.0 0.00308259348866
104.5 0.00310598678511
105.0 0.00286318184738
105.5 0.00268668328624
106.0 0.00254650419485
106.5 0.00228110645163
107.0 0.00221174038418
107.5 0.00214172732363
108.0 0.00200394869975
108.5 0.00185068333017
109.0 0.00165014586305
109.5 0.00152249823672
110.0 0.00177219378588
110.5 0.00135284795397
111.0 0.000933226813402
111.5 0.000570731467782
112.0 0.000326104656217
112.5 7.86969013404e-05
113.0 -2.29931007993e-05
113.5 -8.68156427742e-05
114.0 0.000382482338864
114.5 -0.000116867295574
115.0 -0.000434202349467
115.5 -0.000670954193907
116.0 -0.000239395882758
116.5 -0.000302700881051
117.0 -0.00070050954146
117.5 -0.00123723307904
118.0 0.00065466690944
118.5 0.00314576168316
119.0 0.00547476271397
119.5 0.0105199695106
120.0 0.00801353924969
120.5 0.00623471715366
121.0 0.00386977070728
121.5 0.00198526477951
122.0 -0.000284581803541
122.5 -0.000954471617248
123.0 -0.00101411359053
123.5 -0.000475793823526
124.0 -0.000364436874037
124.5 -0.00111166320498
125.0 -0.00107679836384
125.5 -0.000922325286169
126.0 -0.000847292516028
126.5 -0.000713927618534
127.0 -0.000969446601175
127.5 -0.000954357223932
128.0 -0.000685762443368
128.5 -0.000423516124101
129.0 -4.68567969847e-05
129.5 -0.000609221395777
130.0 -0.000197702092272
130.5 9.73284271168e-05
131.0 0.000136705475157
131.5 0.000324244871045
132.0 0.000365174117356
132.5 0.000537127177253
133.0 0.000814988273405
133.5 0.000846182940457
134.0 0.00100513982069
134.5 0.00117255943565
135.0 0.00099523018504
135.5 0.00152565404514
136.0 0.000922999635655
136.5 0.00100991261616
137.0 0.00131084033195
137.5 0.00125882913129
138.0 0.00143426778438
138.5 0.00150798144236
139.0 0.00143264320798
139.5 0.00157089785026
140.0 0.00164729795728
140.5 0.00168546338179
141.0 0.0019019562681
141.5 0.00176413590827
142.0 0.00200152171205
142.5 0.00191766710218
143.0 0.00190673029023
143.5 0.00196653435471
144.0 0.00183146447689
144.5 0.00182714609324
145.0 0.00185427083002
145.5 0.00202511265899
146.0 0.00210550137789
146.5 0.00210546039611
147.0 0.00215489385953
147.5 0.00226370800556
148.0 0.00226344031995
148.5 0.00226030203395
149.0 0.0024046598086
149.5 0.00253202793591
150.0 0.00216091797359
150.5 0.00226498430996
151.0 0.0024037716306
151.5 0.00259970414173
152.0 0.00248219607038
152.5 0.00245987299775
153.0 0.00263218361084
153.5 0.00267529645989
154.0 0.00251101871362
154.5 0.00243400283121
155.0 0.00250953867033
155.5 0.0026010920468
156.0 0.00264032841255
156.5 0.00276173805106
157.0 0.00297936475149
157.5 0.00298098633918
158.0 0.00286301112603
158.5 0.00295244146383
159.0 0.00311482711698
159.5 0.00322956007107
160.0 0.00338160226393
160.5 0.00333997462366
161.0 0.00332896881055
161.5 0.0033594442142
162.0 0.00323792302523
162.5 0.00345891262477
163.0 0.00369170980059
163.5 0.00372195661689
164.0 0.00367213078563
164.5 0.00367603362641
165.0 0.00376133653989
165.5 0.0038077824058
166.0 0.00347398328806
166.5 0.00383009697504
167.0 0.00402371241626
167.5 0.00409398653485
168.0 0.00424262221171
168.5 0.00446266916907
169.0 0.00435103948526
169.5 0.00415285077298
170.0 0.00464369236924
170.5 0.00479320753058
171.0 0.0042699594045
171.5 0.00466875118778
172.0 0.00485141420164
172.5 0.00526810562438
173.0 0.00552238008571
173.5 0.00573564158827
174.0 0.00552793185669
174.5 0.00481527985988
175.0 0.00517060045195
175.5 0.00452989777169
176.0 0.00418613007078
176.5 0.00373286495234
177.0 0.00287216390801
177.5 0.00368747973054
178.0 0.00294743923455
178.5 0.00236385227272
179.0 -8.93599463296e-05
179.5 -0.00216501720131
180.0 -0.00221493693503
180.5 -0.00162747380227
181.0 0.00361849279807
181.5 0.00652962887932
182.0 0.00612315037185
182.5 0.00763497004166
183.0 0.00609753137283
183.5 0.00589675994679
184.0 0.00550848281922
184.5 0.00457112746277
185.0 0.00415480711115
185.5 0.00380670003001
186.0 0.00381193645596
186.5 0.00366052057132
187.0 0.00355462382754
187.5 0.00323699700637
188.0 0.00287692384099
188.5 0.002656965949
189.0 0.00234907784082
189.5 0.00205501322259
190.0 0.00184405219551
190.5 0.00134578843017
191.0 0.00100081163401
191.5 0.000573581720886
192.0 0.000171371803617
192.5 -0.000179095270155
193.0 -0.000904953468037
193.5 -0.00137773896628
194.0 -0.0021514154093
194.5 -0.00304573667377
195.0 -0.00426150163642
195.5 -0.00595955820909
196.0 -0.00737311275411
196.5 -0.00891193909405
197.0 -0.0109798736466
197.5 -0.0126204664733
198.0 -0.0186243819733
198.5 -0.0254114598002
199.0 -0.0411073093375
199.5 -0.0647474891326
