0.0 0.00887246110045
0.5 0.0372769933549
1.0 0.05034621351
1.5 0.043909838551
2.0 0.0398206963301
2.5 0.0364626077403
3.0 0.0344566842909
3.5 0.0327679955695
4.0 0.0313510322861
4.5 0.0302087763054
5.0 0.0287929741637
5.5 0.0279934895544
6.0 0.0272481617862
6.5 0.0265412376953
7.0 0.0259239467646
7.5 0.025234024595
8.0 0.0245778671485
8.5 0.0240684129608
9.0 0.0235759519003
9.5 0.0230886033936
10.0 0.0225736601163
10.5 0.0221401110399
11.0 0.0215857274475
11.5 0.0210972503341
12.0 0.0206351540654
12.5 0.0201698452515
13.0 0.0196954439235
13.5 0.0192060175036
14.0 0.0187212378458
14.5 0.018253698325
15.0 0.0177032271403
15.5 0.0171859965064
16.0 0.0166798084408
16.5 0.0161657460317
17.0 0.0156105606343
17.5 0.0150239926953
18.0 0.0144382050319
18.5 0.0138270993989
19.0 0.0132263770374
19.5 0.0126010207557
20.0 0.0119655066979
20.5 0.011273366858
21.0 0.0105793420061
21.5 0.00988412352359
22.0 0.00914833089032
22.5 0.00838931721824
23.0 0.00762268858456
23.5 0.00682075816016
24.0 0.00598770663276
24.5 0.00514104949388
25.0 0.00428647955807
25.5 0.00339251419622
26.0 0.0024704238138
26.5 0.0015365873933
27.0 0.00059101695869
27.5 -0.000379198302451
28.0 -0.00138685937478
28.5 -0.00244094689301
29.0 -0.00348596069611
29.5 -0.00457267259329
30.0 -0.0056748536843
30.5 -0.00680953718571
31.0 -0.00796228765874
31.5 -0.00912004854232
32.0 -0.0103047161806
32.5 -0.0115115735242
33.0 -0.0127435723521
33.5 -0.0140085148468
34.0 -0.0152661951132
34.5 -0.0165643574976
35.0 -0.0178795147303
35.5 -0.0191852184827
36.0 -0.0205039408342
36.5 -0.021842327923
37.0 -0.0231938254136
37.5 -0.0245595876063
38.0 -0.0259195086802
38.5 -0.0272633250937
39.0 -0.0286403137155
39.5 -0.0300378557985
40.0 -0.031393896444
40.5 -0.0327701602208
41.0 -0.0341150481862
41.5 -0.0354593826633
42.0 -0.0367928562527
42.5 -0.0381033939214
43.0 -0.0393954197544
43.5 -0.0406789074285
44.0 -0.0419432668262
44.5 -0.0431308359117
45.0 -0.0442950290774
45.5 -0.0454478796344
46.0 -0.0465536391056
46.5 -0.0476316331601
47.0 -0.0486654229116
47.5 -0.0496339501217
48.0 -0.0505633490498
48.5 -0.0514183125226
49.0 -0.0522292140685
49.5 -0.0529868477731
50.0 -0.0536524377696
50.5 -0.0542773055465
51.0 -0.0548238830193
51.5 -0.0553023774526
52.0 -0.0557257417538
52.5 -0.0560597742363
53.0 -0.0563471448408
53.5 -0.0565558666188
54.0 -0.0566911786483
54.5 -0.0567650409514
55.0 -0.0567220855102
55.5 -0.0566527009277
56.0 -0.0564741685223
56.5 -0.0562650968683
57.0 -0.0559780119861
57.5 -0.055621247302
58.0 -0.0552231724978
58.5 -0.0547731787108
59.0 -0.0542716047407
59.5 -0.0537124007397
60.0 -0.0530984638193
60.5 -0.052452594783
61.0 -0.0517443332977
61.5 -0.0510143440256
62.0 -0.0502657256978
62.5 -0.0494520926727
63.0 -0.0486297232031
63.5 -0.0477908493258
64.0 -0.0469286204274
64.5 -0.0460655451112
65.0 -0.0451705127699
65.5 -0.0442328168565
66.0 -0.0433106616826
66.5 -0.0423985656796
67.0 -0.0414417547923
67.5 -0.0405059690501
68.0 -0.0395763778474
68.5 -0.0386752603003
69.0 -0.037750506732
69.5 -0.0367935734275
70.0 -0.0359039719814
70.5 -0.0350205194948
71.0 -0.034091175663
71.5 -0.0331849954836
72.0 -0.032321450785
72.5 -0.0314411653643
73.0 -0.030617740424
73.5 -0.0298126756568
74.0 -0.0289614463174
74.5 -0.0281734596783
75.0 -0.0273897284433
75.5 -0.0266291003738
76.0 -0.0258663065254
76.5 -0.025124326035
77.0 -0.0243911881566
77.5 -0.0236616432995
78.0 -0.0229863451579
78.5 -0.0223027190161
79.0 -0.0216847682414
79.5 -0.0210965466234
80.0 -0.0203919292719
80.5 -0.0197957610751
81.0 -0.0191916305641
81.5 -0.0186530712018
82.0 -0.0180948084009
82.5 -0.0175516610494
83.0 -0.0170372316509
83.5 -0.0165392148991
84.0 -0.01608358558
84.5 -0.0156141089472
85.0 -0.0151585004305
85.5 -0.0147436134646
86.0 -0.0142977331637
86.5 -0.0139388758647
87.0 -0.0135007349253
87.5 -0.0130392104684
88.0 -0.0127271745572
88.5 -0.0123632717283
89.0 -0.0119765135914
89.5 -0.0116469226442
90.0 -0.0113910573995
90.5 -0.0112543798157
91.0 -0.0107862211554
91.5 -0.010526029958
92.0 -0.0102827422826
92.5 -0.00997452028926
93.0 -0.00968981589168
93.5 -0.009452086776
94.0 -0.00923903239598
94.5 -0.00907895883907
95.0 -0.00882935375102
95.5 -0.00862038842812
96.0 -0.00840257590652
96.5 -0.00827259345038
97.0 -0.00817296091255
97.5 -0.00795992452716
98.0 -0.00776746056652
98.5 -0.00773412440899
99.0 -0.00763197441886
99.5 -0.00736361732979
100.0 -0.00712795464833
100.5 -0.00700279793735
101.0 -0.00691706485589
101.5 -0.0069419716694
102.0 -0.00684029290849
102.5 -0.00682227188162
103.0 -0.00677825629123
103.5 -0.00674847230277
104.0 -0.00679958013144
104.5 -0.00674882610098
105.0 -0.00679985430048
105.5 -0.0066217814577
106.0 -0.00669004174333
106.5 -0.00668351626801
107.0 -0.00661333891579
107.5 -0.00658581758181
108.0 -0.00668051325413
108.5 -0.00667478699519
109.0 -0.00651304201921
109.5 -0.0067015707622
110.0 -0.00673927073866
110.5 -0.00672796072176
111.0 -0.00725029263925
111.5 -0.00749701262668
112.0 -0.00758216346922
112.5 -0.00767433899328
113.0 -0.00722254574069
113.5 -0.00721443089139
114.0 -0.00775337772636
114.5 -0.00769291021359
115.0 -0.00764286976825
115.5 -0.00771840121308
116.0 -0.00678812147783
116.5 -0.0069571693215
117.0 -0.00735538607515
117.5 -0.00606554389515
118.0 -0.00486714614536
118.5 -0.00318373369814
119.0 -0.00103511563636
119.5 0.00482697075681
120.0 0.00344145097495
120.5 0.00043986029111
121.0 -0.00390275245718
121.5 -0.00830478804997
122.0 -0.00948117880378
122.5 -0.00963011003914
123.0 -0.00798558987765
123.5 -0.00779835259891
124.0 -0.00877303523629
124.5 -0.00764367075891
125.0 -0.00791892156543
125.5 -0.00705172984971
126.0 -0.007001235144
126.5 -0.00681093318164
127.0 -0.0072837767034
127.5 -0.00716786717142
128.0 -0.00669068692648
128.5 -0.00636561335962
129.0 -0.00582555371217
129.5 -0.00564626315945
130.0 -0.0058933259575
130.5 -0.0053457685685
131.0 -0.00515209445326
131.5 -0.00466386062823
132.0 -0.00452614635447
132.5 -0.00452593886479
133.0 -0.00435565166017
133.5 -0.00414946079641
134.0 -0.00374830019786
134.5 -0.00359734645383
135.0 -0.0038709102925
135.5 -0.00326296900784
136.0 -0.00297649085136
136.5 -0.00324441716107
137.0 -0.00312112001629
137.5 -0.00302463000652
138.0 -0.00266686154903
138.5 -0.0025363627534
139.0 -0.00262984907094
139.5 -0.0023066372384
140.0 -0.00198074968903
140.5 -0.00219250739983
141.0 -0.00191758536888
141.5 -0.00166860417262
142.0 -0.00165120646375
142.5 -0.0016604847306
143.0 -0.00151441556117
143.5 -0.00143125755015
144.0 -0.00134533081583
144.5 -0.00104744629136
145.0 -0.00084648687853
145.5 -0.000998466471969
146.0 -0.000906418106804
146.5 -0.000851318406889
147.0 -0.000789293422831
147.5 -0.000740873692261
148.0 -0.000616855644547
148.5 -0.0004169978849
149.0 -0.000262776435246
149.5 -0.000128303252867
150.0 -0.00028916814751
150.5 -0.000170462805886
151.0 1.44013923052e-05
151.5 0.000224343333684
152.0 0.000188740893075
152.5 0.000116013371402
153.0 0.00018867420266
153.5 0.000368236561728
154.0 0.000478063263079
154.5 0.00038892553666
155.0 0.000498966221054
155.5 0.000668976760288
156.0 0.000827086539299
156.5 0.00102463769488
157.0 0.00102759186165
157.5 0.000923581538245
158.0 0.000996602752863
158.5 0.00129103341753
159.0 0.00140507450979
159.5 0.00136692101572
160.0 0.001419553787
160.5 0.00146681034086
161.0 0.00135137274416
161.5 0.00159799074787
162.0 0.0018590402738
162.5 0.00205506429467
163.0 0.00215143355188
163.5 0.00218425077926
164.0 0.00218815360275
164.5 0.00222788126214
165.0 0.00241281581901
165.5 0.00242372105033
166.0 0.00239401028259
166.5 0.00268068707145
167.0 0.00244594867604
167.5 0.00268816853363
168.0 0.003152044431
168.5 0.0034823155781
169.0 0.00366299390379
169.5 0.00381319342953
170.0 0.00388248752668
170.5 0.00342489697827
171.0 0.00402611314585
171.5 0.00431326752151
172.0 0.00444463532668
172.5 0.0048365632979
173.0 0.00474184152408
173.5 0.00464181770506
174.0 0.00511711190491
174.5 0.00534488234304
175.0 0.00547319425657
175.5 0.00534086769264
176.0 0.00467899353367
176.5 0.0057217980622
177.0 0.00663285850979
177.5 0.00877682943955
178.0 0.00537568637304
178.5 0.00530057111541
179.0 0.00228194205654
179.5 -0.000644523931697
180.0 -0.00116719343742
180.5 -0.00525228529851
181.0 -0.0054140206628
181.5 -0.00205644583643
182.0 -0.000382117891348
182.5 -1.67427075155e-05
183.0 0.000832886481774
183.5 0.00158694517093
184.0 0.00121384122951
184.5 0.00108206403426
185.0 0.000990278104283
185.5 0.00155557277286
186.0 0.00145513359573
186.5 0.00133086430786
187.0 0.00116496703706
187.5 0.00094664405637
188.0 0.000613617627138
188.5 0.000617960000866
189.0 0.000416722237617
189.5 8.46650816584e-05
190.0 -0.000146385209561
190.5 -0.000526576398727
191.0 -0.000719202981387
191.5 -0.000987506780902
192.0 -0.00133189987854
192.5 -0.0015690502985
193.0 -0.00205415137629
193.5 -0.00242038706472
194.0 -0.00292203213176
194.5 -0.00358732761086
195.0 -0.00456817036172
195.5 -0.00591428206377
196.0 -0.0066701971276
196.5 -0.00731153586491
197.0 -0.00951662992412
197.5 -0.0108958086773
198.0 -0.0147286952708
198.5 -0.0199902872375
199.0 -0.0296317384982
199.5 -0.0459530345836
