0.0 0.00616941110898
0.5 0.0313057150319
1.0 0.0399470214313
1.5 0.034280479691
2.0 0.0312406582908
2.5 0.0283596161289
3.0 0.027256163877
3.5 0.0260479851293
4.0 0.0249992303824
4.5 0.0242048304513
5.0 0.0230479708748
5.5 0.0225445202856
6.0 0.0220158594332
6.5 0.0214950140591
7.0 0.021098002921
7.5 0.0206125155825
8.0 0.020224388312
8.5 0.0198411852782
9.0 0.019493500095
9.5 0.0191514600546
10.0 0.0186331975134
10.5 0.0183044790596
11.0 0.0179415996863
11.5 0.0175689356524
12.0 0.017171232178
12.5 0.0167839788784
13.0 0.0163880636665
13.5 0.0159689818603
14.0 0.0154456612838
14.5 0.0150113796279
15.0 0.0145637697097
15.5 0.0140606546613
16.0 0.0135511479662
16.5 0.0130457131628
17.0 0.0125000100521
17.5 0.0119160578608
18.0 0.0113361202778
18.5 0.0107226792272
19.0 0.010117050007
19.5 0.00948930897086
20.0 0.00881791325883
20.5 0.00814426449704
21.0 0.00747825441013
21.5 0.00677430365739
22.0 0.006048160454
22.5 0.00531137817121
23.0 0.00457345735158
23.5 0.00380434188189
24.0 0.00301456545873
24.5 0.0022207657092
25.0 0.00142507400778
25.5 0.000619360115986
26.0 -0.000188035790591
26.5 -0.0010029496635
27.0 -0.00183423489572
27.5 -0.00266066782164
28.0 -0.00349964473194
28.5 -0.00435888203246
29.0 -0.00519481089273
29.5 -0.00606577980814
30.0 -0.00688776482582
30.5 -0.00772394289798
31.0 -0.00857167948337
31.5 -0.00941938387834
32.0 -0.0102603907919
32.5 -0.0110708876507
33.0 -0.0118936239478
33.5 -0.0127269533512
34.0 -0.0135268141295
34.5 -0.0143503826812
35.0 -0.0151608143377
35.5 -0.0159448868452
36.0 -0.0167309012486
36.5 -0.0174983681362
37.0 -0.0182437765963
37.5 -0.0189859460019
38.0 -0.0197248102119
38.5 -0.0204564060913
39.0 -0.0211481867368
39.5 -0.0218487388005
40.0 -0.0225208880657
40.5 -0.0231930434614
41.0 -0.0238282778632
41.5 -0.0244572540484
42.0 -0.0250668572607
42.5 -0.0256446863509
43.0 -0.0261998373777
43.5 -0.0267455028332
44.0 -0.0272761261759
44.5 -0.0277804390202
45.0 -0.0282643075185
45.5 -0.0287335140746
46.0 -0.0291663159759
46.5 -0.0295793393161
47.0 -0.0299842616862
47.5 -0.0303354666279
48.0 -0.0306660568517
48.5 -0.0309667673109
49.0 -0.0312467170772
49.5 -0.0315017733453
50.0 -0.0317138954891
50.5 -0.0319200982625
51.0 -0.032104616163
51.5 -0.0322303788759
52.0 -0.0323394811419
52.5 -0.0323972511325
53.0 -0.0324629922869
53.5 -0.0324992503408
54.0 -0.0324849888648
54.5 -0.0324601717391
55.0 -0.0323788839385
55.5 -0.0322669967348
56.0 -0.0321519289055
56.5 -0.0319888818055
57.0 -0.0318128396087
57.5 -0.0315945845319
58.0 -0.0313685247585
58.5 -0.0311116261404
59.0 -0.0308146994893
59.5 -0.0305139017746
60.0 -0.0301727607852
60.5 -0.0297905141484
61.0 -0.0293841802435
61.5 -0.0289866764593
62.0 -0.0285969746369
62.5 -0.0281568558206
63.0 -0.0277159728684
63.5 -0.0272317993909
64.0 -0.0267483025304
64.5 -0.0262739875345
65.0 -0.0257751154347
65.5 -0.0252478137121
66.0 -0.0247171134466
66.5 -0.0241858189138
67.0 -0.0236497186041
67.5 -0.0230900477012
68.0 -0.0225745872974
68.5 -0.0220633344909
69.0 -0.0214924231785
69.5 -0.020961898783
70.0 -0.0204245691525
70.5 -0.0198845418586
71.0 -0.019349570942
71.5 -0.0188285066477
72.0 -0.0182580813031
72.5 -0.0177316662624
73.0 -0.0172752567856
73.5 -0.0167597357487
74.0 -0.0162826985993
74.5 -0.015790841369
75.0 -0.0152951093942
75.5 -0.0148394815895
76.0 -0.0144103423273
76.5 -0.0139252255187
77.0 -0.0134538512649
77.5 -0.0130267671555
78.0 -0.012635121743
78.5 -0.0122648549143
79.0 -0.0118897474033
79.5 -0.0114330240626
80.0 -0.0110686636837
80.5 -0.0107166697334
81.0 -0.0103471231636
81.5 -0.0100290606451
82.0 -0.00968375649677
82.5 -0.00933617571583
83.0 -0.00904824614538
83.5 -0.00872169100134
84.0 -0.00843660067274
84.5 -0.00817832865946
85.0 -0.00793794148929
85.5 -0.00764242740561
86.0 -0.00739120024735
86.5 -0.00716924617585
87.0 -0.00691792389427
87.5 -0.00660319179701
88.0 -0.00644103397807
88.5 -0.00627901063054
89.0 -0.00602116357433
89.5 -0.00582512682346
90.0 -0.00576121547093
90.5 -0.00560547839357
91.0 -0.00543553060366
91.5 -0.0051896799099
92.0 -0.00510745016617
92.5 -0.0050039567546
93.0 -0.00485085464869
93.5 -0.00471224307895
94.0 -0.00452063492406
94.5 -0.00429501777001
95.0 -0.00438252460619
95.5 -0.0042647229557
96.0 -0.00420955289805
96.5 -0.00404078944661
97.0 -0.00401983224468
97.5 -0.00407914249288
98.0 -0.00398174256924
98.5 -0.00378689532904
99.0 -0.00372877310731
99.5 -0.00349737721028
100.0 -0.00334285158065
100.5 -0.00347094982028
101.0 -0.00339185580274
101.5 -0.00346316069671
102.0 -0.00337864293632
102.5 -0.00346848483709
103.0 -0.00353383054755
103.5 -0.00347190131349
104.0 -0.00344419326083
104.5 -0.00352886800689
105.0 -0.00342041334397
105.5 -0.00344437418656
106.0 -0.0030708607792
106.5 -0.0032917862851
107.0 -0.00336481460497
107.5 -0.00344228229348
108.0 -0.00361878593534
108.5 -0.00377168863644
109.0 -0.0037823858831
109.5 -0.00380668227346
110.0 -0.00356137371234
110.5 -0.0038836229212
111.0 -0.00365167626104
111.5 -0.00420057768414
112.0 -0.00443893400471
112.5 -0.00465205080999
113.0 -0.0048912024385
113.5 -0.00516716015932
114.0 -0.00467150982351
114.5 -0.00421712054209
115.0 -0.00454604186359
115.5 -0.00392527820814
116.0 -0.00431856063993
116.5 -0.00449322820508
117.0 -0.00373119181994
117.5 -0.00453758008801
118.0 -0.00375824304675
118.5 -0.00212839995199
119.0 0.000386020370129
119.5 0.00924927360842
120.0 0.0114566896427
120.5 0.00784826771402
121.0 0.00171082105304
121.5 -0.00485269615181
122.0 -0.00754227338697
122.5 -0.0065084950857
123.0 -0.00676589419574
123.5 -0.00694609162201
124.0 -0.00573527996784
124.5 -0.0059397048247
125.0 -0.00513073377832
125.5 -0.00515267866305
126.0 -0.00562596156024
126.5 -0.00542137886269
127.0 -0.00526746950375
127.5 -0.00484119932837
128.0 -0.00491526797396
128.5 -0.00526734049914
129.0 -0.00478184942965
129.5 -0.00454047846502
130.0 -0.00420861039994
130.5 -0.0040420923106
131.0 -0.00404891998699
131.5 -0.00390701789902
132.0 -0.00359511853927
132.5 -0.00334115485816
133.0 -0.00322898918547
133.5 -0.00321126385943
134.0 -0.00307347365208
134.5 -0.00270193659415
135.0 -0.00266234747212
135.5 -0.0022209247888
136.0 -0.00258916102266
136.5 -0.00257994124988
137.0 -0.00223757890558
137.5 -0.00223417984597
138.0 -0.00209730280929
138.5 -0.00194868616858
139.0 -0.00191571917722
139.5 -0.00176281986834
140.0 -0.00142362960236
140.5 -0.0018589294294
141.0 -0.00152888121224
141.5 -0.00154144501715
142.0 -0.00149788553818
142.5 -0.0014199642918
143.0 -0.00131099299415
143.5 -0.00134637231109
144.0 -0.00132514248341
144.5 -0.00103628458591
145.0 -0.000770975625945
145.5 -0.000928442688448
146.0 -0.000869227585556
146.5 -0.000810610375239
147.0 -0.000685720894459
147.5 -0.000573726936607
148.0 -0.000436099699694
148.5 -0.000276509834816
149.0 -0.000205238128142
149.5 -8.0701248951e-05
150.0 9.4150331833e-05
150.5 -5.94230383872e-05
151.0 -6.96104539042e-05
151.5 3.39790381983e-05
152.0 0.000242089363355
152.5 0.000225988690906
153.0 0.000158757611523
153.5 0.000185481873185
154.0 0.00029711372083
154.5 0.000466117341295
155.0 0.000609348203309
155.5 0.000797270042492
156.0 0.000769923061625
156.5 0.000726524318004
157.0 0.000682611134149
157.5 0.000820048401522
158.0 0.00100969952603
158.5 0.00114782070489
159.0 0.00110361441374
159.5 0.00108142506646
160.0 0.00115302497584
160.5 0.00115682301645
161.0 0.00119344442631
161.5 0.0010848682687
162.0 0.00126148996453
162.5 0.0014633317103
163.0 0.00161630312445
163.5 0.00175877198303
164.0 0.00190022991829
164.5 0.00193038769296
165.0 0.00174937535414
165.5 0.00196806331108
166.0 0.00200671715172
166.5 0.00218106168918
167.0 0.00232394655725
167.5 0.00248606263779
168.0 0.00272828486245
168.5 0.00298173989674
169.0 0.00306871985509
169.5 0.00324752750892
170.0 0.00338613645943
170.5 0.00341877095848
171.0 0.00288755034417
171.5 0.00323750608644
172.0 0.00352028771066
172.5 0.00394932474187
173.0 0.00415159084316
173.5 0.0043040313832
174.0 0.00441225088807
174.5 0.00443608184537
175.0 0.00456949030894
175.5 0.00423321011112
176.0 0.00450259498163
176.5 0.00492911856121
177.0 0.00517377244279
177.5 0.00587085733879
178.0 0.005950893053
178.5 0.00414404443143
179.0 -0.00108110068909
179.5 -0.0037759831274
180.0 -0.00368268789857
180.5 -0.00561817702445
181.0 -0.00282173408873
181.5 -0.000413405855383
182.0 -0.000719589342054
182.5 0.00202497352736
183.0 0.00129221934635
183.5 0.00133664752491
184.0 0.00110647243318
184.5 0.00104624365959
185.0 0.00101770574103
185.5 0.000794405413387
186.0 0.000920817337672
186.5 0.000852053416622
187.0 0.000665143590254
187.5 0.000528701311211
188.0 0.000344681247427
188.5 3.58964111911e-05
189.0 -0.000153395780941
189.5 -0.000371233436553
190.0 -0.000754745444397
190.5 -0.0011936002678
191.0 -0.00141854861654
191.5 -0.00179966101274
192.0 -0.00221312609463
192.5 -0.00254846181632
193.0 -0.00311454780248
193.5 -0.00364197974261
194.0 -0.00463735534338
194.5 -0.00550743948483
195.0 -0.00641346447777
195.5 -0.00813381762042
196.0 -0.0095800244175
196.5 -0.0114285834993
197.0 -0.0138288210643
197.5 -0.0160203159768
198.0 -0.0214081636847
198.5 -0.0290000480926
199.0 -0.0442476499631
199.5 -0.0687147878629
