0.0 0.00336359523675
0.5 0.0157353365937
1.0 0.0176989681657
1.5 0.0137996011504
2.0 0.011357477442
2.5 0.00962326727943
3.0 0.00846218730745
3.5 0.00736371172939
4.0 0.00641720388814
4.5 0.00520064757406
5.0 0.004418793653
5.5 0.00379897576533
6.0 0.00307380432299
6.5 0.00237301244981
7.0 0.00180746403283
7.5 0.00116031627768
8.0 0.000564925666776
8.5 -0.000131653492224
9.0 -0.000642257091021
9.5 -0.00123120072286
10.0 -0.00184347401847
10.5 -0.00241733139499
11.0 -0.00301537336422
11.5 -0.00361628107231
12.0 -0.00423232226549
12.5 -0.0048278795561
13.0 -0.00542735235703
13.5 -0.00604350746575
14.0 -0.00664947677059
14.5 -0.00732064352525
15.0 -0.0079164245252
15.5 -0.00855425414803
16.0 -0.00918186914466
16.5 -0.00980861217335
17.0 -0.0104353710699
17.5 -0.0110655549152
18.0 -0.01172436684
18.5 -0.0123702148673
19.0 -0.0129883418245
19.5 -0.0136260013981
20.0 -0.0142262975954
20.5 -0.014823170091
21.0 -0.0154233810876
21.5 -0.0159886607145
22.0 -0.0165495177485
22.5 -0.0170934764114
23.0 -0.0176377065962
23.5 -0.0181637240403
24.0 -0.0186573250197
24.5 -0.0191513759814
25.0 -0.0195952154371
25.5 -0.020017798214
26.0 -0.0204244557036
26.5 -0.0208025006349
27.0 -0.0211648572545
27.5 -0.0214699535703
28.0 -0.0217720097529
28.5 -0.0220721487394
29.0 -0.0223168062752
29.5 -0.0225676772076
30.0 -0.0227531794661
30.5 -0.0229114432765
31.0 -0.0230575230564
31.5 -0.0231671512412
32.0 -0.0232491553897
32.5 -0.0233170883062
33.0 -0.0233638611621
33.5 -0.0233655227603
34.0 -0.0233603920933
34.5 -0.0233467203783
35.0 -0.0233076378296
35.5 -0.023222136804
36.0 -0.0231212947101
36.5 -0.0230091821895
37.0 -0.022883770429
37.5 -0.0227348555167
38.0 -0.0225564790067
38.5 -0.0223824724145
39.0 -0.0221713472315
39.5 -0.0219640394347
40.0 -0.0217514380162
40.5 -0.0215027265217
41.0 -0.0212447757853
41.5 -0.0209931335378
42.0 -0.0207092477699
42.5 -0.0204191432998
43.0 -0.0201351911302
43.5 -0.0198180299787
44.0 -0.0195032099467
44.5 -0.0191803550018
45.0 -0.0188439640327
45.5 -0.0185241757272
46.0 -0.0181835398427
46.5 -0.0178466056358
47.0 -0.0175012825516
47.5 -0.0171450839245
48.0 -0.0168115043157
48.5 -0.0164448005465
49.0 -0.0160604320895
49.5 -0.0157021030185
50.0 -0.0153195072826
50.5 -0.0149575370986
51.0 -0.0145793482274
51.5 -0.014195307562
52.0 -0.013835934482
52.5 -0.0134727528038
53.0 -0.0131145600732
53.5 -0.0127364410465
54.0 -0.0123640803626
54.5 -0.0120214624511
55.0 -0.011645442289
55.5 -0.0112807502511
56.0 -0.0109396075377
56.5 -0.0105643961
57.0 -0.0102168332962
57.5 -0.00987408305345
58.0 -0.00953459942861
58.5 -0.00919512812835
59.0 -0.00885857286374
59.5 -0.00854132299881
60.0 -0.00821569656351
60.5 -0.00788566736519
61.0 -0.00753263562654
61.5 -0.0072146838207
62.0 -0.00693356803794
62.5 -0.0066228572475
63.0 -0.0063280113061
63.5 -0.00604437237005
64.0 -0.00576105712833
64.5 -0.00549219923131
65.0 -0.00520292418493
65.5 -0.00492980280729
66.0 -0.00462073015039
66.5 -0.00436480340043
67.0 -0.0041236987478
67.5 -0.00387692589437
68.0 -0.00363967064238
68.5 -0.00343032411802
69.0 -0.00320118667992
69.5 -0.00297648040825
70.0 -0.00276115716018
70.5 -0.00254622989854
71.0 -0.00233641015069
71.5 -0.00213055427668
72.0 -0.00192039683856
72.5 -0.00174435661946
73.0 -0.00159837061149
73.5 -0.0014254210018
74.0 -0.00125821429807
74.5 -0.00110526788719
75.0 -0.000948528496345
75.5 -0.00080355541269
76.0 -0.0006465140158
76.5 -0.000496002490229
77.0 -0.000387228517782
77.5 -0.000253404903248
78.0 -0.000100607607877
78.5 -4.66714535126e-05
79.0 3.03191631925e-05
79.5 0.00020995088019
80.0 0.000296570776831
80.5 0.00038001917479
81.0 0.000490726930645
81.5 0.000552887756072
82.0 0.000649362302536
82.5 0.000758155096449
83.0 0.00080294108184
83.5 0.00088627824044
84.0 0.000942820196808
84.5 0.000974732177102
85.0 0.00101329830882
85.5 0.00103887221523
86.0 0.00112642301236
86.5 0.00116562832039
87.0 0.0011986678107
87.5 0.00127183284501
88.0 0.00129506706039
88.5 0.00134707639597
89.0 0.00136845228398
89.5 0.00132042456899
90.0 0.00136744779857
90.5 0.00135425472072
91.0 0.00133611534454
91.5 0.00135701725126
92.0 0.00136282976342
92.5 0.00134811814038
93.0 0.00132030617196
93.5 0.00131452275896
94.0 0.00132542950579
94.5 0.00123428965626
95.0 0.00124835042594
95.5 0.00126135503932
96.0 0.00123622039709
96.5 0.0012492613445
97.0 0.00122722762015
97.5 0.0012158807485
98.0 0.0011790803541
98.5 0.00106146454099
99.0 0.000962420811661
99.5 0.000975630651109
100.0 0.000916738399852
100.5 0.000956118653264
101.0 0.00102237779495
101.5 0.000925755220848
102.0 0.000707239202789
102.5 0.000497813942467
103.0 0.000484300862368
103.5 0.000516143166216
104.0 0.000528346178385
104.5 0.000343645085863
105.0 0.000205298978543
105.5 3.57974505292e-05
106.0 6.51890159276e-05
106.5 -0.00018996263352
107.0 -0.000188813410901
107.5 -0.000252244816522
108.0 -0.000440586228919
108.5 -0.000660645370957
109.0 -0.000869616785607
109.5 -0.00101733695458
110.0 -0.000994122191351
110.5 -0.000614504305481
111.0 -0.00113263296847
111.5 -0.00147082961312
112.0 -0.00164298677592
112.5 -0.00187105546722
113.0 -0.00211910432266
113.5 -0.00204917051063
114.0 -0.00133949724091
114.5 -0.0025050500933
115.0 -0.00231074476693
115.5 -0.00134865445715
116.0 -0.00132819005935
116.5 -0.00127638329218
117.0 -0.000239691708003
117.5 -0.000727169777932
118.0 -0.000413727310558
118.5 2.04137118516e-05
119.0 0.000592283339188
119.5 0.00786866745393
120.0 0.0113860574155
120.5 0.0107968652729
121.0 0.00568940149805
121.5 -1.22893002299e-05
122.0 -0.00156569404946
122.5 -0.00130373672617
123.0 -0.00142866844739
123.5 -0.00163589521617
124.0 -0.0029283878785
124.5 -0.00226950683005
125.0 -0.00219304603912
125.5 -0.00184220063355
126.0 -0.00145313530795
126.5 -0.00135916180309
127.0 -0.00223094057237
127.5 -0.00221168087428
128.0 -0.0015056238248
128.5 -0.00139773036656
129.0 -0.00172699345511
129.5 -0.0014985230281
130.0 -0.00101020558193
130.5 -0.000628807200371
131.0 -0.00118862049145
131.5 -0.000966891182941
132.0 -0.000494407835539
132.5 -0.000682779983578
133.0 -0.000793644973882
133.5 -0.000641307122592
134.0 -0.000661069840028
134.5 -0.00029945786634
135.0 -0.000498407573083
135.5 -0.000255120137304
136.0 -0.000464158697099
136.5 -3.25039307221e-05
137.0 0.000162689232152
137.5 9.70483563165e-05
138.0 0.000156704877469
138.5 0.000112975189968
139.0 0.000216545273506
139.5 0.000305513831648
140.0 0.000409067441829
140.5 0.00058293733802
141.0 0.000130945317583
141.5 0.000411876579186
142.0 0.000502873622498
142.5 0.000438505775858
143.0 0.000564431753665
143.5 0.000666389404742
144.0 0.000645504298111
144.5 0.000769077353253
145.0 0.00111673968204
145.5 0.00079764373798
146.0 0.000821641869696
146.5 0.000775313153985
147.0 0.00082124994351
147.5 0.000766590147552
148.0 0.000904110197006
148.5 0.00115142457426
149.0 0.0011523355842
149.5 0.00121354775053
150.0 0.00121499330469
150.5 0.00109449834438
151.0 0.00106031805393
151.5 0.00132115810608
152.0 0.00139712887419
152.5 0.00123381033588
153.0 0.00123723758197
153.5 0.00143814900202
154.0 0.00162500382246
154.5 0.00178730744988
155.0 0.00196046609205
155.5 0.00188506554169
156.0 0.00190032141485
156.5 0.00190709840899
157.0 0.00192993089393
157.5 0.00184342767569
158.0 0.00188009662554
158.5 0.0021325473904
159.0 0.00228057533813
159.5 0.002396605119
160.0 0.00250388966442
160.5 0.00244359437375
161.0 0.00227204394505
161.5 0.00247608875944
162.0 0.00272580935484
162.5 0.0029222380344
163.0 0.00301375210361
163.5 0.00304451527207
164.0 0.00304946215085
164.5 0.00308022796257
165.0 0.00324738625127
165.5 0.00305304645624
166.0 0.00335429634278
166.5 0.00360716871756
167.0 0.00371297855214
167.5 0.00386569540584
168.0 0.00384335427226
168.5 0.00394461639544
169.0 0.00429659496759
169.5 0.00447428933544
170.0 0.00452184873005
170.5 0.00453229095102
171.0 0.00471414880776
171.5 0.00485087671875
172.0 0.00506121031397
172.5 0.00540251363999
173.0 0.00552063902192
173.5 0.00565029813916
174.0 0.00568432178464
174.5 0.00559604445081
175.0 0.00558601476986
175.5 0.00514660403704
176.0 0.0056252026842
176.5 0.00502881520025
177.0 0.00555946719605
177.5 0.00690241694195
178.0 0.00532133065256
178.5 0.00324582195213
179.0 -0.000265879623853
179.5 -0.00144580656428
180.0 -0.000419024963747
180.5 -0.0034703008682
181.0 -0.0036261322205
181.5 -0.00140221934407
182.0 0.000733787458287
182.5 0.00131973701845
183.0 0.00150214405484
183.5 0.00151475038345
184.0 0.00147808415819
184.5 0.0020889425668
185.0 0.00180057454489
185.5 0.00128932570691
186.0 0.00195310310995
186.5 0.00167803350176
187.0 0.00145870621574
187.5 0.00113523940004
188.0 0.000719107424274
188.5 0.000489279351285
189.0 0.000254585721663
189.5 9.62608552584e-05
190.0 -0.000285485974231
190.5 -0.00071053138501
191.0 -0.000986359942672
191.5 -0.00139600056819
192.0 -0.00174627899823
192.5 -0.00206367568532
193.0 -0.0027688226493
193.5 -0.00325144879834
194.0 -0.00411980020715
194.5 -0.00505883210312
195.0 -0.00595694577453
195.5 -0.00756978083682
196.0 -0.00858797232414
196.5 -0.011092504221
197.0 -0.0135052581771
197.5 -0.0158863134774
198.0 -0.0212301539607
198.5 -0.0287300027451
199.0 -0.0441506187414
199.5 -0.069753652788
