0.0 0.0030096533662
0.5 0.0251964669668
1.0 0.0255926589596
1.5 0.0202139263294
2.0 0.0170072753214
2.5 0.0144027910496
3.0 0.0129810283012
3.5 0.0117291833594
4.0 0.0105897829362
4.5 0.00965763694553
5.0 0.00838870437216
5.5 0.00770491907387
6.0 0.00699250494333
6.5 0.00633063679033
7.0 0.00575719454375
7.5 0.00511469939205
8.0 0.00455917349904
8.5 0.00398042526262
9.0 0.00329892311908
9.5 0.0028036520694
10.0 0.00225647004927
10.5 0.00172513162097
11.0 0.00116283695322
11.5 0.000601401268987
12.0 2.71160989982e-05
12.5 -0.000585974434356
13.0 -0.00113482260888
13.5 -0.00170067747674
14.0 -0.00227855268805
14.5 -0.00292637327775
15.0 -0.00348575025457
15.5 -0.0040853227468
16.0 -0.00468061423952
16.5 -0.00529069103113
17.0 -0.00587331172227
17.5 -0.0064710863896
18.0 -0.00710261064303
18.5 -0.00772426046761
19.0 -0.00832268011812
19.5 -0.00894943474513
20.0 -0.00954591522457
20.5 -0.0101337356219
21.0 -0.0107133081843
21.5 -0.0113031538505
22.0 -0.0118871064369
22.5 -0.0124175602596
23.0 -0.0129927434704
23.5 -0.0135350706492
24.0 -0.0140572787375
24.5 -0.0145847538105
25.0 -0.0150722620419
25.5 -0.0155456969384
26.0 -0.0160000240572
26.5 -0.0164372763256
27.0 -0.0168711303772
27.5 -0.0172570633601
28.0 -0.0176449935957
28.5 -0.0180268143641
29.0 -0.0183740225188
29.5 -0.0187025907091
30.0 -0.0189983655094
30.5 -0.0192859276759
31.0 -0.0195400573195
31.5 -0.0197557979915
32.0 -0.0199678230171
32.5 -0.0201628957315
33.0 -0.0203433450095
33.5 -0.0204833309436
34.0 -0.0206376210635
34.5 -0.0207559950491
35.0 -0.0208533956261
35.5 -0.0209381253276
36.0 -0.0209918389676
36.5 -0.0210243695601
37.0 -0.0210466041246
37.5 -0.0210579149895
38.0 -0.0210524447934
38.5 -0.0210133679914
39.0 -0.0209678344482
39.5 -0.0209196230433
40.0 -0.0208488780432
40.5 -0.0207665218257
41.0 -0.0206757800382
41.5 -0.0205879756988
42.0 -0.0204604645347
42.5 -0.0203111432024
43.0 -0.0201648578946
43.5 -0.0200040548635
44.0 -0.0198450108671
44.5 -0.0196659748333
45.0 -0.0194654556049
45.5 -0.0192718960062
46.0 -0.019066738147
46.5 -0.0188382709753
47.0 -0.0186170138274
47.5 -0.0183841411809
48.0 -0.0181626322631
48.5 -0.0179155151942
49.0 -0.0176572021736
49.5 -0.0174105924623
50.0 -0.0171074083241
50.5 -0.0168258243633
51.0 -0.0165543004035
51.5 -0.0162815259508
52.0 -0.0160161758629
52.5 -0.0157328184386
53.0 -0.0154498374284
53.5 -0.0151513214816
54.0 -0.0148524653779
54.5 -0.0145408461596
55.0 -0.014221502444
55.5 -0.0139200368199
56.0 -0.0135957479693
56.5 -0.0132968056311
57.0 -0.012984271973
57.5 -0.0126627096052
58.0 -0.01237695155
58.5 -0.012073487201
59.0 -0.0117542367781
59.5 -0.0114546763474
60.0 -0.0111449752621
60.5 -0.0108170405472
61.0 -0.0104948314556
61.5 -0.0101875967184
62.0 -0.00990565216685
62.5 -0.00960258839449
63.0 -0.00932087012074
63.5 -0.00903434725266
64.0 -0.00872760420354
64.5 -0.00846006320823
65.0 -0.00815738511216
65.5 -0.0078737446236
66.0 -0.00759489215204
66.5 -0.00732316990335
67.0 -0.00705632882343
67.5 -0.00679844982937
68.0 -0.00654046866919
68.5 -0.00631470454663
69.0 -0.00606975935512
69.5 -0.00578768413879
70.0 -0.0055762296457
70.5 -0.00533932630561
71.0 -0.00504427931815
71.5 -0.0048202875853
72.0 -0.00462144466637
72.5 -0.00439433644904
73.0 -0.00421066451586
73.5 -0.00400964442012
74.0 -0.00377762846079
74.5 -0.00361990241644
75.0 -0.00344602500593
75.5 -0.00327269605903
76.0 -0.00307977991721
76.5 -0.00289661931356
77.0 -0.00269880013293
77.5 -0.00252709302359
78.0 -0.00240966212287
78.5 -0.00223242738704
79.0 -0.00211294503448
79.5 -0.00199873209624
80.0 -0.00185479905293
80.5 -0.00174157400025
81.0 -0.00160291910515
81.5 -0.00148611068977
82.0 -0.00135504150735
82.5 -0.00125005091122
83.0 -0.00112404766169
83.5 -0.00102687375934
84.0 -0.000940678096676
84.5 -0.000899719120035
85.0 -0.000784173226357
85.5 -0.00071929629571
86.0 -0.000621814256984
86.5 -0.000571429275368
87.0 -0.000505677288867
87.5 -0.000383820654729
88.0 -0.000356448955408
88.5 -0.000308710963303
89.0 -0.000217263128778
89.5 -0.000221888456252
90.0 -0.000134697411863
90.5 -9.4167269296e-05
91.0 -7.69029218723e-05
91.5 -0.000109186403034
92.0 -6.34077048502e-05
92.5 1.14191795042e-05
93.0 3.58272367151e-05
93.5 5.97973855108e-05
94.0 0.000155840341439
94.5 0.000137689555636
95.0 6.56773557743e-05
95.5 9.56223259223e-05
96.0 5.2286319864e-05
96.5 6.55021266489e-05
97.0 -0.000126547611963
97.5 -0.00014839541625
98.0 4.65440682973e-06
98.5 2.29774457416e-05
99.0 -4.0757408744e-05
99.5 5.18608579796e-05
100.0 -1.94205402195e-05
100.5 7.28492148241e-05
101.0 -2.07878919838e-05
101.5 -0.000173878828065
102.0 -3.74193915604e-05
102.5 -0.000101518382444
103.0 -0.000308790050347
103.5 -0.000443197563527
104.0 -0.00047013822212
104.5 -0.00062870475184
105.0 -0.000233804491884
105.5 -0.000568427114878
106.0 -0.000553905413746
106.5 -0.000805734560764
107.0 -0.000882481631791
107.5 -0.000972525674626
108.0 -0.00119585684607
108.5 -0.00143413812246
109.0 -0.00162649128276
109.5 -0.00149398676457
110.0 -0.00166850792909
110.5 -0.00152742248037
111.0 -0.00187385070291
111.5 -0.00196492199368
112.0 -0.00221377611327
112.5 -0.00207515683012
113.0 -0.00193120106772
113.5 -0.00258752780552
114.0 -0.00288122535143
114.5 -0.00309722958542
115.0 -0.00186740712586
115.5 -0.00209847866401
116.0 -0.00269785831765
116.5 -0.00164816596951
117.0 -0.00188045207031
117.5 -0.00279189051636
118.0 -0.00117036737117
118.5 0.000303260657049
119.0 0.000780196470487
119.5 0.00762092800375
120.0 0.00970876241114
120.5 0.00969534681913
121.0 0.00916501629763
121.5 0.0020618506488
122.0 0.000621966216926
122.5 -0.00262502333483
123.0 -0.00214539307451
123.5 -0.00225254747743
124.0 -0.00251863620721
124.5 -0.003545586244
125.0 -0.00290981677664
125.5 -0.0022826370557
126.0 -0.0026785684057
126.5 -0.0026409460723
127.0 -0.0026670427311
127.5 -0.00245937930102
128.0 -0.0024367338933
128.5 -0.00260428679034
129.0 -0.00231273090412
129.5 -0.00204854460331
130.0 -0.00156062091757
130.5 -0.00107526837842
131.0 -0.00205210540008
131.5 -0.00167483306408
132.0 -0.00158507694144
132.5 -0.00137604029698
133.0 -0.00115917813265
133.5 -0.00120802601585
134.0 -0.00105342090326
134.5 -0.000594260560987
135.0 -0.000730460318927
135.5 -0.000668776364513
136.0 -0.000646281296625
136.5 -0.000648613867906
137.0 -0.000364058068548
137.5 -0.000644656398602
138.0 -0.000807726332397
138.5 -0.000698666121941
139.0 -0.000388639088371
139.5 -0.000337237182571
140.0 -0.000362954138954
140.5 8.99131821228e-05
141.0 -0.000229577684255
141.5 -0.000341471084258
142.0 -6.1513939043e-05
142.5 -7.54803811986e-05
143.0 -9.15980327694e-05
143.5 -5.60127811067e-05
144.0 -1.04390484577e-05
144.5 0.000202299856383
145.0 0.000184392541049
145.5 0.000207783426663
146.0 0.000237517701984
146.5 8.93940328872e-07
147.0 0.0001829897556
147.5 0.000306787360489
148.0 0.000256227566909
148.5 0.000313841755506
149.0 0.000442104008163
149.5 0.00041216438906
150.0 0.00041696661682
150.5 0.000330622462916
151.0 0.000177890854164
151.5 0.000313714058684
152.0 0.000619475673189
152.5 0.000676998795672
153.0 0.000687152000781
153.5 0.00075961056474
154.0 0.000809364146926
154.5 0.000833399630903
155.0 0.000826608841555
155.5 0.000787245432338
156.0 0.000916372343063
156.5 0.00105253704966
157.0 0.00124729085759
157.5 0.00123830505623
158.0 0.00107509205127
158.5 0.0011142574223
159.0 0.00124631380849
159.5 0.00129705167637
160.0 0.00141807978681
160.5 0.00146003676306
161.0 0.00154712732673
161.5 0.00169317053037
162.0 0.00179093839887
162.5 0.00187386743355
163.0 0.00176699845335
163.5 0.00173331554652
164.0 0.00193250974419
164.5 0.00208540508789
165.0 0.00218008629103
165.5 0.00181654655983
166.0 0.0019269530648
166.5 0.00210492101917
167.0 0.00223025665154
167.5 0.00235366387206
168.0 0.00252745456644
168.5 0.00270494066814
169.0 0.00268220708506
169.5 0.00271745708476
170.0 0.00284499834958
170.5 0.00301742764125
171.0 0.0032312728857
171.5 0.00272840859955
172.0 0.00292732899857
172.5 0.00327568618597
173.0 0.00337547969863
173.5 0.00339804641708
174.0 0.00338791466882
174.5 0.00322717609568
175.0 0.00305116359084
175.5 0.00233325745864
176.0 0.00225700125412
176.5 0.0024689649336
177.0 0.00266550876334
177.5 0.00321609365776
178.0 0.00328504402853
178.5 0.00133120340843
179.0 -0.00440317061523
179.5 -0.00420769281071
180.0 -0.000328416345994
180.5 -0.000274827700991
181.0 0.00156168276636
181.5 0.00347356439099
182.0 0.00302067392283
182.5 0.004236068282
183.0 0.00386453705947
183.5 0.00343991640217
184.0 0.00271182625974
184.5 0.00250561220741
185.0 0.00310584587869
185.5 0.00255175784984
186.0 0.0024807570865
186.5 0.00219723642414
187.0 0.00233833426564
187.5 0.00211865938756
188.0 0.00176213276995
188.5 0.0016703320765
189.0 0.00131820279046
189.5 0.00100956934116
190.0 0.000743480023232
190.5 0.000333868089044
191.0 0.000185496253437
191.5 -0.000145309881106
192.0 -0.000518901332441
192.5 -0.000817897405753
193.0 -0.00133676580977
193.5 -0.00189443334148
194.0 -0.00256178798338
194.5 -0.00328793202065
195.0 -0.00386530907633
195.5 -0.00519856779566
196.0 -0.00610510100644
196.5 -0.00718008816781
197.0 -0.00813451762066
197.5 -0.00994364727423
198.0 -0.0141483477771
198.5 -0.0192333870677
199.0 -0.028767587894
199.5 -0.0456625546362
