0.0 0.0070211821481
0.5 0.0339942879121
1.0 0.0467077001856
1.5 0.0398701498729
2.0 0.0358589542037
2.5 0.0322686590899
3.0 0.0305297849782
3.5 0.0287346043563
4.0 0.0268286774313
4.5 0.0256565229872
5.0 0.0244457818985
5.5 0.0234782144676
6.0 0.0223391511521
6.5 0.0214309743862
7.0 0.0207089700065
7.5 0.0199439922711
8.0 0.0192526239222
8.5 0.0185568930972
9.0 0.0179033993302
9.5 0.0172508442698
10.0 0.0165871943849
10.5 0.0159632939783
11.0 0.0153287956086
11.5 0.0146944101578
12.0 0.0141034246488
12.5 0.0134849095047
13.0 0.0128372970081
13.5 0.0121658145061
14.0 0.011558586818
14.5 0.0109344258177
15.0 0.0102208314344
15.5 0.00954518418011
16.0 0.00889783915106
16.5 0.00821984632271
17.0 0.00752401258842
17.5 0.00678771972697
18.0 0.00602391157883
18.5 0.00527559112751
19.0 0.00450587107932
19.5 0.00370401871576
20.0 0.00287115998374
20.5 0.0020346115538
21.0 0.00119706786522
21.5 0.000318746833215
22.0 -0.000589770327467
22.5 -0.00148754339719
23.0 -0.0024513922391
23.5 -0.00341437760276
24.0 -0.00440949268354
24.5 -0.00544451269691
25.0 -0.0064777758607
25.5 -0.00753945424919
26.0 -0.00863396031618
26.5 -0.00975464366373
27.0 -0.0109003752669
27.5 -0.0120365926947
28.0 -0.0132261807503
28.5 -0.014442854214
29.0 -0.0156699139894
29.5 -0.0169272836616
30.0 -0.0181926730597
30.5 -0.0194907769923
31.0 -0.020800236058
31.5 -0.0221144006832
32.0 -0.0234525286208
32.5 -0.0247851214122
33.0 -0.0261421887839
33.5 -0.0275180028358
34.0 -0.0289278280942
34.5 -0.0303287774926
35.0 -0.03172796899
35.5 -0.0331293169212
36.0 -0.0345347459193
36.5 -0.0359450169807
37.0 -0.0373378330813
37.5 -0.0387117519469
38.0 -0.0400693168197
38.5 -0.0414292701296
39.0 -0.0427605290704
39.5 -0.0441037377199
40.0 -0.0453957289422
40.5 -0.046641027212
41.0 -0.0478473069693
41.5 -0.049025390856
42.0 -0.0501689367988
42.5 -0.0512834865562
43.0 -0.052348897298
43.5 -0.0533352855104
44.0 -0.054274568596
44.5 -0.055167028796
45.0 -0.0559425594669
45.5 -0.0567223336722
46.0 -0.057422537267
46.5 -0.0580581730592
47.0 -0.0586235946714
47.5 -0.0591074200146
48.0 -0.0595376429254
48.5 -0.0598759750986
49.0 -0.0601455104111
49.5 -0.0603417153288
50.0 -0.0604319372512
50.5 -0.0604857076131
51.0 -0.0604355562895
51.5 -0.060345237664
52.0 -0.0601758490523
52.5 -0.0599189931747
53.0 -0.0596282955149
53.5 -0.0592560028385
54.0 -0.0588353154391
54.5 -0.0583734404627
55.0 -0.0578001934333
55.5 -0.0571921290532
56.0 -0.0565686719805
56.5 -0.055864245209
57.0 -0.055147975724
57.5 -0.0543750260297
58.0 -0.0535739770091
58.5 -0.0527369876906
59.0 -0.0518546469668
59.5 -0.0509596113063
60.0 -0.0500395510736
60.5 -0.0490894517934
61.0 -0.0481243255472
61.5 -0.0471343311847
62.0 -0.0461456271098
62.5 -0.0451754070633
63.0 -0.0441767765423
63.5 -0.0431796477805
64.0 -0.0421828007254
64.5 -0.0411828806263
65.0 -0.0401688789755
65.5 -0.0391539253429
66.0 -0.0381323509588
66.5 -0.0371304524442
67.0 -0.0361444027905
67.5 -0.0351996177872
68.0 -0.0342249120485
68.5 -0.0332779045005
69.0 -0.0323660626696
69.5 -0.0314181834425
70.0 -0.0305219899598
70.5 -0.029636366074
71.0 -0.0287549860262
71.5 -0.0278685202814
72.0 -0.0270270473266
72.5 -0.0261848573547
73.0 -0.0254078272057
73.5 -0.0246496352996
74.0 -0.0238471742695
74.5 -0.0231226228318
75.0 -0.0224228427372
75.5 -0.0216625606281
76.0 -0.0209497015844
76.5 -0.0202633639238
77.0 -0.0196063317991
77.5 -0.018967289038
78.0 -0.0183199450885
78.5 -0.0177309077135
79.0 -0.0171581425154
79.5 -0.0166015686291
80.0 -0.0160822554124
80.5 -0.0154957798838
81.0 -0.0149656957517
81.5 -0.0145237553971
82.0 -0.0139841067923
82.5 -0.0134690860652
83.0 -0.0129922518572
83.5 -0.0125612777556
84.0 -0.0121246246121
84.5 -0.0117711415535
85.0 -0.0114008969285
85.5 -0.0109889878499
86.0 -0.0106177440223
86.5 -0.0103126397436
87.0 -0.0100227315132
87.5 -0.00966695477519
88.0 -0.0093404890458
88.5 -0.00898149253595
89.0 -0.00866309688234
89.5 -0.008404853614
90.0 -0.00813707833601
90.5 -0.00795014391235
91.0 -0.00764315864016
91.5 -0.00738794387952
92.0 -0.007206647997
92.5 -0.00701203652017
93.0 -0.00680158394582
93.5 -0.00663734379531
94.0 -0.00651034781067
94.5 -0.00620659025567
95.0 -0.00600308477056
95.5 -0.0058900988311
96.0 -0.00577281438325
96.5 -0.00561475919484
97.0 -0.00548844812019
97.5 -0.00542135909575
98.0 -0.00533439885821
98.5 -0.00520083563821
99.0 -0.00510577855553
99.5 -0.00501814740764
100.0 -0.00482327987353
100.5 -0.00491114461718
101.0 -0.0048875655052
101.5 -0.00488855053307
102.0 -0.00483355914568
102.5 -0.00475979881701
103.0 -0.00466936213729
103.5 -0.00462950951933
104.0 -0.00451712364397
104.5 -0.00452181227688
105.0 -0.00439773655608
105.5 -0.00470399011402
106.0 -0.00469866923028
106.5 -0.00466138895627
107.0 -0.00490861111705
107.5 -0.00493834171896
108.0 -0.00484905703095
108.5 -0.0048878671971
109.0 -0.0050065281723
109.5 -0.00532921091847
110.0 -0.00508081786598
110.5 -0.00554962900345
111.0 -0.00547572449398
111.5 -0.00598909210623
112.0 -0.0061516480492
112.5 -0.0062242811381
113.0 -0.00650194685642
113.5 -0.00700871109045
114.0 -0.00662877227768
114.5 -0.0065156578295
115.0 -0.00635819097108
115.5 -0.00601325135469
116.0 -0.00689384898239
116.5 -0.00676917202684
117.0 -0.00680013370086
117.5 -0.00791099895906
118.0 -0.00645989220048
118.5 -0.00414035226429
119.0 -0.00102785357399
119.5 0.00681925127664
120.0 0.00689419363246
120.5 0.00235326532022
121.0 -0.00135856853251
121.5 -0.0033897504869
122.0 -0.00425449628086
122.5 -0.00443215745014
123.0 -0.00390422543094
123.5 -0.00415139522237
124.0 -0.00494281896499
124.5 -0.00533769183691
125.0 -0.00514330602296
125.5 -0.00503452012003
126.0 -0.00533888947116
126.5 -0.00460390439932
127.0 -0.00509004935452
127.5 -0.00526060021453
128.0 -0.00480891169323
128.5 -0.00452832504806
129.0 -0.00411423323622
129.5 -0.00386659396099
130.0 -0.00381021303042
130.5 -0.0029750347344
131.0 -0.00374524268785
131.5 -0.00358776632543
132.0 -0.00309403839712
132.5 -0.00294887813084
133.0 -0.00271884582819
133.5 -0.00250381078577
134.0 -0.00256659196815
134.5 -0.00220819457513
135.0 -0.0022713121981
135.5 -0.00218796615735
136.0 -0.0020433654754
136.5 -0.00192755934894
137.0 -0.0018600291189
137.5 -0.00175264766976
138.0 -0.00154892342496
138.5 -0.00160346114656
139.0 -0.0014714117048
139.5 -0.00124414753995
140.0 -0.00107491730942
140.5 -0.000937013456127
141.0 -0.000719733275133
141.5 -0.000654866124233
142.0 -0.000445556472105
142.5 -0.000267789803502
143.0 -0.000224773256519
143.5 -0.000319619465067
144.0 -0.000253343792599
144.5 -6.16815981953e-05
145.0 0.000150118214464
145.5 -4.6830612674e-05
146.0 3.69965783138e-05
146.5 0.00017239143027
147.0 0.000321125439374
147.5 0.000510734898018
148.0 0.0005031247576
148.5 0.000493996872075
149.0 0.000722152278468
149.5 0.000896696897546
150.0 0.000756678235002
150.5 0.000768211739756
151.0 0.000897741784354
151.5 0.00114479752993
152.0 0.00113437913099
152.5 0.00110476320327
153.0 0.00116874952081
153.5 0.00122573982204
154.0 0.00125707353103
154.5 0.00130911089086
155.0 0.00130818671268
155.5 0.00123514374249
156.0 0.00139887162799
156.5 0.00152133918061
157.0 0.00165692280872
157.5 0.0017667708137
158.0 0.00188442867968
158.5 0.00208617310796
159.0 0.00212444912236
159.5 0.00199857973037
160.0 0.00195197446166
160.5 0.00223695289212
161.0 0.00237310995393
161.5 0.00236262705543
162.0 0.00221885602284
162.5 0.0023873438449
163.0 0.00267099353044
163.5 0.00284821856718
164.0 0.00288666918695
164.5 0.00280842899614
165.0 0.00271096514253
165.5 0.00298129849812
166.0 0.00315515930482
166.5 0.00340497154221
167.0 0.00319560957804
167.5 0.00341930780177
168.0 0.00381093996388
168.5 0.00409010156056
169.0 0.00418195845101
169.5 0.00419521734941
170.0 0.0039594794674
170.5 0.00430186152714
171.0 0.00457862445704
171.5 0.00488327417384
172.0 0.0052503310811
172.5 0.00569699418617
173.0 0.00586679883808
173.5 0.00612832091214
174.0 0.00615922725903
174.5 0.00571117930242
175.0 0.00622311651956
175.5 0.00601464430937
176.0 0.00607858723552
176.5 0.0062516091936
177.0 0.00491262880753
177.5 0.00605828987084
178.0 0.00332331383103
178.5 0.00433956462697
179.0 0.000308261377498
179.5 -0.0024625728031
180.0 -0.00433020341521
180.5 -0.00707714627869
181.0 -0.00424334210902
181.5 -0.00148796015519
182.0 -8.4924504975e-05
182.5 0.000407448225474
183.0 0.00135868498035
183.5 0.0017244633671
184.0 0.00181078697359
184.5 0.00238155694112
185.0 0.00202408090546
185.5 0.00149404540853
186.0 0.00220700087576
186.5 0.00204192002751
187.0 0.00181044834069
187.5 0.00153635724088
188.0 0.00126820146266
188.5 0.00114564883481
189.0 0.000828185016744
189.5 0.000727319515832
190.0 0.000493598743105
190.5 2.22549745956e-05
191.0 -0.000233091741563
191.5 -0.000538957516667
192.0 -0.000818923999319
192.5 -0.000968942014396
193.0 -0.00155942774164
193.5 -0.00205068725684
194.0 -0.0026304006394
194.5 -0.00329482500901
195.0 -0.00373019345969
195.5 -0.004891231353
196.0 -0.00649370626381
196.5 -0.00748337493519
197.0 -0.00818206192577
197.5 -0.00984690178345
198.0 -0.0139443237257
198.5 -0.0188679970753
199.0 -0.0281434711265
199.5 -0.0437645931675
