0.0 0.00930770715263
0.5 0.0376539859794
1.0 0.0509011745376
1.5 0.0444082176647
2.0 0.0403951908566
2.5 0.0371986668302
3.0 0.03522621979
3.5 0.0335456518108
4.0 0.0321500397835
4.5 0.0310403247422
5.0 0.0296352758039
5.5 0.0288691300021
6.0 0.0281104746813
6.5 0.0274432365607
7.0 0.0268911250347
7.5 0.0262484623866
8.0 0.0256289079678
8.5 0.0251608687126
9.0 0.0246974513428
9.5 0.0242342140884
10.0 0.0237854050004
10.5 0.0233825000561
11.0 0.0228622972983
11.5 0.0223977530566
12.0 0.0219784717475
12.5 0.0215341816922
13.0 0.0210888949414
13.5 0.0206356353501
14.0 0.0201923006592
14.5 0.0197646814532
15.0 0.0192381056185
15.5 0.0187411994163
16.0 0.0182650886677
16.5 0.0177569489795
17.0 0.0172561384275
17.5 0.0167204625033
18.0 0.0161587780102
18.5 0.0155697750709
19.0 0.0149896646678
19.5 0.0143844882497
20.0 0.0137716184424
20.5 0.0131008021092
21.0 0.0124314367143
21.5 0.0117662373597
22.0 0.0110695061113
22.5 0.0103560781796
23.0 0.00960101480888
23.5 0.00882012627991
24.0 0.00800979240329
24.5 0.00718885332661
25.0 0.00636215802993
25.5 0.00549705099229
26.0 0.00460388670119
26.5 0.00369938326569
27.0 0.00276815363038
27.5 0.00181106930021
28.0 0.000854652183073
28.5 -0.000158009105506
29.0 -0.00120178995646
29.5 -0.00225562778797
30.0 -0.00333027010633
30.5 -0.00443442473182
31.0 -0.00554671004675
31.5 -0.00667570629213
32.0 -0.00783556666669
32.5 -0.00901770135802
33.0 -0.010214023121
33.5 -0.0114232392264
34.0 -0.0126771875765
34.5 -0.0139302516643
35.0 -0.0151977709058
35.5 -0.0164974362769
36.0 -0.0178103024634
36.5 -0.0191110694425
37.0 -0.0204238643167
37.5 -0.0217519234844
38.0 -0.0230911989455
38.5 -0.0244343887136
39.0 -0.0257743384885
39.5 -0.0271351781671
40.0 -0.0285162215018
40.5 -0.0298714447745
41.0 -0.0312024024587
41.5 -0.0325436119836
42.0 -0.0338670342719
42.5 -0.0351612160169
43.0 -0.0364498979195
43.5 -0.0377519378114
44.0 -0.0390358518901
44.5 -0.0402742959176
45.0 -0.0414936318394
45.5 -0.0426452079657
46.0 -0.0437744492496
46.5 -0.0448798922484
47.0 -0.0459603884899
47.5 -0.0469728992589
48.0 -0.0479400590996
48.5 -0.0488500955268
49.0 -0.0497515037778
49.5 -0.0505875216366
50.0 -0.0513252214206
50.5 -0.052022989631
51.0 -0.0526569410327
51.5 -0.053251100304
52.0 -0.0537629174436
52.5 -0.0541686199924
53.0 -0.054537182433
53.5 -0.0548631259408
54.0 -0.0551096433179
54.5 -0.0552888627786
55.0 -0.0553630900477
55.5 -0.0553412616181
56.0 -0.0553017131199
56.5 -0.0551871479787
57.0 -0.0550070870161
57.5 -0.0547508429567
58.0 -0.0544692876852
58.5 -0.054110574522
59.0 -0.0536747239161
59.5 -0.0532112635112
60.0 -0.0526801541905
60.5 -0.052089941279
61.0 -0.05145824937
61.5 -0.0507892933649
62.0 -0.0501132600539
62.5 -0.0493599834074
63.0 -0.0485905213663
63.5 -0.0478182658118
64.0 -0.0470123928032
64.5 -0.0461819874535
65.0 -0.0452712614602
65.5 -0.0443955464605
66.0 -0.043498901051
66.5 -0.0426063178701
67.0 -0.0416679714922
67.5 -0.0407563163472
68.0 -0.0398466753432
68.5 -0.0389500816858
69.0 -0.0380446454145
69.5 -0.0370987065899
70.0 -0.03620176156
70.5 -0.0353012452406
71.0 -0.0344064448085
71.5 -0.0335214758781
72.0 -0.032632161429
72.5 -0.0317636810659
73.0 -0.030941911098
73.5 -0.0301099691371
74.0 -0.0292631766805
74.5 -0.0284851800641
75.0 -0.0277112271817
75.5 -0.0269665531162
76.0 -0.0261503418963
76.5 -0.0254016734436
77.0 -0.0246507383763
77.5 -0.0239169309743
78.0 -0.0232542971254
78.5 -0.0225513562293
79.0 -0.0219241189833
79.5 -0.0213121592965
80.0 -0.020682956868
80.5 -0.0200968103432
81.0 -0.0195094457301
81.5 -0.0188887941298
82.0 -0.0183024174042
82.5 -0.0177775339662
83.0 -0.0172323634398
83.5 -0.0167178119562
84.0 -0.0162365323156
84.5 -0.0158166915856
85.0 -0.0153208133089
85.5 -0.0149046620045
86.0 -0.0144851402008
86.5 -0.0140908233431
87.0 -0.0136834949217
87.5 -0.0132926356942
88.0 -0.0129478719648
88.5 -0.0125299181302
89.0 -0.0121186468268
89.5 -0.0118227706415
90.0 -0.0115056168501
90.5 -0.011247375426
91.0 -0.0110048004374
91.5 -0.0106409773374
92.0 -0.010258953876
92.5 -0.0100070979249
93.0 -0.00986325666864
93.5 -0.00965316904238
94.0 -0.00934070776151
94.5 -0.00907310320552
95.0 -0.00892351206489
95.5 -0.00862955035911
96.0 -0.00838547198832
96.5 -0.00818972949254
97.0 -0.00810601512476
97.5 -0.00801750145657
98.0 -0.00785615484952
98.5 -0.00771842650999
99.0 -0.00767543534339
99.5 -0.00753676072783
100.0 -0.00716690360769
100.5 -0.00714577065843
101.0 -0.00707170865689
101.5 -0.00688242975539
102.0 -0.00673516333509
102.5 -0.00671517250287
103.0 -0.00670773190301
103.5 -0.00672385720144
104.0 -0.00663925023662
104.5 -0.00665002885128
105.0 -0.00636262755917
105.5 -0.00657781356993
106.0 -0.00649323160048
106.5 -0.00647755527568
107.0 -0.00649774679459
107.5 -0.00638222725533
108.0 -0.00632386150923
108.5 -0.00641786783123
109.0 -0.00645129969696
109.5 -0.00646740657845
110.0 -0.00696084918736
110.5 -0.00672864799026
111.0 -0.00668184307134
111.5 -0.00710949911419
112.0 -0.00728464168883
112.5 -0.00723387481094
113.0 -0.0069222858554
113.5 -0.0070864252865
114.0 -0.00735307035183
114.5 -0.00722134603538
115.0 -0.0073557841237
115.5 -0.0061748922796
116.0 -0.00653169908904
116.5 -0.00709000120752
117.0 -0.00721079979303
117.5 -0.00816366655064
118.0 -0.00554950757163
118.5 -0.00362721332654
119.0 -0.00163263098452
119.5 0.00637506957878
120.0 0.00643673159746
120.5 0.000353898647845
121.0 -0.00418366351062
121.5 -0.00762645861437
122.0 -0.0089283097816
122.5 -0.00832151993322
123.0 -0.00900710569741
123.5 -0.0088546262598
124.0 -0.00784250521733
124.5 -0.00787387366908
125.0 -0.00736961702177
125.5 -0.00770718290518
126.0 -0.00735432068916
126.5 -0.00716008553661
127.0 -0.00721972552228
127.5 -0.00671169548815
128.0 -0.00658562517332
128.5 -0.0069055003428
129.0 -0.00638592880622
129.5 -0.00572786497185
130.0 -0.00554499164395
130.5 -0.0055232363212
131.0 -0.00513310478608
131.5 -0.00456661422078
132.0 -0.00495893882065
132.5 -0.00481954211764
133.0 -0.00420793967451
133.5 -0.00414915292033
134.0 -0.00422605795649
134.5 -0.00399117679481
135.0 -0.00364312920555
135.5 -0.00338913321601
136.0 -0.00362742953528
136.5 -0.00331956879028
137.0 -0.00301694076073
137.5 -0.00310258746098
138.0 -0.00306061745132
138.5 -0.00291309973219
139.0 -0.0026150520525
139.5 -0.00242466450321
140.0 -0.00257160511164
140.5 -0.00235571254549
141.0 -0.00214115735172
141.5 -0.00211700737256
142.0 -0.00196109739899
142.5 -0.0018397192745
143.0 -0.00165601749667
143.5 -0.00154558904327
144.0 -0.00146389987091
144.5 -0.00129257147751
145.0 -0.00119717632084
145.5 -0.00104924029399
146.0 -0.00083604991177
146.5 -0.000950108303677
147.0 -0.000907454020189
147.5 -0.000815278368439
148.0 -0.0006913341759
148.5 -0.000560136421986
149.0 -0.000552963645859
149.5 -0.000523503964298
150.0 -0.000381882607073
150.5 -0.00013713654846
151.0 -0.000281684439025
151.5 -0.00017180991245
152.0 5.21945221204e-05
152.5 4.57730687238e-05
153.0 -1.41376480478e-06
153.5 6.91858603155e-05
154.0 0.00025374388874
154.5 0.000429670373586
155.0 0.00031265173887
155.5 0.000246792512344
156.0 0.000403408188074
156.5 0.0005138134505
157.0 0.000632895683125
157.5 0.000719122054779
158.0 0.00078825440978
158.5 0.000938166670174
159.0 0.00101111696776
159.5 0.00107093533455
160.0 0.00122032848686
160.5 0.00138400225796
161.0 0.00149402859334
161.5 0.00148098236141
162.0 0.00147284531299
162.5 0.00145040987998
163.0 0.00157414689794
163.5 0.00179755402403
164.0 0.0018010003755
164.5 0.001656702623
165.0 0.00198077235162
165.5 0.0022083396343
166.0 0.00228581238515
166.5 0.00209775847969
167.0 0.00225036995644
167.5 0.00258529468609
168.0 0.00299515466723
168.5 0.0032591713428
169.0 0.00329569252875
169.5 0.00336121131306
170.0 0.00342569371368
170.5 0.00345189321284
171.0 0.00371903666341
171.5 0.00349057058258
172.0 0.00382028367677
172.5 0.00434966732959
173.0 0.00460822830246
173.5 0.00470615717339
174.0 0.00490938094627
174.5 0.00488385034757
175.0 0.00419458987186
175.5 0.00421152590788
176.0 0.00463591347913
176.5 0.00522870749343
177.0 0.00557988693686
177.5 0.00785371400774
178.0 0.0047958344815
178.5 0.00482321702184
179.0 0.000213931757941
179.5 -0.00246343956275
180.0 -0.00319566825611
180.5 -0.0053326549866
181.0 -0.00289260256845
181.5 -0.000453782856965
182.0 -0.000546198469493
182.5 6.1073986771e-05
183.0 -0.000892852478003
183.5 -7.61275075689e-05
184.0 0.000491199961061
184.5 0.000405129094347
185.0 0.000587756627951
185.5 0.000454358915164
186.0 0.000604758664451
186.5 0.000578841628453
187.0 0.000232437641387
187.5 0.000347740619787
188.0 0.000277838577091
188.5 -6.4866109625e-05
189.0 -0.000291875981006
189.5 -0.000647079727031
190.0 -0.000954959519845
190.5 -0.00136989987881
191.0 -0.0016040128301
191.5 -0.00201141424675
192.0 -0.00246204684028
192.5 -0.00281285654366
193.0 -0.00332655782975
193.5 -0.00381439126437
194.0 -0.00479789894813
194.5 -0.00568305328181
195.0 -0.00662013002336
195.5 -0.00836247369372
196.0 -0.00980281805975
196.5 -0.0116215818341
197.0 -0.0140245058453
197.5 -0.0161866732711
198.0 -0.0214726176412
198.5 -0.0290701215485
199.0 -0.0442492757194
199.5 -0.0686461370724
