0.0 0.000898880618212
0.5 0.0146206665696
1.0 0.016824091059
1.5 0.0122490848545
2.0 0.00927507001371
2.5 0.00714211573528
3.0 0.00549566911175
3.5 0.00374516638372
4.0 0.00268154669607
4.5 0.00152031215747
5.0 0.000348924778766
5.5 -0.000593352418946
6.0 -0.00180086796264
6.5 -0.00281035721907
7.0 -0.00358139714645
7.5 -0.00448259954772
8.0 -0.00530305243888
8.5 -0.00615336876032
9.0 -0.00712619542359
9.5 -0.00793154387968
10.0 -0.00878088984128
10.5 -0.00962437651423
11.0 -0.0104754584591
11.5 -0.0114127526074
12.0 -0.0122916989082
12.5 -0.0131691381921
13.0 -0.0140850209321
13.5 -0.014988217371
14.0 -0.0159155837424
14.5 -0.016837420477
15.0 -0.0177540117036
15.5 -0.0187188557407
16.0 -0.0196789882458
16.5 -0.0206229265445
17.0 -0.0215965611673
17.5 -0.0225997112205
18.0 -0.0236199376459
18.5 -0.0246227826397
19.0 -0.025628328468
19.5 -0.02666699131
20.0 -0.0276857724609
20.5 -0.0287258700558
21.0 -0.0297543829245
21.5 -0.0307654452399
22.0 -0.0317881503247
22.5 -0.0328009626549
23.0 -0.0338225476935
23.5 -0.0348332591504
24.0 -0.0358333185564
24.5 -0.0368352289285
25.0 -0.037797910214
25.5 -0.0387483464328
26.0 -0.0396768403677
26.5 -0.0405729979093
27.0 -0.0414456056641
27.5 -0.0422760426939
28.0 -0.0430803743392
28.5 -0.0438701699736
29.0 -0.0446378320238
29.5 -0.0453480046615
30.0 -0.0459882998651
30.5 -0.0465816398025
31.0 -0.0471413181052
31.5 -0.0476332456909
32.0 -0.0480613780696
32.5 -0.048438334301
33.0 -0.0487632396767
33.5 -0.0490323816357
34.0 -0.0492420680513
34.5 -0.0493979121011
35.0 -0.0494740347211
35.5 -0.0494941258563
36.0 -0.0494349507471
36.5 -0.0493084285741
37.0 -0.0491290545812
37.5 -0.0488976071081
38.0 -0.0486044967503
38.5 -0.0482277271278
39.0 -0.0478158377769
39.5 -0.0473559573354
40.0 -0.0468370599349
40.5 -0.0462483793224
41.0 -0.0456126953689
41.5 -0.0449586775476
42.0 -0.0442408031388
42.5 -0.0434746093336
43.0 -0.0426901255101
43.5 -0.0418706325881
44.0 -0.0410229235948
44.5 -0.0401363497453
45.0 -0.0392201607256
45.5 -0.0382984343114
46.0 -0.0373447086956
46.5 -0.0363913199171
47.0 -0.0354277913291
47.5 -0.0344386494439
48.0 -0.0334586758667
48.5 -0.032463432731
49.0 -0.0314713885298
49.5 -0.0304583192719
50.0 -0.0294394526185
50.5 -0.0284589138012
51.0 -0.0274511815476
51.5 -0.0264762943407
52.0 -0.0255003608172
52.5 -0.0245187977222
53.0 -0.0235849836766
53.5 -0.0226440887156
54.0 -0.0217082461203
54.5 -0.0208084066623
55.0 -0.0198833127347
55.5 -0.0189862347994
56.0 -0.0181386103155
56.5 -0.0172672326893
57.0 -0.0164332670567
57.5 -0.0156178546621
58.0 -0.0148230412713
58.5 -0.014053402984
59.0 -0.013286578603
59.5 -0.012525009607
60.0 -0.0118004081064
60.5 -0.011096900204
61.0 -0.0103862425859
61.5 -0.00971068549648
62.0 -0.00908085893868
62.5 -0.00844695978877
63.0 -0.00784833495204
63.5 -0.00724014097566
64.0 -0.00665970239628
64.5 -0.00610709809698
65.0 -0.00556625175211
65.5 -0.00504821917385
66.0 -0.00451087687068
66.5 -0.0040140407875
67.0 -0.0035706449038
67.5 -0.00308636025119
68.0 -0.00262892497562
68.5 -0.00224454120591
69.0 -0.00184985303063
69.5 -0.00148175456604
70.0 -0.00105120378921
70.5 -0.000682390572173
71.0 -0.000324046814235
71.5 1.37684392811e-05
72.0 0.000321663723135
72.5 0.000678767760398
73.0 0.00099311232216
73.5 0.00125027974744
74.0 0.00149700691816
74.5 0.00173999911032
75.0 0.00199348283014
75.5 0.00221048644925
76.0 0.00242093515192
76.5 0.00271596281816
77.0 0.00294347150634
77.5 0.00313280479508
78.0 0.00327861374147
78.5 0.00348017460486
79.0 0.00361577655959
79.5 0.00373407849344
80.0 0.00384590057459
80.5 0.00404367827324
81.0 0.00419425692364
81.5 0.00432566236887
82.0 0.00447754422281
82.5 0.00459947822471
83.0 0.00469035025434
83.5 0.0047738721257
84.0 0.00482717625487
84.5 0.00490416058915
85.0 0.00497083259011
85.5 0.00500624141129
86.0 0.00505652960982
86.5 0.0051344488555
87.0 0.00519055292278
87.5 0.00528372715571
88.0 0.00529671031846
88.5 0.00529976933731
89.0 0.00525638917686
89.5 0.00535153854521
90.0 0.00537350442538
90.5 0.00533347978671
91.0 0.00536232720398
91.5 0.00541778032219
92.0 0.00541653343722
92.5 0.00538677085113
93.0 0.00534330101063
93.5 0.00532805713512
94.0 0.00533203047324
94.5 0.00532612462523
95.0 0.00526618171162
95.5 0.00518012072661
96.0 0.00501854747324
96.5 0.00506662350391
97.0 0.00504674193675
97.5 0.00502928053749
98.0 0.00505618207829
98.5 0.00503872127395
99.0 0.00497741400959
99.5 0.00486588942669
100.0 0.00476568006298
100.5 0.00466171076717
101.0 0.00448369377743
101.5 0.00433469258038
102.0 0.0043050728819
102.5 0.00425894529119
103.0 0.00420642616447
103.5 0.00408770714058
104.0 0.00401290556931
104.5 0.00396980879759
105.0 0.00406279129579
105.5 0.00381713381829
106.0 0.00369768770295
106.5 0.00341006083757
107.0 0.00330712506931
107.5 0.00312626625345
108.0 0.0028822292958
108.5 0.00266724841244
109.0 0.00252557005085
109.5 0.0024381232472
110.0 0.00223348595199
110.5 0.00242811721117
111.0 0.00201722533064
111.5 0.00159891117254
112.0 0.00143405718141
112.5 0.00113508873138
113.0 0.000899540715224
113.5 0.000499708563751
114.0 0.000495566762524
114.5 0.000933534808439
115.0 0.000583296508253
115.5 0.000449640840444
116.0 0.000710192263242
116.5 0.000148337311813
117.0 0.000230795671783
117.5 -0.00115357313557
118.0 0.00021783512986
118.5 0.000883304964049
119.0 0.00415899136132
119.5 0.0135120354774
120.0 0.0159603812226
120.5 0.0123112860687
121.0 0.0067363480233
121.5 0.00157920169823
122.0 -8.7949948707e-05
122.5 -0.00253053304982
123.0 -0.000417684146726
123.5 -0.000361861768553
124.0 -0.000753895311846
124.5 -0.000306772348807
125.0 -0.0012814554654
125.5 -0.000265837865271
126.0 -0.000777908949814
126.5 -0.000901123957306
127.0 -0.000726603030131
127.5 -0.000291697192608
128.0 0.000305124944092
128.5 0.000141452021055
129.0 -0.000560053536674
129.5 5.0966778673e-05
130.0 0.000494957648925
130.5 0.000944177143019
131.0 0.000351327987467
131.5 0.000847761697599
132.0 0.000797371959713
132.5 0.00084819014414
133.0 0.00113971518451
133.5 0.00139105303182
134.0 0.0014984980471
134.5 0.00121601524874
135.0 0.00147845255555
135.5 0.00141291046005
136.0 0.00161758752698
136.5 0.00147069688205
137.0 0.00164675364855
137.5 0.00176553140744
138.0 0.00208702082333
138.5 0.00208446519069
139.0 0.00175616685256
139.5 0.00198949239948
140.0 0.00211678491532
140.5 0.00194500399039
141.0 0.00206272906522
141.5 0.00206058556034
142.0 0.00223001454134
142.5 0.00234845460051
143.0 0.00234664367864
143.5 0.00223396147861
144.0 0.00232359989452
144.5 0.00258923303416
145.0 0.00257632889554
145.5 0.00267403743967
146.0 0.0025333895609
146.5 0.002616695017
147.0 0.00256412610804
147.5 0.00257346056405
148.0 0.00260006803744
148.5 0.00263727168377
149.0 0.00271757689361
149.5 0.00287515097814
150.0 0.00305376774812
150.5 0.00294104432479
151.0 0.00279407930537
151.5 0.00277760824813
152.0 0.00288156068645
152.5 0.0029970274982
153.0 0.00314134205653
153.5 0.00326412101899
154.0 0.00326606956331
154.5 0.00308875156218
155.0 0.00296074547142
155.5 0.00281368248299
156.0 0.00332017358727
156.5 0.00327963678538
157.0 0.00343539528668
157.5 0.00347787599221
158.0 0.00344383769114
158.5 0.00347727997177
159.0 0.00347394362784
159.5 0.00364722575439
160.0 0.0038260160767
160.5 0.0038642658232
161.0 0.00397253307723
161.5 0.00408928660822
162.0 0.00426077264982
162.5 0.00440948151017
163.0 0.00433292950997
163.5 0.00427670832512
164.0 0.00445718672168
164.5 0.00461246907496
165.0 0.00485477765213
165.5 0.00496135566915
166.0 0.00453780870852
166.5 0.00484914165909
167.0 0.00500571314968
167.5 0.00542830769495
168.0 0.00577805246987
168.5 0.00588208762647
169.0 0.00591795825211
169.5 0.00602887792518
170.0 0.00612536533077
170.5 0.00618488707411
171.0 0.00638864827974
171.5 0.00653131135689
172.0 0.00672808001504
172.5 0.00706112210868
173.0 0.00724547594132
173.5 0.00742677690224
174.0 0.00731021744552
174.5 0.00663066537082
175.0 0.00687245237461
175.5 0.00628151010103
176.0 0.00607835148365
176.5 0.00600549557896
177.0 0.00595340316943
177.5 0.00644319049137
178.0 0.00652888559837
178.5 0.00459368541375
179.0 -8.23163711914e-05
179.5 -0.00181295416999
180.0 -0.00192836644393
180.5 -0.00454830533076
181.0 -0.00183952485766
181.5 0.00320970597528
182.0 0.00411763807479
182.5 0.00591830886262
183.0 0.00419992235854
183.5 0.00406527741625
184.0 0.0036634037981
184.5 0.00348708889865
185.0 0.00340024364098
185.5 0.00393149085888
186.0 0.0037915733123
186.5 0.00366649886985
187.0 0.003504000992
187.5 0.00317376391504
188.0 0.00305294935373
188.5 0.00307832205024
189.0 0.00261436779452
189.5 0.00227897729208
190.0 0.00204321043779
190.5 0.00167398740389
191.0 0.0014777365288
191.5 0.00112281922031
192.0 0.000736399614823
192.5 0.000443879123083
193.0 -8.14994753995e-05
193.5 -0.000464260889544
194.0 -0.00105124508666
194.5 -0.00179292704867
195.0 -0.00246086313784
195.5 -0.00383967374735
196.0 -0.00481027936887
196.5 -0.00599181589531
197.0 -0.0075099728661
197.5 -0.00855524426915
198.0 -0.011439865917
198.5 -0.0165452378023
199.0 -0.0267992538492
199.5 -0.0437464319683
