0.0 0.0110806347769
0.5 0.0301502818959
1.0 0.044904999889
1.5 0.0405953505663
2.0 0.0376167534715
2.5 0.0350009416554
3.0 0.0334347290412
3.5 0.0325498965721
4.0 0.0316114993756
4.5 0.0308087511358
5.0 0.0300093403312
5.5 0.0294530971932
6.0 0.0288804920232
6.5 0.0283760052714
7.0 0.028022008067
7.5 0.0275899209329
8.0 0.0272611470536
8.5 0.0269406334612
9.0 0.0266458961717
9.5 0.0263250642352
10.0 0.025979222645
10.5 0.0256980775735
11.0 0.0253909540374
11.5 0.0250735766751
12.0 0.0247875501605
12.5 0.0244540818537
13.0 0.0241164399522
13.5 0.02378012525
14.0 0.0234275199822
14.5 0.0230847839453
15.0 0.0226542710619
15.5 0.0222475429187
16.0 0.0218360914601
16.5 0.0214050966483
17.0 0.0209565107387
17.5 0.0204871368344
18.0 0.0199785889421
18.5 0.0194337096635
19.0 0.0189081407419
19.5 0.018349324035
20.0 0.0177490314254
20.5 0.0171258421932
21.0 0.0164891943313
21.5 0.0158466454853
22.0 0.015159294172
22.5 0.014448411244
23.0 0.0137045761427
23.5 0.0129405677827
24.0 0.01215350872
24.5 0.0113190417398
25.0 0.0104919855518
25.5 0.0096385735882
26.0 0.00875332765511
26.5 0.00785568200046
27.0 0.00694346590501
27.5 0.00600633785256
28.0 0.0050307594098
28.5 0.00400861434272
29.0 0.00301274572854
29.5 0.00197065088544
30.0 0.000920417354118
30.5 -0.000161194530514
31.0 -0.00124907013785
31.5 -0.00234173365194
32.0 -0.00346500697764
32.5 -0.00458690516912
33.0 -0.0057362315082
33.5 -0.00690743950618
34.0 -0.00807814208681
34.5 -0.00928195559852
35.0 -0.0104942040864
35.5 -0.0116915502745
36.0 -0.012907612605
36.5 -0.0141220609389
37.0 -0.0153340102355
37.5 -0.016559232914
38.0 -0.0177930104638
38.5 -0.0190358416395
39.0 -0.0202519091738
39.5 -0.021481337845
40.0 -0.0227039470674
40.5 -0.0239516445535
41.0 -0.0251712196417
41.5 -0.0263948036706
42.0 -0.027594906656
42.5 -0.0287623505025
43.0 -0.0299295509176
43.5 -0.031115281935
44.0 -0.0322715867745
44.5 -0.0333644022205
45.0 -0.0344558827942
45.5 -0.0355209410201
46.0 -0.0365582376794
46.5 -0.037594719593
47.0 -0.0385869426889
47.5 -0.0395223474389
48.0 -0.0404563154888
48.5 -0.0413556928473
49.0 -0.0422033314984
49.5 -0.0430296742189
50.0 -0.0437643112025
50.5 -0.0444708343117
51.0 -0.0451240644228
51.5 -0.0457306202834
52.0 -0.0462993969069
52.5 -0.0467973481207
53.0 -0.0472532727253
53.5 -0.0476346428887
54.0 -0.0479842153436
54.5 -0.0482826313116
55.0 -0.0484881567715
55.5 -0.0486577170612
56.0 -0.0487337562557
56.5 -0.0487855650743
57.0 -0.0487622204864
57.5 -0.0486631423027
58.0 -0.0485439346099
58.5 -0.0483551204928
59.0 -0.0480924921288
59.5 -0.0477825720853
60.0 -0.0474353042661
60.5 -0.0470242669106
61.0 -0.046563689326
61.5 -0.0460436477712
62.0 -0.0454937861616
62.5 -0.0449159568581
63.0 -0.0442767505796
63.5 -0.0436264424112
64.0 -0.0429368918636
64.5 -0.0422340572423
65.0 -0.04148972634
65.5 -0.0406874267443
66.0 -0.0398872230163
66.5 -0.039075434626
67.0 -0.0382776216416
67.5 -0.0374380991197
68.0 -0.036613810634
68.5 -0.035789574059
69.0 -0.0349246458777
69.5 -0.0340867777174
70.0 -0.0332374362949
70.5 -0.0323969422296
71.0 -0.031559052256
71.5 -0.0307060470631
72.0 -0.0298829551226
72.5 -0.0290596189752
73.0 -0.0282569721444
73.5 -0.0274791242969
74.0 -0.0267080955683
74.5 -0.0259440865585
75.0 -0.0251788667599
75.5 -0.02444525743
76.0 -0.0237163209573
76.5 -0.0229981146557
77.0 -0.022298028078
77.5 -0.0216181640153
78.0 -0.0209944525366
78.5 -0.0203200906054
79.0 -0.0197186755148
79.5 -0.0191237768549
80.0 -0.0185293530377
80.5 -0.0179666276225
81.0 -0.017408266484
81.5 -0.0169051526927
82.0 -0.0164022964411
82.5 -0.0158770995805
83.0 -0.015326064136
83.5 -0.0148724735633
84.0 -0.0144325750629
84.5 -0.0140435229309
85.0 -0.0136103683383
85.5 -0.0132361908059
86.0 -0.0128606008194
86.5 -0.0124521542849
87.0 -0.0120603412072
87.5 -0.0116430965079
88.0 -0.011317250529
88.5 -0.0109743706913
89.0 -0.0106125880681
89.5 -0.0103837511184
90.0 -0.0100655510285
90.5 -0.00982446850005
91.0 -0.00959535067751
91.5 -0.00935082821794
92.0 -0.00914784785793
92.5 -0.00886646744357
93.0 -0.00863261193177
93.5 -0.00845190741729
94.0 -0.00808561546796
94.5 -0.00797004837576
95.0 -0.00785202139465
95.5 -0.00764344356101
96.0 -0.00745528560904
96.5 -0.00733612518086
97.0 -0.00723454804551
97.5 -0.0071357323309
98.0 -0.00701014146649
98.5 -0.00685593855497
99.0 -0.00671819947853
99.5 -0.00670021780786
100.0 -0.00658943257609
100.5 -0.00646116737381
101.0 -0.0063315915226
101.5 -0.0063702464379
102.0 -0.00623061540649
102.5 -0.00618015335349
103.0 -0.00613723212084
103.5 -0.00609852926427
104.0 -0.00611390511112
104.5 -0.00620542719924
105.0 -0.0060162127501
105.5 -0.00599237441632
106.0 -0.00595429908398
106.5 -0.00609017488191
107.0 -0.00592818040099
107.5 -0.0060652158742
108.0 -0.00630644214522
108.5 -0.00632070967901
109.0 -0.00634579441914
109.5 -0.00618463011133
110.0 -0.00645879690271
110.5 -0.00649669950668
111.0 -0.00675584262768
111.5 -0.0070160510682
112.0 -0.00692976888105
112.5 -0.00701863183685
113.0 -0.00689305562165
113.5 -0.00696134689987
114.0 -0.00734701610099
114.5 -0.00732806031185
115.0 -0.00668738988786
115.5 -0.00590312305667
116.0 -0.00691493294838
116.5 -0.00648480397673
117.0 -0.00625038340844
117.5 -0.00624632374338
118.0 -0.00596316500773
118.5 -0.00335833685753
119.0 0.00104198868486
119.5 0.00625637703367
120.0 0.00383440853334
120.5 0.00146065065351
121.0 -0.00140147741544
121.5 -0.00409408207381
122.0 -0.00615428567234
122.5 -0.0074310163686
123.0 -0.00629746293021
123.5 -0.00583870615407
124.0 -0.0061267929412
124.5 -0.00610451118494
125.0 -0.00643714715754
125.5 -0.00518895454304
126.0 -0.00658893044829
126.5 -0.00611369666333
127.0 -0.00571177278141
127.5 -0.00557527682005
128.0 -0.00526193185101
128.5 -0.00510638100779
129.0 -0.0052177646866
129.5 -0.00459510983264
130.0 -0.00407665256354
130.5 -0.003715492221
131.0 -0.00444043248031
131.5 -0.0042156044417
132.0 -0.00385005934687
132.5 -0.00363215010727
133.0 -0.00352219452157
133.5 -0.00343734438069
134.0 -0.00312924490557
134.5 -0.00297406244582
135.0 -0.00305490181299
135.5 -0.00287025596747
136.0 -0.00272342121091
136.5 -0.00245380749444
137.0 -0.00260826710015
137.5 -0.00261839424046
138.0 -0.00239833636001
138.5 -0.00238407019733
139.0 -0.00223691617584
139.5 -0.0021409417421
140.0 -0.00205496925486
140.5 -0.00207261367814
141.0 -0.00185475136071
141.5 -0.00179464364006
142.0 -0.00154744468117
142.5 -0.00140097400627
143.0 -0.00115982068795
143.5 -0.00109473428538
144.0 -0.00123321984811
144.5 -0.00109228343901
145.0 -0.00108056477074
145.5 -0.000994328444376
146.0 -0.000835038407241
146.5 -0.000649951977721
147.0 -0.000725262616092
147.5 -0.000692708945114
148.0 -0.000490023412287
148.5 -0.000332519657863
149.0 -0.000346901903487
149.5 -0.000286286033851
150.0 -0.000224471741436
150.5 -0.000161936195281
151.0 -9.68959145844e-05
151.5 -2.37787308484e-05
152.0 3.99910855107e-05
152.5 7.60162195608e-05
153.0 0.000137185293829
153.5 0.000188864351456
154.0 0.000234448638816
154.5 0.000284430935052
155.0 0.000286638384475
155.5 0.000212072309971
156.0 0.00037212574653
156.5 0.000487121691339
157.0 0.000608962409796
157.5 0.000703478596442
158.0 0.000758370042067
158.5 0.000891084809371
159.0 0.000963687542697
159.5 0.000999928469298
160.0 0.00108388310132
160.5 0.00115667895941
161.0 0.00121706431594
161.5 0.00131512480917
162.0 0.00146379402589
162.5 0.00163580040105
163.0 0.00156500295336
163.5 0.00150666974811
164.0 0.00168618175794
164.5 0.00181588075247
165.0 0.00198855464098
165.5 0.00209424489042
166.0 0.00220381272455
166.5 0.00237764026722
167.0 0.00239443593091
167.5 0.00242777659179
168.0 0.00266747814873
168.5 0.00297238113531
169.0 0.00303217243705
169.5 0.0030983557575
170.0 0.0032497923841
170.5 0.00338598433092
171.0 0.00296309308018
171.5 0.00345451815676
172.0 0.0037018171825
172.5 0.00408432206508
173.0 0.00437993976119
173.5 0.00452460807263
174.0 0.00466296391934
174.5 0.00465599308042
175.0 0.00465390634521
175.5 0.00411271723949
176.0 0.00411165715009
176.5 0.00437651581683
177.0 0.00500077399884
177.5 0.00615335963542
178.0 0.003985150902
178.5 0.00309155432952
179.0 -0.00346072855061
179.5 -0.00520299764527
180.0 -0.00329652200979
180.5 -0.00298535566982
181.0 -0.000667189369807
181.5 0.000224793430064
182.0 0.000258945856586
182.5 0.000258907427522
183.0 0.00096080795025
183.5 0.00137747086094
184.0 0.00128097282929
184.5 0.00128687305131
185.0 0.00130730122578
185.5 0.00101811732631
186.0 0.000908787026773
186.5 0.00134849060251
187.0 0.00109933166665
187.5 0.000869714573568
188.0 0.000633540662449
188.5 0.000474583356748
189.0 0.000206525615027
189.5 -7.87430573865e-05
190.0 -0.000349160002926
190.5 -0.000726813289589
191.0 -0.000894023787893
191.5 -0.00123006648955
192.0 -0.0016172346206
192.5 -0.00191424426926
193.0 -0.00242778005477
193.5 -0.00275459443728
194.0 -0.00347030130406
194.5 -0.00424392913382
195.0 -0.00495727314294
195.5 -0.00628307808309
196.0 -0.00729416913319
196.5 -0.00852821214947
197.0 -0.0100428977272
197.5 -0.011142074664
198.0 -0.014195984565
198.5 -0.0194781594653
199.0 -0.0302028726243
199.5 -0.046247575872
