0.0 0.00742623233126
0.5 0.0265216279571
1.0 0.0399734898769
1.5 0.0349569381187
2.0 0.0309773751364
2.5 0.0277593171634
3.0 0.0262312550987
3.5 0.024630500636
4.0 0.0232064937544
4.5 0.0219381025103
5.0 0.0206628659326
5.5 0.0196672630383
6.0 0.0187057269562
6.5 0.0178319644274
7.0 0.0170604516517
7.5 0.0161736561244
8.0 0.0153323802266
8.5 0.0146619031809
9.0 0.01398270426
9.5 0.013280106487
10.0 0.0125570823831
10.5 0.0118702851542
11.0 0.0111739287309
11.5 0.0105181068885
12.0 0.00983603190539
12.5 0.0091311312631
13.0 0.00838838705125
13.5 0.00770633201725
14.0 0.00698995864488
14.5 0.00626683207421
15.0 0.00552621083957
15.5 0.00475857508112
16.0 0.00402116554021
16.5 0.00322030960783
17.0 0.00243074581085
17.5 0.00162386024909
18.0 0.0007721277986
18.5 -8.70823538346e-05
19.0 -0.000949255861766
19.5 -0.00185608910362
20.0 -0.00277777560236
20.5 -0.00371885973565
21.0 -0.0046606884969
21.5 -0.00564096149339
22.0 -0.00665131327436
22.5 -0.00767223622364
23.0 -0.00873242145393
23.5 -0.00981802350267
24.0 -0.0109255829063
24.5 -0.012053946156
25.0 -0.0131886499426
25.5 -0.0143631563795
26.0 -0.0155647131831
26.5 -0.0167852337412
27.0 -0.0180249198493
27.5 -0.019273172731
28.0 -0.020554827224
28.5 -0.0218739266064
29.0 -0.0231780267909
29.5 -0.0245177470501
30.0 -0.0258676033224
30.5 -0.0272538895805
31.0 -0.0286478400466
31.5 -0.0300100456854
32.0 -0.0313955381857
32.5 -0.0327993152255
33.0 -0.0342135566431
33.5 -0.0356114912661
34.0 -0.0370404004104
34.5 -0.0384527197182
35.0 -0.0398205354261
35.5 -0.0412059077146
36.0 -0.0425644674766
36.5 -0.043897035106
37.0 -0.0452170271861
37.5 -0.046508675013
38.0 -0.0477649255438
38.5 -0.0490196181838
39.0 -0.0502150004113
39.5 -0.0513879789396
40.0 -0.0524930787866
40.5 -0.053549913104
41.0 -0.0545694370429
41.5 -0.055535337176
42.0 -0.0564209414567
42.5 -0.0572493616226
43.0 -0.0580342967432
43.5 -0.05875036796
44.0 -0.0594066854192
44.5 -0.0599859748657
45.0 -0.0604811076357
45.5 -0.0609189910641
46.0 -0.0612570460905
46.5 -0.0615268132737
47.0 -0.061745680273
47.5 -0.0618671665425
48.0 -0.0619209462194
48.5 -0.0618926691242
49.0 -0.0618052645205
49.5 -0.0616530048334
50.0 -0.0614075285452
50.5 -0.0611119199344
51.0 -0.0607332181052
51.5 -0.0602911910502
52.0 -0.0597979530023
52.5 -0.0592348605167
53.0 -0.0586560581223
53.5 -0.0580048793811
54.0 -0.0572959152355
54.5 -0.0565641269086
55.0 -0.0557336032055
55.5 -0.0548944273966
56.0 -0.0540389060821
56.5 -0.0531092470939
57.0 -0.0521838034275
57.5 -0.0512235906194
58.0 -0.0502667653456
58.5 -0.0492689655648
59.0 -0.0482364204616
59.5 -0.047224377723
60.0 -0.0461832800797
60.5 -0.045106265615
61.0 -0.0440280784024
61.5 -0.0429586685101
62.0 -0.0419163173289
62.5 -0.0408441881777
63.0 -0.0398044127696
63.5 -0.0387528423458
64.0 -0.0376955564595
64.5 -0.0366791277368
65.0 -0.0356524964257
65.5 -0.0346199212786
66.0 -0.0336065631645
66.5 -0.0325867559514
67.0 -0.0316085299737
67.5 -0.0306621572918
68.0 -0.0297159362113
68.5 -0.0287939997476
69.0 -0.0279014078633
69.5 -0.0270044604433
70.0 -0.0261119802496
70.5 -0.0252428146509
71.0 -0.0243917021009
71.5 -0.0235569707953
72.0 -0.022729283239
72.5 -0.0219459575005
73.0 -0.0212084959234
73.5 -0.0204775410209
74.0 -0.0197692437391
74.5 -0.0190251491619
75.0 -0.0183510514889
75.5 -0.0177006416701
76.0 -0.0170502862272
76.5 -0.0163916710617
77.0 -0.0157856565846
77.5 -0.0152054933612
78.0 -0.014626597672
78.5 -0.0141148758843
79.0 -0.0136056277659
79.5 -0.0130033851566
80.0 -0.0125652376593
80.5 -0.0120966485947
81.0 -0.0115938878272
81.5 -0.0111466078474
82.0 -0.0106858771662
82.5 -0.0102405647214
83.0 -0.00981799245656
83.5 -0.00944437283388
84.0 -0.00912102990437
84.5 -0.00871558216016
85.0 -0.00841434451215
85.5 -0.00808001396395
86.0 -0.00768370404178
86.5 -0.00741803125445
87.0 -0.00712326644032
87.5 -0.00678702593442
88.0 -0.00656962770713
88.5 -0.00632457759142
89.0 -0.00604658650682
89.5 -0.00588192187252
90.0 -0.00566350516212
90.5 -0.00531476060303
91.0 -0.00523456702825
91.5 -0.00504839166625
92.0 -0.00480955163782
92.5 -0.00461126765622
93.0 -0.00445124003587
93.5 -0.00425335596777
94.0 -0.00403077041463
94.5 -0.00390490299975
95.0 -0.0038754631209
95.5 -0.00383708515769
96.0 -0.00375225888954
96.5 -0.00354928278589
97.0 -0.0034252054162
97.5 -0.00328758805241
98.0 -0.00318342729469
98.5 -0.00318319285391
99.0 -0.00311610169332
99.5 -0.00305988764635
100.0 -0.00313568964897
100.5 -0.00290988411866
101.0 -0.00284952691096
101.5 -0.00284859408664
102.0 -0.00287507695085
102.5 -0.00289656195941
103.0 -0.00285928653043
103.5 -0.00294880746107
104.0 -0.0030225989665
104.5 -0.00297502929909
105.0 -0.00306403794473
105.5 -0.00320397822659
106.0 -0.00327018367006
106.5 -0.00324628274375
107.0 -0.00335153492019
107.5 -0.00334068508575
108.0 -0.00334702268681
108.5 -0.00353284733392
109.0 -0.00369879920103
109.5 -0.00373119441444
110.0 -0.00358655300878
110.5 -0.00404064598383
111.0 -0.00439492394037
111.5 -0.00445540634559
112.0 -0.00424934243786
112.5 -0.00455182842514
113.0 -0.00510840640344
113.5 -0.00531886461954
114.0 -0.00498573391377
114.5 -0.00587452379312
115.0 -0.00576133623706
115.5 -0.00530955160173
116.0 -0.00501462275062
116.5 -0.00576983699335
117.0 -0.00621838762835
117.5 -0.00572180613922
118.0 -0.0053579647164
118.5 -0.00395094440876
119.0 -0.000731796391705
119.5 0.00770864481346
120.0 0.0081524603858
120.5 0.00397998635343
121.0 0.00053023178728
121.5 -0.00366688437168
122.0 -0.00174166807415
122.5 -0.00476733565155
123.0 -0.00433678945906
123.5 -0.00367619637136
124.0 -0.00400799043655
124.5 -0.00522466393483
125.0 -0.00469442989191
125.5 -0.00468296814698
126.0 -0.00488220999667
126.5 -0.00481098151801
127.0 -0.0045137936069
127.5 -0.00405107305993
128.0 -0.00389760499466
128.5 -0.00394161206898
129.0 -0.00346646520166
129.5 -0.00347818069325
130.0 -0.00302541733594
130.5 -0.00259782336624
131.0 -0.00319493562938
131.5 -0.002829886371
132.0 -0.00251546488094
132.5 -0.00208887025302
133.0 -0.00203795376113
133.5 -0.00211288195749
134.0 -0.00185366842922
134.5 -0.0018819039253
135.0 -0.00160998649594
135.5 -0.0015095413481
136.0 -0.0012560993926
136.5 -0.00131182876444
137.0 -0.00109689501142
137.5 -0.000855249847952
138.0 -0.000883208437113
138.5 -0.00109930427297
139.0 -0.00081774301837
139.5 -0.000536748907553
140.0 -0.00046924601758
140.5 -0.000724113670675
141.0 -0.000496811190509
141.5 -0.000536513820318
142.0 -0.000310405347351
142.5 -0.000330970219476
143.0 -0.000218777694078
143.5 5.50300647451e-05
144.0 0.000218359875932
144.5 0.00018703032578
145.0 0.00027126989495
145.5 0.000330564482079
146.0 0.000365271610176
146.5 0.000428575266376
147.0 0.000586073132122
147.5 0.000784838762555
148.0 0.000813611040704
148.5 0.000789675161999
149.0 0.000879633881385
149.5 0.00101576259696
150.0 0.00114874435585
150.5 0.00133829111072
151.0 0.00120246322545
151.5 0.00118780595048
152.0 0.00127380993329
152.5 0.00144675908608
153.0 0.00152773584333
153.5 0.00149138808127
154.0 0.0014977465521
154.5 0.00151085217171
155.0 0.00147322255377
155.5 0.0015595335218
156.0 0.00171844003805
156.5 0.00182096241874
157.0 0.0019485184835
157.5 0.00206376367968
158.0 0.00215413394946
158.5 0.00219410788279
159.0 0.00212667647669
159.5 0.00230763230977
160.0 0.002479045613
160.5 0.00236964738017
161.0 0.0022548209419
161.5 0.00252154832459
162.0 0.00266685147644
162.5 0.00258797558547
163.0 0.00262492264815
163.5 0.0027877026202
164.0 0.00285093897286
164.5 0.00292119741489
165.0 0.00311556763929
165.5 0.00327313304214
166.0 0.00325267982901
166.5 0.0033826008017
167.0 0.00312411118904
167.5 0.00341177849747
168.0 0.00386653430468
168.5 0.00384673402483
169.0 0.00363722719206
169.5 0.00393653852541
170.0 0.00410666931441
170.5 0.00424039349488
171.0 0.00463388988592
171.5 0.0047931329364
172.0 0.005012602259
172.5 0.00491993859316
173.0 0.00497351972386
173.5 0.00545384624404
174.0 0.00577513874534
174.5 0.00599035518667
175.0 0.00613086643581
175.5 0.00569196003968
176.0 0.00583263721001
176.5 0.00618277053769
177.0 0.00650240945684
177.5 0.00752770782682
178.0 0.00540067248619
178.5 0.0029545307453
179.0 -0.000904706414033
179.5 -0.0036868402711
180.0 -0.00433842726251
180.5 -0.0043074742011
181.0 -3.29991190569e-05
181.5 0.00214499661028
182.0 0.00312250005312
182.5 0.00300767421098
183.0 0.00340393335134
183.5 0.00373628843991
184.0 0.00311227298501
184.5 0.00297587128451
185.0 0.00287433375949
185.5 0.00252543982118
186.0 0.00236616039109
186.5 0.00274218294305
187.0 0.00262849769919
187.5 0.00237306641701
188.0 0.00208713917554
188.5 0.00177194462638
189.0 0.0015699523744
189.5 0.00126694915394
190.0 0.00114425892112
190.5 0.000702434102408
191.0 0.000484947688392
191.5 0.000150350692323
192.0 -0.000203732208405
192.5 -0.000458061328317
193.0 -0.000943414052784
193.5 -0.00145189370269
194.0 -0.00201272270628
194.5 -0.0025476244475
195.0 -0.00320076633913
195.5 -0.00510329122825
196.0 -0.00603538348489
196.5 -0.00711458625914
197.0 -0.00857680985592
197.5 -0.00964094552795
198.0 -0.0126259568379
198.5 -0.0177660880514
199.0 -0.0282138638443
199.5 -0.0444701865006
