0.0 0.0109145176493
0.5 0.0310146017602
1.0 0.0470503453984
1.5 0.0422983128879
2.0 0.0385672039541
2.5 0.0356386013791
3.0 0.0344182930374
3.5 0.0330679795103
4.0 0.0318656353699
4.5 0.0308476121261
5.0 0.0298677515923
5.5 0.0292010879608
6.0 0.0283258404599
6.5 0.0276702183029
7.0 0.0272485000996
7.5 0.0267214708133
8.0 0.0262731490993
8.5 0.025812535809
9.0 0.0254051410001
9.5 0.0250015258093
10.0 0.0245690924299
10.5 0.0241713183118
11.0 0.023757647072
11.5 0.0233466439957
12.0 0.0229782678187
12.5 0.0225964915706
13.0 0.0221840269407
13.5 0.0217168864846
14.0 0.0213255043723
14.5 0.0209280171536
15.0 0.0204317648006
15.5 0.019965507832
16.0 0.0195180296035
16.5 0.0190357454829
17.0 0.018559283061
17.5 0.0180587060459
18.0 0.0175371928099
18.5 0.0169769713161
19.0 0.016397881611
19.5 0.0158274421036
20.0 0.0152386544848
20.5 0.0146173453628
21.0 0.0139719030765
21.5 0.013326517892
22.0 0.0126484417493
22.5 0.0119497161319
23.0 0.0112155377571
23.5 0.0104636313584
24.0 0.00968790201154
24.5 0.0088684942828
25.0 0.00806313109234
25.5 0.00722483454425
26.0 0.00635192745922
26.5 0.00546685421356
27.0 0.00456172525046
27.5 0.00363119390432
28.0 0.0026695449076
28.5 0.00166074554256
29.0 0.000657787233385
29.5 -0.000380609316511
30.0 -0.00142394700642
30.5 -0.00249196180177
31.0 -0.00359631158771
31.5 -0.00471167170412
32.0 -0.00584731051309
32.5 -0.00699727063418
33.0 -0.00816150271196
33.5 -0.00937719811714
34.0 -0.0105838467626
34.5 -0.0118276954223
35.0 -0.0130973563769
35.5 -0.0143339099554
36.0 -0.0156021192999
36.5 -0.0168885113607
37.0 -0.0181881884393
37.5 -0.0194990359155
38.0 -0.0208087534921
38.5 -0.0221389996848
39.0 -0.0234508778656
39.5 -0.0247829884299
40.0 -0.0261063905593
40.5 -0.027457233467
41.0 -0.0287834789182
41.5 -0.030118665873
42.0 -0.0314338259106
42.5 -0.0327226754661
43.0 -0.0339973718569
43.5 -0.0352691352328
44.0 -0.0365572444019
44.5 -0.0377824135325
45.0 -0.0390022226076
45.5 -0.0401820898869
46.0 -0.0413348992782
46.5 -0.0424615193513
47.0 -0.0435661497814
47.5 -0.0446025986067
48.0 -0.0455940426873
48.5 -0.0465346634596
49.0 -0.0474798757339
49.5 -0.0483737566926
50.0 -0.0491102088608
50.5 -0.0498740887672
51.0 -0.0505841361243
51.5 -0.0512309219611
52.0 -0.0518119055777
52.5 -0.0523047617475
53.0 -0.0527554391941
53.5 -0.0531172902406
54.0 -0.0534280675503
54.5 -0.0536905197946
55.0 -0.0538511734508
55.5 -0.0539219093783
56.0 -0.0539601780638
56.5 -0.0539313708013
57.0 -0.0538509078401
57.5 -0.0536821220508
58.0 -0.0534628451927
58.5 -0.0531854835273
59.0 -0.0528279837901
59.5 -0.0524319398689
60.0 -0.0519606755334
60.5 -0.0514341816116
61.0 -0.050867697174
61.5 -0.0502501345526
62.0 -0.049610575973
62.5 -0.0489383875435
63.0 -0.0482058955865
63.5 -0.0474657534228
64.0 -0.0467001074673
64.5 -0.0459101413511
65.0 -0.0450720259851
65.5 -0.044230409378
66.0 -0.0433385154457
66.5 -0.042452396983
67.0 -0.0415773091423
67.5 -0.0406952607037
68.0 -0.0397944838929
68.5 -0.0389017834333
69.0 -0.0380031184618
69.5 -0.0371161182895
70.0 -0.0362182526996
70.5 -0.0353024657318
71.0 -0.034416151036
71.5 -0.0335000731201
72.0 -0.0326094185356
72.5 -0.0317640691482
73.0 -0.0309640188602
73.5 -0.0301218645889
74.0 -0.0293287700934
74.5 -0.0285246619232
75.0 -0.027715444094
75.5 -0.0269477647968
76.0 -0.0261922901413
76.5 -0.0254443230647
77.0 -0.0246908194586
77.5 -0.0239860509981
78.0 -0.0233225249401
78.5 -0.0225839365168
79.0 -0.0219678816176
79.5 -0.0213521733967
80.0 -0.0207154704246
80.5 -0.0201338503164
81.0 -0.0195670862301
81.5 -0.0189531679073
82.0 -0.0183494845403
82.5 -0.0178075766264
83.0 -0.0173269001475
83.5 -0.016801661292
84.0 -0.0162526132565
84.5 -0.0158419119661
85.0 -0.0153806374434
85.5 -0.0150154859566
86.0 -0.0145172290735
86.5 -0.0140980145904
87.0 -0.0136881812418
87.5 -0.0132523998211
88.0 -0.0128973982335
88.5 -0.0125245651675
89.0 -0.0121260117595
89.5 -0.0118394062325
90.0 -0.011516297174
90.5 -0.0112565164891
91.0 -0.0110264631703
91.5 -0.0106417159135
92.0 -0.010373649564
92.5 -0.010140452339
93.0 -0.00992551714356
93.5 -0.0096654411054
94.0 -0.00927017632151
94.5 -0.00910634490637
95.0 -0.00898700872835
95.5 -0.00868093522335
96.0 -0.00855034022269
96.5 -0.00826474904074
97.0 -0.00812399709751
97.5 -0.00795146988632
98.0 -0.00776505109588
98.5 -0.00767773480834
99.0 -0.0075049354705
99.5 -0.00737281020077
100.0 -0.0072746577474
100.5 -0.00713741063185
101.0 -0.00708554395505
101.5 -0.00689082183283
102.0 -0.00684187535843
102.5 -0.00683411011101
103.0 -0.0067923402254
103.5 -0.00679788548216
104.0 -0.00663816568174
104.5 -0.00655147506079
105.0 -0.00628785263104
105.5 -0.00656747245479
106.0 -0.00650125633427
106.5 -0.00645327677152
107.0 -0.00649166787846
107.5 -0.00663467478809
108.0 -0.00674413812708
108.5 -0.00682971990552
109.0 -0.00689268286147
109.5 -0.00648338601253
110.0 -0.00668590062843
110.5 -0.00679057660323
111.0 -0.00684154975543
111.5 -0.00718905975817
112.0 -0.00708866761086
112.5 -0.00729510569515
113.0 -0.00739397347884
113.5 -0.00732946922865
114.0 -0.00699577455983
114.5 -0.00687091000361
115.0 -0.00669769764909
115.5 -0.00706087684372
116.0 -0.0071011813293
116.5 -0.00626642891889
117.0 -0.00693342830358
117.5 -0.00696112787759
118.0 -0.00641361747203
118.5 -0.00518920535129
119.0 -0.00322727088138
119.5 0.00432191541918
120.0 0.00668456942059
120.5 0.00494300484647
121.0 -0.000191970098854
121.5 -0.00576558409387
122.0 -0.0066993663977
122.5 -0.00625549438649
123.0 -0.00616387510846
123.5 -0.00698973297595
124.0 -0.00721085932963
124.5 -0.00783341385601
125.0 -0.00762486877026
125.5 -0.00728617200659
126.0 -0.00774195398444
126.5 -0.00753553755732
127.0 -0.00734294770238
127.5 -0.00707776865683
128.0 -0.00680010783037
128.5 -0.00654745708931
129.0 -0.0062841666925
129.5 -0.0064576594357
130.0 -0.00603675818056
130.5 -0.00542009024601
131.0 -0.00551509732372
131.5 -0.00486511683011
132.0 -0.00507961736229
132.5 -0.00497635059831
133.0 -0.00460879269487
133.5 -0.00442564138903
134.0 -0.00421884598195
134.5 -0.00418542943403
135.0 -0.00369807496629
135.5 -0.00347857830932
136.0 -0.00335195317786
136.5 -0.00324942558637
137.0 -0.00319016688876
137.5 -0.00320989205467
138.0 -0.00294875050222
138.5 -0.00285788428772
139.0 -0.00279419952697
139.5 -0.00278637479512
140.0 -0.00258752937622
140.5 -0.0022240930722
141.0 -0.00229787160726
141.5 -0.00224914900446
142.0 -0.00204913763551
142.5 -0.00191622312181
143.0 -0.00170872846979
143.5 -0.00157061162854
144.0 -0.0014887187989
144.5 -0.00128612636517
145.0 -0.00116096785167
145.5 -0.000920740347268
146.0 -0.0010691662867
146.5 -0.00101604711849
147.0 -0.000915362892891
147.5 -0.000822920781347
148.0 -0.00076092063351
148.5 -0.000652234672483
149.0 -0.000561458994625
149.5 -0.000553672488589
150.0 -0.000453108691094
150.5 -0.000284969264149
151.0 -7.81901997273e-05
151.5 -0.000186672404586
152.0 -0.000144828952532
152.5 -2.0859209517e-05
153.0 0.000152152463141
153.5 0.000355165035247
154.0 0.000502184826855
154.5 0.000454350082869
155.0 0.000493028174324
155.5 0.000535310393136
156.0 0.000630272845068
156.5 0.000640201795189
157.0 0.00062354268476
157.5 0.000784431101078
158.0 0.000962043703304
158.5 0.0010262440487
159.0 0.000960158684716
159.5 0.00110721944171
160.0 0.00127678418609
160.5 0.00136107870037
161.0 0.00147925832362
161.5 0.00160406784914
162.0 0.00171628136045
162.5 0.00195677268204
163.0 0.00213238501556
163.5 0.00217219781073
164.0 0.00215740906633
164.5 0.00220896306174
165.0 0.00232215887111
165.5 0.00210203960852
166.0 0.00232383347674
166.5 0.00273110246702
167.0 0.00288878908024
167.5 0.00305465307578
168.0 0.0032802914922
168.5 0.00350468962287
169.0 0.00356955861442
169.5 0.00363258389114
170.0 0.00340177866273
170.5 0.00374965150216
171.0 0.00408899360646
171.5 0.0044491244103
172.0 0.00479243790254
172.5 0.00467754548239
173.0 0.00470637330184
173.5 0.00501248769959
174.0 0.00515070083063
174.5 0.0051016825289
175.0 0.00502070910304
175.5 0.00443299930214
176.0 0.0046388533049
176.5 0.00545479665601
177.0 0.00665989456462
177.5 0.00681346945677
178.0 0.00554477858125
178.5 0.00287349469609
179.0 -0.00247347370848
179.5 -0.00376676880339
180.0 -0.00212668079411
180.5 -0.00218247326617
181.0 -0.000424926379594
181.5 -0.000220812962652
182.0 -0.000771842263802
182.5 -0.000386451558526
183.0 -0.000966157717954
183.5 2.19936603543e-05
184.0 0.000648472081721
184.5 0.000619504055862
185.0 0.000756175335837
185.5 0.000631428684969
186.0 0.000862636636882
186.5 0.000913418174036
187.0 0.000730061246699
187.5 0.000630755534715
188.0 0.000454338603319
188.5 0.000386454357781
189.0 7.53032761907e-05
189.5 -0.000179404385932
190.0 -0.000349774969592
190.5 -0.000792363029959
191.0 -0.000938321757815
191.5 -0.00126062340449
192.0 -0.00165172383689
192.5 -0.00190257317082
193.0 -0.00236517738611
193.5 -0.00275572929947
194.0 -0.00339681198312
194.5 -0.00409624846141
195.0 -0.00474021848083
195.5 -0.00603902727264
196.0 -0.00702540469537
196.5 -0.00813294007582
197.0 -0.00908825324777
197.5 -0.0110572974599
198.0 -0.0154479053339
198.5 -0.0205383550658
199.0 -0.0303978209629
199.5 -0.0458032126704
