0.0 0.0012545405903
0.5 0.0129620143078
1.0 0.0126478979444
1.5 0.00888682807856
2.0 0.00615953089543
2.5 0.00377553198473
3.0 0.00243970725363
3.5 0.0011593743294
4.0 -4.31442189921e-05
4.5 -0.00112676786066
5.0 -0.00223828931709
5.5 -0.00309706742487
6.0 -0.00415034482685
6.5 -0.00501274057656
7.0 -0.00569840544154
7.5 -0.00658913980413
8.0 -0.00745310117198
8.5 -0.00816991896427
9.0 -0.00890666779673
9.5 -0.00967517655595
10.0 -0.0104364576313
10.5 -0.0113010449786
11.0 -0.0121118378837
11.5 -0.0128743509572
12.0 -0.0136812548945
12.5 -0.0144809790547
13.0 -0.0152925946957
13.5 -0.0161194933109
14.0 -0.0169448424571
14.5 -0.0177685236816
15.0 -0.0186022857301
15.5 -0.0194689695192
16.0 -0.0203238800271
16.5 -0.0211557215237
17.0 -0.0220106217855
17.5 -0.0228782750607
18.0 -0.0237658528704
18.5 -0.0246221415418
19.0 -0.0254806294033
19.5 -0.0263584241586
20.0 -0.0272044650126
20.5 -0.0280496930727
21.0 -0.0288837250938
21.5 -0.0296897360918
22.0 -0.0305036065206
22.5 -0.0313030429015
23.0 -0.032091584439
23.5 -0.0328522808551
24.0 -0.03359189692
24.5 -0.0343105337347
25.0 -0.0349839886352
25.5 -0.0356239681807
26.0 -0.0362201539474
26.5 -0.0367822060369
27.0 -0.0373274706949
27.5 -0.0378314707659
28.0 -0.0382674959211
28.5 -0.0386850434732
29.0 -0.0390450137163
29.5 -0.0393822835469
30.0 -0.039623741402
30.5 -0.0398241098153
31.0 -0.0399870270685
31.5 -0.0400925293044
32.0 -0.0401507632745
32.5 -0.0401518357026
33.0 -0.0401040135757
33.5 -0.0400116281002
34.0 -0.0398664566906
34.5 -0.0396839995069
35.0 -0.0394373780954
35.5 -0.0391445052289
36.0 -0.0387858051846
36.5 -0.0383866545303
37.0 -0.0379573423738
37.5 -0.037491274193
38.0 -0.0369928870118
38.5 -0.0364689092398
39.0 -0.035882630066
39.5 -0.0352780115045
40.0 -0.0346447372953
40.5 -0.0339968645078
41.0 -0.0332974975302
41.5 -0.0325929868043
42.0 -0.0318740280562
42.5 -0.0311308965578
43.0 -0.0303720344221
43.5 -0.0296109079736
44.0 -0.0288488423963
44.5 -0.0280529131784
45.0 -0.0272635029245
45.5 -0.0264576339817
46.0 -0.0256449191463
46.5 -0.0248458043526
47.0 -0.0240464197399
47.5 -0.0232318374018
48.0 -0.0224378705005
48.5 -0.0216371209533
49.0 -0.0208531058812
49.5 -0.020076194428
50.0 -0.0192847034888
50.5 -0.0185153384267
51.0 -0.0177486967286
51.5 -0.0170120386721
52.0 -0.0162718335625
52.5 -0.0155177945127
53.0 -0.014803438809
53.5 -0.0141021562949
54.0 -0.0134177312836
54.5 -0.0127317750633
55.0 -0.0120508493127
55.5 -0.0114021484792
56.0 -0.0107384331131
56.5 -0.0101092557056
57.0 -0.00949863940624
57.5 -0.00890473055698
58.0 -0.00833426919707
58.5 -0.00777301962435
59.0 -0.00721332157016
59.5 -0.0066715394709
60.0 -0.00614441222982
60.5 -0.00561689201886
61.0 -0.00510655209449
61.5 -0.00461245527172
62.0 -0.00414631240322
62.5 -0.0037118755972
63.0 -0.00326970615523
63.5 -0.00283901811731
64.0 -0.00242132607259
64.5 -0.00202914175943
65.0 -0.00163493116272
65.5 -0.00125732782362
66.0 -0.000886538654491
66.5 -0.000498686556991
67.0 -0.000157495998275
67.5 0.000143232177839
68.0 0.000461169666091
68.5 0.000770717256007
69.0 0.00104170290369
69.5 0.00130642707989
70.0 0.00157171262944
70.5 0.00184838806512
71.0 0.00208439191227
71.5 0.00235130930579
72.0 0.00262072994233
72.5 0.00282021787524
73.0 0.00300569826376
73.5 0.00317696775893
74.0 0.0033665142963
74.5 0.00353912698023
75.0 0.00369841937325
75.5 0.00384931299454
76.0 0.00402479423754
76.5 0.00418042817958
77.0 0.00430505342911
77.5 0.00441059649325
78.0 0.00453447443007
78.5 0.00471260678659
79.0 0.00477916866822
79.5 0.00486620995437
80.0 0.00493770323775
80.5 0.00501052396394
81.0 0.00512348056511
81.5 0.00517979266989
82.0 0.00526722989244
82.5 0.00536068988793
83.0 0.00537711043237
83.5 0.00541071827965
84.0 0.00543242103447
84.5 0.00553566953049
85.0 0.00558450126247
85.5 0.00557654175433
86.0 0.00562184750167
86.5 0.00561592836615
87.0 0.00561949984237
87.5 0.00568270566872
88.0 0.00566084114059
88.5 0.00566022450215
89.0 0.00569821684987
89.5 0.00562764528526
90.0 0.00564657282392
90.5 0.0055929498861
91.0 0.0055227078968
91.5 0.00554665757399
92.0 0.00551962709164
92.5 0.00546525856893
93.0 0.00543586747123
93.5 0.00546035340295
94.0 0.00550235715725
94.5 0.00541140067206
95.0 0.00523818903716
95.5 0.00526812715284
96.0 0.00525216796058
96.5 0.0051892358108
97.0 0.00498306686996
97.5 0.00492134413291
98.0 0.00496528489946
98.5 0.00491292809843
99.0 0.00486068856317
99.5 0.00478549927125
100.0 0.00474735870006
100.5 0.00468452051382
101.0 0.00459860890527
101.5 0.00448302271954
102.0 0.00443177854415
102.5 0.00431474233197
103.0 0.00429804651445
103.5 0.00423667195884
104.0 0.00400632694707
104.5 0.00380553770204
105.0 0.0036776597266
105.5 0.00366282491935
106.0 0.00381384483009
106.5 0.00348750850099
107.0 0.00333726829525
107.5 0.00317292113078
108.0 0.00292519339897
108.5 0.00269911066381
109.0 0.00247632929432
109.5 0.00238603473599
110.0 0.00272981166687
110.5 0.00240371318629
111.0 0.00218623859912
111.5 0.00174097601276
112.0 0.00163047297158
112.5 0.00140102976341
113.0 0.0012294710059
113.5 0.00101326769943
114.0 0.000935812875042
114.5 0.000507366385747
115.0 0.00173085972185
115.5 0.0014838305718
116.0 0.000769117104099
116.5 0.0011004259113
117.0 0.0026300869182
117.5 0.00204229088548
118.0 0.00264719868066
118.5 0.00451261139443
119.0 0.0065055951065
119.5 0.0134263488548
120.0 0.0126048408552
120.5 0.00761355751476
121.0 0.00335495797253
121.5 0.000926336084035
122.0 -0.000807559278584
122.5 -0.00086183042184
123.0 -0.000557018706886
123.5 -0.000966737347341
124.0 -0.000603392196624
124.5 -0.000325136945037
125.0 -0.00106411195205
125.5 -0.000381472806239
126.0 -0.000819112692668
126.5 -0.000430404262815
127.0 -0.00113838622215
127.5 -0.00107418265191
128.0 -0.000752305008774
128.5 -0.000726603020105
129.0 -0.000219350166908
129.5 -0.000116919042284
130.0 0.000599896803735
130.5 -0.000404774025206
131.0 3.79404236028e-05
131.5 0.000303986269408
132.0 0.000602799623344
132.5 0.000637647127597
133.0 0.00057371202999
133.5 0.000625577586668
134.0 0.000829364295612
134.5 0.000811742986123
135.0 0.00108474793002
135.5 0.00105242332317
136.0 0.00127629478055
136.5 0.00115905807725
137.0 0.00129942957501
137.5 0.00142124743808
138.0 0.0016217571939
138.5 0.00158892427738
139.0 0.00145032735689
139.5 0.00145255795715
140.0 0.00153907611294
140.5 0.00166095715205
141.0 0.00158581653413
141.5 0.00163847449313
142.0 0.00195296232479
142.5 0.00186478737509
143.0 0.00171767806447
143.5 0.00175239807935
144.0 0.00191585127591
144.5 0.00211056515835
145.0 0.00203577320141
145.5 0.00228568923508
146.0 0.00184933390494
146.5 0.00189377801904
147.0 0.0020153889943
147.5 0.00212835590915
148.0 0.00213967973771
148.5 0.00224295401471
149.0 0.00244475656425
149.5 0.00244570149071
150.0 0.00251370032096
150.5 0.00238719990927
151.0 0.00254009053357
151.5 0.00243656868181
152.0 0.00235776986966
152.5 0.00255206365206
153.0 0.00272300339878
153.5 0.00266431702546
154.0 0.00263709115029
154.5 0.00272598205229
155.0 0.00246997128508
155.5 0.00278230084641
156.0 0.00285156940125
156.5 0.00289375694639
157.0 0.00288791448291
157.5 0.00288491835546
158.0 0.00285589521649
158.5 0.00301530598662
159.0 0.00324559109164
159.5 0.00333044359856
160.0 0.00333121194506
160.5 0.00321875883365
161.0 0.00349133571061
161.5 0.00367834741165
162.0 0.0037331813777
162.5 0.00377941153064
163.0 0.00384241136295
163.5 0.00389425137644
164.0 0.00391823496658
164.5 0.00398440555635
165.0 0.00417026439027
165.5 0.00419606355769
166.0 0.00385528757948
166.5 0.00428531106147
167.0 0.00455831377766
167.5 0.00444519127387
168.0 0.00461684190399
168.5 0.00508679584654
169.0 0.0052916467569
169.5 0.00534931163023
170.0 0.00512354021909
170.5 0.00562174948274
171.0 0.00592531116737
171.5 0.00571308154289
172.0 0.00600034789856
172.5 0.00662665485984
173.0 0.00703418150805
173.5 0.0073415530883
174.0 0.00752877761575
174.5 0.00760532407547
175.0 0.00775412925883
175.5 0.00744960940763
176.0 0.00640132010331
176.5 0.00718862124114
177.0 0.0077486605706
177.5 0.00711344643139
178.0 0.00566133443563
178.5 0.00427238761684
179.0 -0.000802993925689
179.5 -0.00465629250239
180.0 -0.00484528739567
180.5 -0.00484723946361
181.0 -0.00172465457486
181.5 -0.000212967897241
182.0 0.000617647873554
182.5 0.00287829107263
183.0 0.00288481837632
183.5 0.00322383882303
184.0 0.00303418151721
184.5 0.00293990863265
185.0 0.00286940493433
185.5 0.00253451668516
186.0 0.00232117914908
186.5 0.0026417041873
187.0 0.00237170697724
187.5 0.0020081514061
188.0 0.00165246192961
188.5 0.0014108111293
189.0 0.00117481943249
189.5 0.000808851365704
190.0 0.000491816137128
190.5 0.000101332326039
191.0 -0.00016978942925
191.5 -0.000584758610586
192.0 -0.000936982220949
192.5 -0.00120627675453
193.0 -0.00201276353611
193.5 -0.00260131597769
194.0 -0.00346329843525
194.5 -0.0043761698297
195.0 -0.00520719549218
195.5 -0.0069988402055
196.0 -0.00844419759873
196.5 -0.0101675441698
197.0 -0.0123614758213
197.5 -0.0140617453675
198.0 -0.0200700874853
198.5 -0.0270044215428
199.0 -0.0428027957982
199.5 -0.0660292908487
