0.0 0.000237459544506
0.5 0.0214220375596
1.0 0.0193623547778
1.5 0.0133916014703
2.0 0.00980726922072
2.5 0.00699818068745
3.0 0.00525909683046
3.5 0.00369782948342
4.0 0.00225223389899
4.5 0.000933618107613
5.0 -0.000316764940361
5.5 -0.0015671317407
6.0 -0.00260773242341
6.5 -0.00353772795576
7.0 -0.00437248576218
7.5 -0.00530448648063
8.0 -0.00616363719566
8.5 -0.00704037726219
9.0 -0.00800126003607
9.5 -0.00880002703429
10.0 -0.00966707248085
10.5 -0.0105016343494
11.0 -0.0113666858743
11.5 -0.0122502192488
12.0 -0.0130908406083
12.5 -0.0139681334552
13.0 -0.0148556995905
13.5 -0.0157463862273
14.0 -0.0166489560633
14.5 -0.0175412652319
15.0 -0.0185030316679
15.5 -0.0194288881611
16.0 -0.02031357137
16.5 -0.0212542584417
17.0 -0.0222089553968
17.5 -0.0231682152377
18.0 -0.024148307451
18.5 -0.0251087697278
19.0 -0.0260740448486
19.5 -0.0270585285868
20.0 -0.0280355850071
20.5 -0.0290116339037
21.0 -0.0299627785427
21.5 -0.0309258527079
22.0 -0.0318925544324
22.5 -0.0328481314378
23.0 -0.0337766249874
23.5 -0.0347129752779
24.0 -0.0356442920505
24.5 -0.0365492466172
25.0 -0.0374202589703
25.5 -0.0382689858339
26.0 -0.0390746156858
26.5 -0.039852345635
27.0 -0.0406215194289
27.5 -0.0413526949833
28.0 -0.0420179860233
28.5 -0.0426706289469
29.0 -0.0432857726158
29.5 -0.0438638122484
30.0 -0.0443650499553
30.5 -0.0448185416058
31.0 -0.0452324101074
31.5 -0.0455722166174
32.0 -0.0458480889567
32.5 -0.0460786982385
33.0 -0.04626049554
33.5 -0.0463622899816
34.0 -0.046427024356
34.5 -0.0464487224192
35.0 -0.0463982358337
35.5 -0.0462609331673
36.0 -0.0460781547517
36.5 -0.0458315470726
37.0 -0.0455212413129
37.5 -0.0451754804913
38.0 -0.0447818695685
38.5 -0.044311543797
39.0 -0.0438069002161
39.5 -0.0432697215874
40.0 -0.0426590974268
40.5 -0.0420300009761
41.0 -0.0413420644958
41.5 -0.0406303029033
42.0 -0.03987548031
42.5 -0.0390954153702
43.0 -0.0382962995179
43.5 -0.0374510152311
44.0 -0.0366039246019
44.5 -0.0357490169721
45.0 -0.034839857878
45.5 -0.0339453648394
46.0 -0.0330335507729
46.5 -0.0321002011
47.0 -0.031166299234
47.5 -0.0302247056754
48.0 -0.0293025994621
48.5 -0.0283636794828
49.0 -0.0274264552747
49.5 -0.0264941977777
50.0 -0.0255431436076
50.5 -0.0246188445833
51.0 -0.0237145533226
51.5 -0.0227921025763
52.0 -0.0219051241512
52.5 -0.0210216713098
53.0 -0.020155131126
53.5 -0.0192877757584
54.0 -0.0184437007629
54.5 -0.0176166613346
55.0 -0.0167651255139
55.5 -0.0159549603758
56.0 -0.0151781450528
56.5 -0.0144100481622
57.0 -0.0136607242612
57.5 -0.0129002134605
58.0 -0.0121790380128
58.5 -0.0114951940617
59.0 -0.0108052147976
59.5 -0.010137657319
60.0 -0.00948212789627
60.5 -0.00885748719914
61.0 -0.00820344543978
61.5 -0.00759745389573
62.0 -0.00703414076542
62.5 -0.00645953510343
63.0 -0.0059279385749
63.5 -0.00539220777469
64.0 -0.00486097607964
64.5 -0.00437277417595
65.0 -0.00385544694721
65.5 -0.00340925772229
66.0 -0.00293590762872
66.5 -0.00249451346166
67.0 -0.00210014046238
67.5 -0.00168606546198
68.0 -0.00128979703144
68.5 -0.000924235155216
69.0 -0.000577421394896
69.5 -0.000237997034324
70.0 9.7363455744e-05
70.5 0.000419324369334
71.0 0.000714372631402
71.5 0.00107807892778
72.0 0.00139464328848
72.5 0.00165337983488
73.0 0.00187698103154
73.5 0.0021414971515
74.0 0.00236013845569
74.5 0.00258916083157
75.0 0.00281814615312
75.5 0.00298910743382
76.0 0.00323857491285
76.5 0.00342743311971
77.0 0.00361846811494
77.5 0.00378785462136
78.0 0.00389877832307
78.5 0.00405969227706
79.0 0.0041618647069
79.5 0.00433940327668
80.0 0.00446136922054
80.5 0.0045717948862
81.0 0.00465344976418
81.5 0.00476914407309
82.0 0.00489124179029
82.5 0.00500971289603
83.0 0.00508754808267
83.5 0.00515888460787
84.0 0.00521821412143
84.5 0.00522129324601
85.0 0.00527007181622
85.5 0.00525015728947
86.0 0.00537277110983
86.5 0.00539227371162
87.0 0.0054159179908
87.5 0.00550596285931
88.0 0.00551019854178
88.5 0.00554686859618
89.0 0.00555097160835
89.5 0.00555347920388
90.0 0.00552345762012
90.5 0.00542129994812
91.0 0.00548247119176
91.5 0.00551075475755
92.0 0.00550129783907
92.5 0.00549991962756
93.0 0.00547224194944
93.5 0.00542282631337
94.0 0.00536488252768
94.5 0.00529310590414
95.0 0.00532428015689
95.5 0.00526885168891
96.0 0.00520343755796
96.5 0.00518391544486
97.0 0.00510963488642
97.5 0.00510100149547
98.0 0.00509497596196
98.5 0.00498285607371
99.0 0.00485809835352
99.5 0.00470018982768
100.0 0.00461021457428
100.5 0.00458445146726
101.0 0.00451598101282
101.5 0.00440732448613
102.0 0.00442040522746
102.5 0.00424801101485
103.0 0.00405034128614
103.5 0.00393722061592
104.0 0.00391106256773
104.5 0.00383975031583
105.0 0.00371428279112
105.5 0.00365433601691
106.0 0.00359286270185
106.5 0.00334472898396
107.0 0.00336274197471
107.5 0.00321895786823
108.0 0.00292901090812
108.5 0.00269016821582
109.0 0.00249448783858
109.5 0.0024289060525
110.0 0.00229077512545
110.5 0.0021445598673
111.0 0.00194749429333
111.5 0.00155634766351
112.0 0.0013556304125
112.5 0.00105834273295
113.0 0.000729094402885
113.5 0.000262064614191
114.0 0.000295371140751
114.5 0.000337533939543
115.0 0.000456055114995
115.5 0.000367968314563
116.0 0.000722497127612
116.5 0.000609857337537
117.0 0.00101429872741
117.5 0.000351602250447
118.0 0.00133947462615
118.5 0.00379404622659
119.0 0.00696109720117
119.5 0.0114916862973
120.0 0.00943944147673
120.5 0.00936895236349
121.0 0.00648002802546
121.5 0.00155181117022
122.0 -0.000873219031973
122.5 7.65325744112e-06
123.0 0.000618623371594
123.5 0.000738096919818
124.0 0.000482507218322
124.5 0.000795880672058
125.0 0.000850454780263
125.5 0.000374703865305
126.0 -0.000650309051096
126.5 -0.000542336526678
127.0 -0.000268280729259
127.5 1.77924538036e-06
128.0 0.000323716747985
128.5 0.000251651126035
129.0 6.5888571612e-05
129.5 0.000524694419362
130.0 0.000325375777841
130.5 0.0006269870822
131.0 0.000735250905336
131.5 0.000899914173885
132.0 0.000860596495677
132.5 0.00105670810739
133.0 0.00131073864451
133.5 0.00114867221615
134.0 0.00123896859725
134.5 0.00182885786234
135.0 0.0020288036519
135.5 0.00141094417231
136.0 0.00161969614766
136.5 0.00145512858522
137.0 0.00184544950373
137.5 0.00199898143738
138.0 0.0019748136818
138.5 0.00177419538624
139.0 0.00173218128948
139.5 0.00195296312359
140.0 0.00223717459497
140.5 0.00192118018201
141.0 0.00207922710235
141.5 0.00211600066283
142.0 0.0022744543951
142.5 0.00234040374757
143.0 0.00239722939079
143.5 0.00244799652684
144.0 0.00251847739233
144.5 0.00240458696491
145.0 0.00225932888883
145.5 0.0023633193228
146.0 0.00260748815424
146.5 0.00247209436297
147.0 0.00237883077765
147.5 0.00248574663745
148.0 0.00261979421631
148.5 0.00269864930556
149.0 0.00275675004269
149.5 0.00289595855448
150.0 0.00294893433885
150.5 0.00283806306018
151.0 0.00293969331723
151.5 0.00295494824001
152.0 0.00276310391731
152.5 0.00287021360356
153.0 0.00292600754141
153.5 0.00290789490043
154.0 0.00298133862716
154.5 0.002803460954
155.0 0.00311054632588
155.5 0.00305298856053
156.0 0.00299529535327
156.5 0.00325040581826
157.0 0.00317746347763
157.5 0.0031521285718
158.0 0.00325420439714
158.5 0.00348071483625
159.0 0.00363615545231
159.5 0.00371426565703
160.0 0.00374588505319
160.5 0.00371986531831
161.0 0.00380432767395
161.5 0.00388957705623
162.0 0.00390727588421
162.5 0.00402263489635
163.0 0.00397526973208
163.5 0.00397523894819
164.0 0.00418384967185
164.5 0.00432648024113
165.0 0.00452708306713
165.5 0.00471705581578
166.0 0.0047332944396
166.5 0.00481792784107
167.0 0.00457113303419
167.5 0.0048453601836
168.0 0.00525700969528
168.5 0.00538484078217
169.0 0.00537690755945
169.5 0.00548989797292
170.0 0.00556206294146
170.5 0.00504682009763
171.0 0.00545879837371
171.5 0.00577748842505
172.0 0.00600806643212
172.5 0.0063805771096
173.0 0.00660938629409
173.5 0.00677946323326
174.0 0.00689993931266
174.5 0.00686261139224
175.0 0.0069156207078
175.5 0.00669830586995
176.0 0.0068949913439
176.5 0.00697020058141
177.0 0.00734840041761
177.5 0.00819665306769
178.0 0.00494292643612
178.5 0.00566466358835
179.0 0.00196881187208
179.5 -0.000125061732959
180.0 -0.000461849913137
180.5 -0.00457572599635
181.0 -0.00415024722638
181.5 0.000500049868791
182.0 0.00389502120109
182.5 0.00463226264168
183.0 0.00442129301754
183.5 0.00417566775106
184.0 0.00369250709454
184.5 0.00350208119117
185.0 0.00347490900754
185.5 0.00321161634558
186.0 0.00321132757774
186.5 0.0030768686584
187.0 0.00285316930771
187.5 0.00282667420826
188.0 0.00254637854873
188.5 0.00223968313274
189.0 0.00201265611452
189.5 0.00163874246763
190.0 0.0012856059415
190.5 0.000907832449045
191.0 0.000591764984932
191.5 0.000162202303045
192.0 -0.000293493697853
192.5 -0.000677495138603
193.0 -0.00130076382736
193.5 -0.00172868412379
194.0 -0.00254929888372
194.5 -0.00346218676245
195.0 -0.00433541631011
195.5 -0.00584982616247
196.0 -0.00688304683425
196.5 -0.009433221349
197.0 -0.011903547148
197.5 -0.0144097653943
198.0 -0.0197898454554
198.5 -0.027052627866
199.0 -0.0425825746596
199.5 -0.0694324231609
