0.0 0.00137561301265
0.5 0.0218807708579
1.0 0.0194741684423
1.5 0.0142155499835
2.0 0.0110678198884
2.5 0.00851150600213
3.0 0.00711558590192
3.5 0.00576704369114
4.0 0.00459492700343
4.5 0.00322131091811
5.0 0.00234813214244
5.5 0.00158707841194
6.0 0.000746626352971
6.5 -4.76134845719e-05
7.0 -0.000674266820436
7.5 -0.00145295784105
8.0 -0.00218749095438
8.5 -0.00276744530894
9.0 -0.00339442790998
9.5 -0.00406626435614
10.0 -0.00475562824053
10.5 -0.00535475976415
11.0 -0.00607895555136
11.5 -0.00675454067292
12.0 -0.00737442715706
12.5 -0.00804641682836
13.0 -0.00874985312908
13.5 -0.00939089762746
14.0 -0.0100771130196
14.5 -0.0107442542706
15.0 -0.0113893386102
15.5 -0.012068936748
16.0 -0.0127340281002
16.5 -0.0134440605902
17.0 -0.014121636502
17.5 -0.0147985675563
18.0 -0.0154940579579
18.5 -0.0161533386944
19.0 -0.0168120377253
19.5 -0.017475327913
20.0 -0.0181064061021
20.5 -0.0187314242077
21.0 -0.0193369393517
21.5 -0.0199341344698
22.0 -0.0205221844068
22.5 -0.0210926597637
23.0 -0.0216271928269
23.5 -0.022157157756
24.0 -0.0226708012055
24.5 -0.0231492964601
25.0 -0.0235882175224
25.5 -0.0240020332736
26.0 -0.0243839070441
26.5 -0.0247360216478
27.0 -0.0250740220311
27.5 -0.0253684469822
28.0 -0.0256268288036
28.5 -0.0258632314687
29.0 -0.0260676529373
29.5 -0.0262634342963
30.0 -0.0263843902701
30.5 -0.0264796328844
31.0 -0.0265568273132
31.5 -0.0265823270458
32.0 -0.0265729202506
32.5 -0.0265479322285
33.0 -0.0264991859905
33.5 -0.0264028763911
34.0 -0.0263113576308
34.5 -0.0261728820364
35.0 -0.0260077673292
35.5 -0.0258178134415
36.0 -0.0256180004725
36.5 -0.025382258949
37.0 -0.0251139180064
37.5 -0.0248357048023
38.0 -0.0245436427087
38.5 -0.0242305129236
39.0 -0.0238977123235
39.5 -0.0235625057473
40.0 -0.0232080040821
40.5 -0.0228390455069
41.0 -0.0224552776699
41.5 -0.0220710402034
42.0 -0.0216638365308
42.5 -0.0212444668732
43.0 -0.0208239343203
43.5 -0.020390784705
44.0 -0.0199629462754
44.5 -0.0195406849498
45.0 -0.0190758617012
45.5 -0.0186326604665
46.0 -0.018175592358
46.5 -0.017730362506
47.0 -0.0172819628322
47.5 -0.0168113443502
48.0 -0.0163568063014
48.5 -0.0158943785828
49.0 -0.0154416959746
49.5 -0.0149920039771
50.0 -0.0145057631663
50.5 -0.0140577372335
51.0 -0.0136198514465
51.5 -0.0131568630159
52.0 -0.0127158561813
52.5 -0.0122707969569
53.0 -0.0118399254059
53.5 -0.0114070603829
54.0 -0.0109836574639
54.5 -0.0105558121403
55.0 -0.0101002826388
55.5 -0.00968381910142
56.0 -0.00929395472772
56.5 -0.00887208299828
57.0 -0.00848431215085
57.5 -0.00810128294057
58.0 -0.00772482671741
58.5 -0.00736186143778
59.0 -0.00699612137563
59.5 -0.00663576447329
60.0 -0.00627538504637
60.5 -0.00590595894774
61.0 -0.00555893588875
61.5 -0.00523616570715
62.0 -0.00491084742474
62.5 -0.00457308981014
63.0 -0.00428406959982
63.5 -0.00399277010593
64.0 -0.0036804122121
64.5 -0.00341927247918
65.0 -0.00313870852293
65.5 -0.00283585111041
66.0 -0.00255032384197
66.5 -0.00229309953655
67.0 -0.00205519392307
67.5 -0.00184846459464
68.0 -0.0015875118451
68.5 -0.00133043234188
69.0 -0.00114832735665
69.5 -0.000942538494803
70.0 -0.000731411933808
70.5 -0.000530295395519
71.0 -0.000333924888473
71.5 -0.000125953152923
72.0 4.97331731104e-05
72.5 0.0002323032869
73.0 0.000385957120024
73.5 0.000541115844767
74.0 0.00066412038119
74.5 0.000802933904948
75.0 0.000950465546135
75.5 0.00106588277261
76.0 0.00117600050652
76.5 0.00135613867709
77.0 0.00148195721719
77.5 0.00156613550239
78.0 0.00167414291421
78.5 0.00183282783008
79.0 0.00188283530826
79.5 0.00195965450884
80.0 0.00204385416482
80.5 0.00210402914264
81.0 0.00218926675059
81.5 0.00222002436323
82.0 0.00227095587193
82.5 0.00238604835282
83.0 0.00245108374243
83.5 0.00249093207074
84.0 0.00249676212252
84.5 0.00245259815366
85.0 0.00260179560524
85.5 0.00260300114753
86.0 0.0026135949163
86.5 0.00261142846807
87.0 0.00260152699003
87.5 0.00266360749288
88.0 0.00272264460121
88.5 0.00273917806028
89.0 0.00269425825252
89.5 0.00263406959063
90.0 0.00273282010979
90.5 0.00266903019867
91.0 0.00267745759138
91.5 0.00267887032677
92.0 0.0026683788377
92.5 0.00270812609823
93.0 0.00270292378131
93.5 0.00263367579715
94.0 0.0025997858497
94.5 0.00258793457415
95.0 0.00254445461764
95.5 0.00248375717266
96.0 0.00233093487547
96.5 0.00239667858792
97.0 0.00241786732189
97.5 0.00239117520343
98.0 0.00233220394443
98.5 0.00222664497916
99.0 0.00212758981465
99.5 0.00197442628754
100.0 0.00209377760832
100.5 0.0020976497299
101.0 0.00200741430719
101.5 0.0018935491412
102.0 0.00174989520905
102.5 0.00154316132877
103.0 0.00147626524679
103.5 0.00142740696963
104.0 0.00132991449754
104.5 0.00130050523737
105.0 0.00145515821239
105.5 0.000974003255159
106.0 0.00109631338813
106.5 0.000855029808342
107.0 0.000761068521669
107.5 0.000579222570543
108.0 0.000493186237172
108.5 0.000472062607955
109.0 0.000288210416535
109.5 0.000390469431302
110.0 -7.44243115918e-05
110.5 9.30030081037e-06
111.0 -0.000247993230523
111.5 -0.000974978742128
112.0 -0.000912328166969
112.5 -0.000944574893786
113.0 -0.00119170313437
113.5 -0.00131450476606
114.0 -0.000933511171922
114.5 -0.00138618246537
115.0 -0.000912008425047
115.5 -0.000116466805849
116.0 -0.00107209992666
116.5 -0.00072039142799
117.0 -0.000209116636739
117.5 -0.00138512858817
118.0 -0.000540949692777
118.5 0.000292237425413
119.0 0.000574723417785
119.5 0.0072076519041
120.0 0.00931676255206
120.5 0.00916737964954
121.0 0.00882469637904
121.5 0.00399124130813
122.0 0.000508118512386
122.5 -0.0010277416475
123.0 -0.000551233828972
123.5 -0.00125417628742
124.0 -0.00100634719509
124.5 -0.0012091056834
125.0 -0.00176942744676
125.5 -0.00148288200815
126.0 -0.00122886825804
126.5 -0.00143673892855
127.0 -0.00188661513542
127.5 -0.00197962592411
128.0 -0.00176885965202
128.5 -0.00173058034701
129.0 -0.00158414902795
129.5 -0.000743147342703
130.0 -0.000750980770263
130.5 -0.000510645341272
131.0 -0.000508233823901
131.5 -0.00073555543559
132.0 -0.000675689282843
132.5 -0.00038197286873
133.0 -0.000118550727315
133.5 -0.000205460956444
134.0 -0.000181340739331
134.5 -1.96572560185e-06
135.0 8.50431146375e-05
135.5 0.000529686326772
136.0 -3.24337569921e-05
136.5 0.000151159899556
137.0 0.00048402549897
137.5 0.000258195955904
138.0 0.000220504221598
138.5 0.000331907674422
139.0 0.000476105989318
139.5 0.00075613224092
140.0 0.000474329139728
140.5 0.00055230984815
141.0 0.000710514551361
141.5 0.000879044990874
142.0 0.000578433042062
142.5 0.00061762292731
143.0 0.000882348737957
143.5 0.00089438040089
144.0 0.000908706458841
144.5 0.00102813474216
145.0 0.00112838692156
145.5 0.000863961587611
146.0 0.000917258082868
146.5 0.00102554818837
147.0 0.00112263849336
147.5 0.00120686881375
148.0 0.00111165842148
148.5 0.00112064958459
149.0 0.00129441261564
149.5 0.00121503033848
150.0 0.00147565481597
150.5 0.00141423664601
151.0 0.00134040506639
151.5 0.00157576867427
152.0 0.00152222853662
152.5 0.00164054938127
153.0 0.00159138009312
153.5 0.00138676988755
154.0 0.0014765431343
154.5 0.00167617418836
155.0 0.00179046511331
155.5 0.00189390057543
156.0 0.00202409048143
156.5 0.00213263411371
157.0 0.00233154012055
157.5 0.00234816223817
158.0 0.00227091151073
158.5 0.00232346465815
159.0 0.00234229795666
159.5 0.00233896595267
160.0 0.0023591248749
160.5 0.0022139613044
161.0 0.00247846750405
161.5 0.00270533850617
162.0 0.00281583900202
162.5 0.00285574952753
163.0 0.00276394829866
163.5 0.0027598065335
164.0 0.00290666991114
164.5 0.00299886065565
165.0 0.0032099023467
165.5 0.00323324062538
166.0 0.00320795540653
166.5 0.00347546022482
167.0 0.00351094203456
167.5 0.00372700323654
168.0 0.00401844004201
168.5 0.00425217871842
169.0 0.00439799393149
169.5 0.00450217520655
170.0 0.00452095167937
170.5 0.00451985607442
171.0 0.00468033948273
171.5 0.00477829274215
172.0 0.00489709584575
172.5 0.00520469476059
173.0 0.00555535517542
173.5 0.00539939036577
174.0 0.00515340909067
174.5 0.00558368963488
175.0 0.00565963177974
175.5 0.00517928356969
176.0 0.00402819538731
176.5 0.00486208604323
177.0 0.0061043166349
177.5 0.00665483492628
178.0 0.00444979876195
178.5 0.0044007278219
179.0 -0.00115470713516
179.5 -0.00204166749269
180.0 -0.00072651534002
180.5 -0.0019241023509
181.0 0.000717072686271
181.5 0.00293012065968
182.0 0.00324626848941
182.5 0.00370366159275
183.0 0.00303794578603
183.5 0.00312294385533
184.0 0.00285066165509
184.5 0.00319147086913
185.0 0.00273180753327
185.5 0.00227883252785
186.0 0.00211818802104
186.5 0.0025602963683
187.0 0.0024802829317
187.5 0.00213169800614
188.0 0.00181508626468
188.5 0.00167622593968
189.0 0.00151917831006
189.5 0.00120852791818
190.0 0.000951302979971
190.5 0.000592642974723
191.0 0.000354091309262
191.5 -2.09462732101e-05
192.0 -0.000291399270168
192.5 -0.000462308115758
193.0 -0.00097615294311
193.5 -0.00118678620521
194.0 -0.0018897756392
194.5 -0.0028476564722
195.0 -0.00344278206896
195.5 -0.00475443828569
196.0 -0.00570536611656
196.5 -0.00637544931701
197.0 -0.00869846057834
197.5 -0.0100297814936
198.0 -0.0126968398261
198.5 -0.0176725953593
199.0 -0.0280840584879
199.5 -0.044944386672
