0.0 0.00545680047899
0.5 0.0197282951886
1.0 0.0249623042263
1.5 0.0213451212552
2.0 0.0188457263458
2.5 0.0165444999693
3.0 0.0151785018609
3.5 0.0144138437291
4.0 0.0135455488282
4.5 0.0127489816549
5.0 0.0118672437444
5.5 0.011315222004
6.0 0.0106940020404
6.5 0.0101279413191
7.0 0.00955238727031
7.5 0.00892484332948
8.0 0.00852075776896
8.5 0.00805940391666
9.0 0.00761226976075
9.5 0.00716791118816
10.0 0.00654228719475
10.5 0.00608996129231
11.0 0.00560244878894
11.5 0.0051401292029
12.0 0.00465982814839
12.5 0.00416060693802
13.0 0.00363273859518
13.5 0.00305742433115
14.0 0.00255869476566
14.5 0.0020493702411
15.0 0.00144829151426
15.5 0.00088279098809
16.0 0.000337454436851
16.5 -0.000212292679175
17.0 -0.000784031480798
17.5 -0.00137091115758
18.0 -0.00198302863711
18.5 -0.00257117657059
19.0 -0.00316321395127
19.5 -0.00377498261462
20.0 -0.00438952878051
20.5 -0.00499160882166
21.0 -0.00559066163386
21.5 -0.00617230771481
22.0 -0.00676562474539
22.5 -0.00736543247648
23.0 -0.00797636378879
23.5 -0.00856389080722
24.0 -0.00914418524019
24.5 -0.00973413012891
25.0 -0.0102946216141
25.5 -0.0108520681414
26.0 -0.0113990852952
26.5 -0.0119341975105
27.0 -0.0124738740149
27.5 -0.012968362231
28.0 -0.0134604199728
28.5 -0.0139532444734
29.0 -0.0144244095595
29.5 -0.0148920932308
30.0 -0.0153290320467
30.5 -0.0157608416116
31.0 -0.01618317207
31.5 -0.0165695731786
32.0 -0.0169373295828
32.5 -0.0172993615089
33.0 -0.0176464043454
33.5 -0.0179777762459
34.0 -0.0182939072631
34.5 -0.0186097791343
35.0 -0.0188980932044
35.5 -0.0191636869071
36.0 -0.0194054959435
36.5 -0.0196288575286
37.0 -0.0198417355473
37.5 -0.0200495278568
38.0 -0.0202413329726
38.5 -0.0203976266354
39.0 -0.0205561912754
39.5 -0.0206995394563
40.0 -0.0208339279788
40.5 -0.0209439936481
41.0 -0.0210203801461
41.5 -0.0210942466338
42.0 -0.0211538265959
42.5 -0.0212101638785
43.0 -0.021255506793
43.5 -0.0212638552949
44.0 -0.0212793141676
44.5 -0.0212907798335
45.0 -0.0212436733181
45.5 -0.0212149547574
46.0 -0.0211710015689
46.5 -0.0211059053349
47.0 -0.0210414997662
47.5 -0.0209387915331
48.0 -0.0208364239504
48.5 -0.0207301747343
49.0 -0.0206253238623
49.5 -0.020523293276
50.0 -0.0203482311299
50.5 -0.0201930030939
51.0 -0.0200374578051
51.5 -0.0198470107525
52.0 -0.0196633930507
52.5 -0.019468687042
53.0 -0.0192806134748
53.5 -0.0190621510255
54.0 -0.0188402680383
54.5 -0.0186169690042
55.0 -0.0183581072242
55.5 -0.018103486612
56.0 -0.0178704331742
56.5 -0.0175745500958
57.0 -0.0173052615208
57.5 -0.0170292698118
58.0 -0.0167742758356
58.5 -0.016494178913
59.0 -0.0161923087564
59.5 -0.0159142774335
60.0 -0.0156184083471
60.5 -0.0153135182889
61.0 -0.0149780556794
61.5 -0.0146596035592
62.0 -0.0143551905172
62.5 -0.0140498272673
63.0 -0.0137471193002
63.5 -0.013435540684
64.0 -0.0131145019365
64.5 -0.0128144534187
65.0 -0.0125017556203
65.5 -0.0121920798759
66.0 -0.0118499954978
66.5 -0.0115295659732
67.0 -0.0112233093733
67.5 -0.0109313218218
68.0 -0.0106137276581
68.5 -0.0102887273068
69.0 -0.0100310898891
69.5 -0.009745348713
70.0 -0.00943993213256
70.5 -0.00914122952007
71.0 -0.00885249357888
71.5 -0.00857301892109
72.0 -0.00825317129962
72.5 -0.0079812857816
73.0 -0.00775829898677
73.5 -0.0074906422245
74.0 -0.00726248692192
74.5 -0.00701699613937
75.0 -0.00675733517324
75.5 -0.00655178771485
76.0 -0.00625744715537
76.5 -0.00599379726796
77.0 -0.00577118822583
77.5 -0.00554830219644
78.0 -0.00537513245886
78.5 -0.00514955535079
79.0 -0.00498930749905
79.5 -0.00481582891433
80.0 -0.00463102659865
80.5 -0.00445584458351
81.0 -0.00425304072966
81.5 -0.00410001502905
82.0 -0.00394449828269
82.5 -0.00375580797963
83.0 -0.00353410469237
83.5 -0.00340941837177
84.0 -0.00329960849952
84.5 -0.00319339127069
85.0 -0.00305618072635
85.5 -0.00298463443116
86.0 -0.00287273054521
86.5 -0.00280552205237
87.0 -0.00265070031306
87.5 -0.0024787276178
88.0 -0.00244657441032
88.5 -0.0023652222987
89.0 -0.00222270268141
89.5 -0.00212437676368
90.0 -0.00200820693455
90.5 -0.0019772553221
91.0 -0.00195747785013
91.5 -0.00181561539521
92.0 -0.00171420375447
92.5 -0.00163905147327
93.0 -0.00165231096489
93.5 -0.00167309373276
94.0 -0.00147122314912
94.5 -0.00148192335288
95.0 -0.00148481329552
95.5 -0.00151110107451
96.0 -0.00149857708478
96.5 -0.00146477361136
97.0 -0.0015544451887
97.5 -0.00152434830322
98.0 -0.00143951177727
98.5 -0.00146683611525
99.0 -0.00139438838339
99.5 -0.00122597301179
100.0 -0.00120327984763
100.5 -0.00112269854625
101.0 -0.00122161456573
101.5 -0.00134829902724
102.0 -0.00137996315993
102.5 -0.00150998060197
103.0 -0.0015013352774
103.5 -0.00142966373853
104.0 -0.0015093189255
104.5 -0.00158707604418
105.0 -0.001595942044
105.5 -0.00172602382307
106.0 -0.00183712431184
106.5 -0.00181121945377
107.0 -0.00176075631721
107.5 -0.00186541735888
108.0 -0.00194790350959
108.5 -0.00196923251795
109.0 -0.00226476351021
109.5 -0.00249484276817
110.0 -0.00249133469681
110.5 -0.00245265602755
111.0 -0.00270431986536
111.5 -0.00282694939141
112.0 -0.00272133859397
112.5 -0.00299164483614
113.0 -0.00312735583302
113.5 -0.0032903894755
114.0 -0.00306727437143
114.5 -0.00255014074773
115.0 -0.0031006468739
115.5 -0.00316314334012
116.0 -0.00359733061869
116.5 -0.00387592648023
117.0 -0.00413162117364
117.5 -0.00499480296023
118.0 -0.00377774105992
118.5 -0.00180011391788
119.0 9.67510820971e-05
119.5 0.00844162280463
120.0 0.0104730956603
120.5 0.00885559587962
121.0 0.00480305498313
121.5 -0.00033177960448
122.0 -0.00565673310734
122.5 -0.00512921044024
123.0 -0.00410192612539
123.5 -0.00366010403847
124.0 -0.00337012616239
124.5 -0.00318508109767
125.0 -0.00385763390041
125.5 -0.00304909192747
126.0 -0.00439188118226
126.5 -0.00467136679025
127.0 -0.00442808895102
127.5 -0.00396564901148
128.0 -0.00373595432944
128.5 -0.00393293647072
129.0 -0.00368421511546
129.5 -0.00341796747778
130.0 -0.00341999459658
130.5 -0.00278444166637
131.0 -0.00290767113438
131.5 -0.00264199267061
132.0 -0.00253253998117
132.5 -0.00247578757178
133.0 -0.0022989656584
133.5 -0.00215812876583
134.0 -0.00210361891028
134.5 -0.00265353168155
135.0 -0.00206218847765
135.5 -0.0020566120178
136.0 -0.00158325608339
136.5 -0.00151300867106
137.0 -0.00125769633429
137.5 -0.0014569971736
138.0 -0.00148609931966
138.5 -0.00151973712978
139.0 -0.00159602373681
139.5 -0.00114384643369
140.0 -0.00109282141133
140.5 -0.000995263047251
141.0 -0.000876692232129
141.5 -0.000882293924469
142.0 -0.00081120299636
142.5 -0.000659763873733
143.0 -0.000438432301285
143.5 -0.000551607184516
144.0 -0.000787716971578
144.5 -0.000500465817831
145.0 -0.000360888930881
145.5 -0.00034408963626
146.0 -0.00040965911104
146.5 -0.000293903892662
147.0 -0.000213734675475
147.5 -6.90936594241e-05
148.0 -0.000101490764936
148.5 -0.000174238365963
149.0 -6.8496728433e-05
149.5 -1.91390653798e-05
150.0 -0.000158457908785
150.5 3.21252899843e-05
151.0 0.000227253182587
151.5 0.000443889549556
152.0 0.000364244629098
152.5 0.000337331333178
153.0 0.000480669206494
153.5 0.000637481586734
154.0 0.000782569883345
154.5 0.000939458659937
155.0 0.000848581049416
155.5 0.000873843111282
156.0 0.000899475005102
156.5 0.000896876254156
157.0 0.000855309087129
157.5 0.000919921046044
158.0 0.00103938673591
158.5 0.00119461475121
159.0 0.00123506818376
159.5 0.00127272824227
160.0 0.00139758604312
160.5 0.00141157504959
161.0 0.00150710330718
161.5 0.00161217700052
162.0 0.00172644071953
162.5 0.00184034182165
163.0 0.00195442098518
163.5 0.00205268790229
164.0 0.00216772093192
164.5 0.00232691076648
165.0 0.00247324032895
165.5 0.00243978361036
166.0 0.00238351475471
166.5 0.00250645168709
167.0 0.00262682985559
167.5 0.00262448066641
168.0 0.00286799994478
168.5 0.00326006410582
169.0 0.0032580703795
169.5 0.00306085845856
170.0 0.00343320799465
170.5 0.00360111319927
171.0 0.00401669169278
171.5 0.00427301779732
172.0 0.00393969959664
172.5 0.0042828346115
173.0 0.00482713520394
173.5 0.00508990711545
174.0 0.00523001440689
174.5 0.00526384037458
175.0 0.00523271238538
175.5 0.0035397928719
176.0 0.00389835456694
176.5 0.00433539934647
177.0 0.00457393545295
177.5 0.00475362923852
178.0 0.00343403956917
178.5 0.00220547924914
179.0 -0.00111671851238
179.5 -0.00314710820942
180.0 -0.00235123162469
180.5 -0.00493968176977
181.0 -0.0054388500519
181.5 -0.00244700115802
182.0 7.12939323932e-06
182.5 0.00145436862027
183.0 0.00137370260245
183.5 0.00187360393312
184.0 0.00180038672569
184.5 0.00177599516907
185.0 0.00169368379262
185.5 0.00128750507679
186.0 0.00199242441933
186.5 0.00167898612308
187.0 0.00146544198512
187.5 0.00109418599614
188.0 0.000630930576719
188.5 0.000580069096969
189.0 0.000324040513021
189.5 -7.50470472184e-05
190.0 -0.000330914450089
190.5 -0.000830467198455
191.0 -0.00110489043864
191.5 -0.00153775397361
192.0 -0.00204820767381
192.5 -0.00245029262511
193.0 -0.00313109207573
193.5 -0.00370608003549
194.0 -0.00445762734614
194.5 -0.00527138820671
195.0 -0.00619222479166
195.5 -0.00760238327931
196.0 -0.0097013656837
196.5 -0.0114904616219
197.0 -0.0139018246275
197.5 -0.0162394942563
198.0 -0.0217344038034
198.5 -0.0292645163462
199.0 -0.0449366405847
199.5 -0.0701891417294
