0.0 0.00509632571122
0.5 0.0318478900286
1.0 0.0443073492177
1.5 0.0362411889001
2.0 0.0313946563182
2.5 0.0269977570503
3.0 0.0239783640539
3.5 0.0213042359515
4.0 0.0188922578473
4.5 0.0167118405874
5.0 0.0145866687833
5.5 0.0127383093534
6.0 0.0109697284785
6.5 0.00916400074047
7.0 0.007512306063
7.5 0.00596428563269
8.0 0.00446954188514
8.5 0.00294279833549
9.0 0.00145545100867
9.5 -3.15652804375e-05
10.0 -0.00152396348777
10.5 -0.0030393973068
11.0 -0.00450481360764
11.5 -0.00594176654554
12.0 -0.00742099873328
12.5 -0.00891597910918
13.0 -0.0103658203584
13.5 -0.0118291604504
14.0 -0.0133140863369
14.5 -0.0148221033688
15.0 -0.0162668711005
15.5 -0.0177546364863
16.0 -0.019225078262
16.5 -0.0206831393352
17.0 -0.0221606493714
17.5 -0.0236490802325
18.0 -0.0251117402317
18.5 -0.0265883029846
19.0 -0.0280329455783
19.5 -0.0294766727587
20.0 -0.0308949559144
20.5 -0.0323052377138
21.0 -0.0336862354475
21.5 -0.0350537198929
22.0 -0.0364026254883
22.5 -0.0376838037065
23.0 -0.03896665141
23.5 -0.0402242329858
24.0 -0.0414514549719
24.5 -0.0426237451543
25.0 -0.0437290422313
25.5 -0.0447944228715
26.0 -0.0458177984844
26.5 -0.0467773541357
27.0 -0.0476866027283
27.5 -0.0485272039099
28.0 -0.0493155267165
28.5 -0.0500569119368
29.0 -0.0507448939381
29.5 -0.0513502959556
30.0 -0.0518712313668
30.5 -0.0523388881296
31.0 -0.0527302589417
31.5 -0.0530316426507
32.0 -0.0532768582738
32.5 -0.0534530604534
33.0 -0.0535573213168
33.5 -0.0535904471805
34.0 -0.0535633794213
34.5 -0.0534915901318
35.0 -0.053350079015
35.5 -0.0531245000086
36.0 -0.0528500766871
36.5 -0.0525091608055
37.0 -0.0521027435394
37.5 -0.0516590842443
38.0 -0.0511745735775
38.5 -0.0506382993476
39.0 -0.0500593942614
39.5 -0.049461000136
40.0 -0.0488013762935
40.5 -0.048105675339
41.0 -0.0473797954978
41.5 -0.0466406819837
42.0 -0.0458768084927
42.5 -0.0450806776797
43.0 -0.0442605327207
43.5 -0.0434343112623
44.0 -0.0425996593012
44.5 -0.0417297653972
45.0 -0.0408738017644
45.5 -0.0399980124466
46.0 -0.0391115744783
46.5 -0.038234891579
47.0 -0.037362339642
47.5 -0.0364797137456
48.0 -0.0356172642662
48.5 -0.0347394522834
49.0 -0.0338670547247
49.5 -0.0330031516606
50.0 -0.0321350090268
50.5 -0.0312976884905
51.0 -0.0304786488665
51.5 -0.0296436505774
52.0 -0.0288393458246
52.5 -0.0280400189371
53.0 -0.0272631181973
53.5 -0.0264882016243
54.0 -0.0257326049339
54.5 -0.0249869777355
55.0 -0.0242436333259
55.5 -0.0235137471267
56.0 -0.0228198759686
56.5 -0.0221350132152
57.0 -0.0214650367074
57.5 -0.0208044365084
58.0 -0.0201960452046
58.5 -0.0195756213309
59.0 -0.0189530091726
59.5 -0.0183779634611
60.0 -0.017803852308
60.5 -0.0172251987583
61.0 -0.0166863759988
61.5 -0.0161262631787
62.0 -0.015609084507
62.5 -0.0151161747273
63.0 -0.0146137262051
63.5 -0.0141509621879
64.0 -0.0136984058525
64.5 -0.0132516732053
65.0 -0.0128090470423
65.5 -0.0123955859984
66.0 -0.0119478997008
66.5 -0.0115650408515
67.0 -0.0112170838813
67.5 -0.0108032804033
68.0 -0.0104263320207
68.5 -0.0101328210325
69.0 -0.0097948103769
69.5 -0.00951819884647
70.0 -0.00912758844728
70.5 -0.00884232740714
71.0 -0.00858726806456
71.5 -0.00825882138426
72.0 -0.00796032522921
72.5 -0.0077138999846
73.0 -0.00747858611552
73.5 -0.00723799563914
74.0 -0.00704485403038
74.5 -0.00675262967288
75.0 -0.00653706750528
75.5 -0.00633541344617
76.0 -0.00612925386513
76.5 -0.00587755787545
77.0 -0.00566346972916
77.5 -0.00547953332432
78.0 -0.00532482686776
78.5 -0.00518521556013
79.0 -0.00503751741164
79.5 -0.00490189148088
80.0 -0.00478254238281
80.5 -0.00456170101385
81.0 -0.00442524721994
81.5 -0.00432124211339
82.0 -0.00416761300943
82.5 -0.0040363344135
83.0 -0.00394044693314
83.5 -0.00383919103029
84.0 -0.00370219015904
84.5 -0.00356049002048
85.0 -0.003522952428
85.5 -0.00344316918894
86.0 -0.00334425087067
86.5 -0.00334315053632
87.0 -0.00328704064965
87.5 -0.00314650514951
88.0 -0.00306735100031
88.5 -0.00299405522724
89.0 -0.00292486611221
89.5 -0.00291114346089
90.0 -0.0028735532918
90.5 -0.00290322611306
91.0 -0.00282607922855
91.5 -0.00274328218442
92.0 -0.0026214447787
92.5 -0.00254368063496
93.0 -0.00259359041681
93.5 -0.00263256066856
94.0 -0.00252285654938
94.5 -0.00263989972314
95.0 -0.00252105397307
95.5 -0.00247880095962
96.0 -0.00251999643414
96.5 -0.00252563963199
97.0 -0.00255698430609
97.5 -0.00253529319952
98.0 -0.00253300698142
98.5 -0.0025864676115
99.0 -0.00254278673547
99.5 -0.00254018785231
100.0 -0.00244660452034
100.5 -0.00261638020591
101.0 -0.00274221726914
101.5 -0.00285121500365
102.0 -0.00283336834674
102.5 -0.0029124294763
103.0 -0.00295322553879
103.5 -0.00301444906975
104.0 -0.00318328194794
104.5 -0.00320703587342
105.0 -0.00307395173176
105.5 -0.00328121354545
106.0 -0.00328836904205
106.5 -0.00318505486959
107.0 -0.00329453801931
107.5 -0.00352505221615
108.0 -0.00369099139944
108.5 -0.00379648971715
109.0 -0.00402459622069
109.5 -0.00418436227993
110.0 -0.00431437726787
110.5 -0.00452112644274
111.0 -0.00457269878191
111.5 -0.00480000483774
112.0 -0.00509079307228
112.5 -0.00549604734802
113.0 -0.00557329296321
113.5 -0.00579821314255
114.0 -0.00590262639032
114.5 -0.00588622245834
115.0 -0.00610742390735
115.5 -0.00568929077716
116.0 -0.00583606374045
116.5 -0.00601467347801
117.0 -0.00563558812853
117.5 -0.00721013224097
118.0 -0.00579896966808
118.5 -0.00498026144174
119.0 -0.000420430764052
119.5 0.00739808404795
120.0 0.00544640848599
120.5 0.00126717589914
121.0 -0.00252832441576
121.5 -0.0053908574867
122.0 -0.00739729510155
122.5 -0.00785583658838
123.0 -0.00787752022734
123.5 -0.00720951401081
124.0 -0.00679199067038
124.5 -0.00654811185569
125.0 -0.00660313894788
125.5 -0.00611910294583
126.0 -0.00702537316613
126.5 -0.00698158299608
127.0 -0.00657903668358
127.5 -0.0062636702702
128.0 -0.00599876985002
128.5 -0.00593887895688
129.0 -0.00545020073999
129.5 -0.00497475203972
130.0 -0.0047949387994
130.5 -0.00464704095502
131.0 -0.00457837119246
131.5 -0.00427098141529
132.0 -0.00404517844012
132.5 -0.00366039770958
133.0 -0.00355747083137
133.5 -0.00369166895522
134.0 -0.00342465029935
134.5 -0.00325324078431
135.0 -0.00312991039966
135.5 -0.00290456680047
136.0 -0.00281214882671
136.5 -0.00273651651709
137.0 -0.00250291318475
137.5 -0.00241464733579
138.0 -0.00220342225274
138.5 -0.00209088324828
139.0 -0.00192876092169
139.5 -0.00171073311759
140.0 -0.00194957243254
140.5 -0.00177986224991
141.0 -0.0014864462367
141.5 -0.00132216776991
142.0 -0.00136350200521
142.5 -0.00138595862003
143.0 -0.00112390407751
143.5 -0.00102101245738
144.0 -0.00114367727038
144.5 -0.000970188231021
145.0 -0.00091453333197
145.5 -0.00083930446142
146.0 -0.000797731012865
146.5 -0.000785676244139
147.0 -0.00070335361267
147.5 -0.000550387948934
148.0 -0.000321963760759
148.5 -0.000200060865067
149.0 -0.000304317173538
149.5 -0.000251029337126
150.0 -0.000202785072192
150.5 -0.000172618275646
151.0 -0.000183155895052
151.5 -9.02651721431e-05
152.0 7.23070924069e-05
152.5 0.000251075464364
153.0 0.000304296519696
153.5 0.000250895390446
154.0 0.000239396078342
154.5 0.000239481993175
155.0 0.000345644141186
155.5 0.000470101622263
156.0 0.00064642342339
156.5 0.000762400062207
157.0 0.000954417081967
157.5 0.000956269436685
158.0 0.000886685744742
158.5 0.000910117508024
159.0 0.0009324880983
159.5 0.00113907195741
160.0 0.00124723471859
160.5 0.0010198391051
161.0 0.00123919698324
161.5 0.00142373100253
162.0 0.00152174733535
162.5 0.00170873308478
163.0 0.0018433160887
163.5 0.00192388148724
164.0 0.00201878088482
164.5 0.00220280118864
165.0 0.00241053474788
165.5 0.00206016657153
166.0 0.00227450088671
166.5 0.0025457830386
167.0 0.00255245670839
167.5 0.00281401928554
168.0 0.00303944592781
168.5 0.00308903310026
169.0 0.00311852637292
169.5 0.00327083919219
170.0 0.00344721273517
170.5 0.00350122442181
171.0 0.00365498249907
171.5 0.00387940347862
172.0 0.00417788441167
172.5 0.00415313539176
173.0 0.00424317931302
173.5 0.00469592204433
174.0 0.0050222484509
174.5 0.00531061961418
175.0 0.00574558560476
175.5 0.00542849004636
176.0 0.00554041106697
176.5 0.00579324353076
177.0 0.00461043728902
177.5 0.00608235303577
178.0 0.00456161470539
178.5 0.00288101542699
179.0 0.00030551507281
179.5 -0.00222958040993
180.0 -0.00357545497938
180.5 -0.0079406962553
181.0 -0.00824176599333
181.5 -0.00461041211781
182.0 -0.00219789855902
182.5 0.000533419458492
183.0 0.000728204763504
183.5 0.000882799100978
184.0 0.000751698513625
184.5 0.000680236038761
185.0 0.000664297900812
185.5 0.00117831023221
186.0 0.000996843223447
186.5 0.00083057222011
187.0 0.000530931590788
187.5 0.000231117637156
188.0 0.000126569437455
188.5 0.000129083057615
189.0 -0.000350661569243
189.5 -0.000688474575981
190.0 -0.000975879432715
190.5 -0.00137502567704
191.0 -0.00166597784072
191.5 -0.00209568297171
192.0 -0.00245373297791
192.5 -0.00286530228767
193.0 -0.0035301141333
193.5 -0.00417118464132
194.0 -0.00485781162661
194.5 -0.00576076580569
195.0 -0.0070441693701
195.5 -0.00863726328015
196.0 -0.00984678043058
196.5 -0.011487389244
197.0 -0.0136262712212
197.5 -0.0152824736411
198.0 -0.0212797088079
198.5 -0.0282107552472
199.0 -0.043925554421
199.5 -0.0641027632975
