0.0 -0.00627147640892
0.5 0.00154136538208
1.0 -0.0072108173123
1.5 -0.0109618432498
2.0 -0.0138331476382
2.5 -0.0163545198237
3.0 -0.0179217745827
3.5 -0.019474352617
4.0 -0.0209401327403
4.5 -0.022651491798
5.0 -0.0239411005363
5.5 -0.0251400775148
6.0 -0.0263737089403
6.5 -0.0275459837238
7.0 -0.0286294487606
7.5 -0.0297133123843
8.0 -0.030698619605
8.5 -0.0317016091132
9.0 -0.0327418686733
9.5 -0.0335978921047
10.0 -0.0344782879601
10.5 -0.0352673500565
11.0 -0.0360566317583
11.5 -0.0368217779538
12.0 -0.0374935536176
12.5 -0.0381461958869
13.0 -0.0387522229138
13.5 -0.039280303141
14.0 -0.0398283158116
14.5 -0.0402413855967
15.0 -0.0406152703405
15.5 -0.0409466122961
16.0 -0.041178795283
16.5 -0.0413623039937
17.0 -0.0414939318473
17.5 -0.0415778660302
18.0 -0.0415980728283
18.5 -0.0415567273958
19.0 -0.0414966572594
19.5 -0.0413524224595
20.0 -0.0411324347931
20.5 -0.0408576633371
21.0 -0.0405295267168
21.5 -0.0401517653827
22.0 -0.039759102457
22.5 -0.0393049328292
23.0 -0.0387910293241
23.5 -0.0382515240658
24.0 -0.0376903306328
24.5 -0.0370837238025
25.0 -0.0364121952157
25.5 -0.0357167600453
26.0 -0.0350334467892
26.5 -0.0343027522863
27.0 -0.033536064435
27.5 -0.0327576221349
28.0 -0.0319736775129
28.5 -0.0312046079998
29.0 -0.0303918520144
29.5 -0.0295879273522
30.0 -0.0287439545207
30.5 -0.0279015963885
31.0 -0.027058064087
31.5 -0.0262317744685
32.0 -0.0254133062489
32.5 -0.0245690353086
33.0 -0.0237426603539
33.5 -0.0229377021814
34.0 -0.0221099467062
34.5 -0.0213105520116
35.0 -0.0205106597429
35.5 -0.0197500455044
36.0 -0.0189788080754
36.5 -0.0182073791348
37.0 -0.0174516371659
37.5 -0.0167147965591
38.0 -0.015996217183
38.5 -0.0152885226495
39.0 -0.0145905493672
39.5 -0.0139152966978
40.0 -0.013269469136
40.5 -0.012614896616
41.0 -0.0119721735676
41.5 -0.0113556308836
42.0 -0.0107553063464
42.5 -0.0101636744008
43.0 -0.00958101317184
43.5 -0.00901764240292
44.0 -0.00848198310183
44.5 -0.00796802926246
45.0 -0.00743371261561
45.5 -0.00694411103641
46.0 -0.00647281899484
46.5 -0.00600648689604
47.0 -0.00556624999387
47.5 -0.00511830412959
48.0 -0.00469743080171
48.5 -0.00429053329609
49.0 -0.00390174254309
49.5 -0.00352382627819
50.0 -0.00313359857651
50.5 -0.00277590759678
51.0 -0.00243766941814
51.5 -0.00210874956711
52.0 -0.00179774265987
52.5 -0.00148049677557
53.0 -0.00118607518811
53.5 -0.000894770477332
54.0 -0.00063218321468
54.5 -0.00036535431477
55.0 -9.53496894383e-05
55.5 0.000147244571814
56.0 0.00036280733719
56.5 0.000604152317662
57.0 0.000805701438672
57.5 0.000998966905721
58.0 0.00119766164686
58.5 0.00139565453117
59.0 0.00156842801708
59.5 0.00173178961003
60.0 0.00189354863631
60.5 0.00208015931564
61.0 0.00224620818492
61.5 0.00238555570421
62.0 0.00249968791451
62.5 0.00262972565016
63.0 0.00273995448776
63.5 0.00287337398534
64.0 0.00297160119959
64.5 0.00306069101689
65.0 0.00315743541307
65.5 0.00323614539083
66.0 0.00337705889072
66.5 0.0034666335948
67.0 0.00351047875134
67.5 0.00358607404558
68.0 0.0036439955541
68.5 0.00368983189988
69.0 0.00379345064282
69.5 0.00380622343447
70.0 0.00382404049683
70.5 0.00394836680112
71.0 0.00398179445181
71.5 0.00399515456402
72.0 0.00405557551968
72.5 0.00407619207911
73.0 0.00409767327082
73.5 0.00413707751852
74.0 0.00413193877454
74.5 0.00413687182475
75.0 0.00413424982608
75.5 0.00411293648601
76.0 0.00419461220191
76.5 0.00420166283802
77.0 0.00421585583542
77.5 0.0042226155372
78.0 0.00417968976128
78.5 0.00419815214791
79.0 0.00416029712485
79.5 0.00413518083774
80.0 0.00412044128737
80.5 0.00409460395781
81.0 0.00410186487343
81.5 0.00407461207934
82.0 0.00407535690465
82.5 0.00404989093426
83.0 0.00401725020172
83.5 0.00399690880338
84.0 0.00396620128072
84.5 0.00389984267409
85.0 0.00391220100169
85.5 0.00386606586975
86.0 0.00383794034594
86.5 0.00377235891841
87.0 0.00374263146792
87.5 0.00374055144911
88.0 0.00366985178287
88.5 0.00362925402378
89.0 0.00359402745129
89.5 0.00352140093511
90.0 0.00347383351771
90.5 0.00336822680474
91.0 0.00329739544273
91.5 0.00323660880766
92.0 0.00313641505448
92.5 0.00312197526759
93.0 0.00309241942966
93.5 0.00298486301461
94.0 0.00304361845691
94.5 0.0030002533898
95.0 0.00286441946361
95.5 0.00286697015524
96.0 0.00280132880461
96.5 0.00273336835049
97.0 0.00260845044199
97.5 0.00251138545794
98.0 0.00243039616648
98.5 0.00239678074466
99.0 0.00247567532049
99.5 0.00231247892185
100.0 0.00229798367882
100.5 0.00213727803878
101.0 0.00221706021325
101.5 0.00199295696373
102.0 0.00188562827388
102.5 0.00176186248943
103.0 0.00154824663683
103.5 0.00129500920661
104.0 0.0012965335587
104.5 0.00145580450293
105.0 0.00102546099141
105.5 0.00111783107248
106.0 0.00111097003042
106.5 0.00107369026396
107.0 0.000932670505186
107.5 0.000705286452487
108.0 0.000492628207162
108.5 0.000316040594768
109.0 0.00015399409515
109.5 4.82905966805e-05
110.0 -0.000124420895183
110.5 -0.000280079442142
111.0 -0.000486949816697
111.5 -0.000763184510511
112.0 -0.000994970011803
112.5 -0.00103951922667
113.0 -0.00107774481837
113.5 -0.00141900524524
114.0 -0.00144842501699
114.5 -0.00187682410365
115.0 -0.00205367399369
115.5 -0.00131114018114
116.0 -0.0016614553509
116.5 -0.00111844505696
117.0 -0.00121102081262
117.5 -0.00270350979929
118.0 -0.00223657028791
118.5 -0.00161691505254
119.0 0.000924310353412
119.5 0.00825009209767
120.0 0.00848905457123
120.5 0.00730090449073
121.0 0.00446262454655
121.5 0.000493414951407
122.0 -0.00292476726968
122.5 -0.00491298980462
123.0 -0.00566227739561
123.5 -0.00412012228108
124.0 -0.00287806575203
124.5 -0.00371490871659
125.0 -0.00309259269397
125.5 -0.00343065188663
126.0 -0.00331291365515
126.5 -0.00319925150596
127.0 -0.00319393118488
127.5 -0.00305185242254
128.0 -0.0029022596392
128.5 -0.00295815444292
129.0 -0.00265328938357
129.5 -0.00249767793229
130.0 -0.00242154339242
130.5 -0.00219044318468
131.0 -0.00204195292469
131.5 -0.00158331488822
132.0 -0.00214997987591
132.5 -0.00184976918422
133.0 -0.00108870024887
133.5 -0.00101022387179
134.0 -0.00132979938031
134.5 -0.00111918459048
135.0 -0.00115696103434
135.5 -0.000959624564899
136.0 -0.00105652479032
136.5 -0.00095684417801
137.0 -0.000692715994699
137.5 -0.000541368414179
138.0 -0.00016970303809
138.5 -0.000109104681396
139.0 -0.000277851315264
139.5 -7.5150328577e-05
140.0 8.26700458347e-05
140.5 0.000370370656878
141.0 0.000208022580267
141.5 0.000219017855262
142.0 0.000474613040058
142.5 0.000656908976948
143.0 0.000684478912497
143.5 0.000568798655184
144.0 0.000607275238105
144.5 0.000750785547952
145.0 0.000859655188037
145.5 0.000966753249966
146.0 0.00113825182113
146.5 0.000965621111261
147.0 0.00100636382192
147.5 0.00122779732608
148.0 0.00126180342861
148.5 0.00122139522438
149.0 0.00131450886643
149.5 0.00143494146434
150.0 0.00166990369561
150.5 0.00155409694973
151.0 0.00161314838851
151.5 0.00167336010408
152.0 0.00172768193489
152.5 0.00175613760198
153.0 0.00181842765986
153.5 0.00187776099292
154.0 0.00191811476359
154.5 0.00196325283904
155.0 0.00198329118233
155.5 0.00200168711549
156.0 0.00196078928043
156.5 0.00206394304268
157.0 0.00224676472562
157.5 0.00238580153152
158.0 0.00250271873179
158.5 0.00262429403223
159.0 0.00257514862972
159.5 0.00254788720757
160.0 0.0026030130942
160.5 0.00259935952528
161.0 0.00251035985548
161.5 0.00273589885553
162.0 0.00286698899949
162.5 0.0030621820265
163.0 0.00320596249859
163.5 0.0033240247241
164.0 0.00345344192056
164.5 0.00353012069234
165.0 0.00358156554731
165.5 0.0036268214949
166.0 0.00326309844861
166.5 0.00366688974206
167.0 0.00384953252637
167.5 0.00389458760753
168.0 0.0040979386938
168.5 0.00442295274124
169.0 0.00437661584128
169.5 0.00421620086343
170.0 0.00474276227897
170.5 0.00486904614837
171.0 0.00495482864071
171.5 0.00518882734644
172.0 0.00525614855052
172.5 0.00555477136294
173.0 0.00580495710352
173.5 0.00614417575962
174.0 0.00651553234611
174.5 0.00675599366174
175.0 0.00650817220719
175.5 0.00717132216202
176.0 0.00822949251524
176.5 0.00816538629509
177.0 0.00943095629567
177.5 0.011508107648
178.0 0.00833353395551
178.5 0.00788334738246
179.0 0.00128718861076
179.5 -0.000978599971731
180.0 -0.000828640058685
180.5 -0.00234056280233
181.0 -0.000157842089664
181.5 0.00178903113307
182.0 0.00220696712421
182.5 0.00348660248623
183.0 0.00289801952546
183.5 0.00257219128332
184.0 0.00213468508871
184.5 0.00204532483183
185.0 0.00211758914
185.5 0.00196032290968
186.0 0.00204821452841
186.5 0.00200409368233
187.0 0.00189442143311
187.5 0.00178572065965
188.0 0.0015874139545
188.5 0.00143695472065
189.0 0.00115651773768
189.5 0.000947455117227
190.0 0.000933996064106
190.5 0.000461062533191
191.0 0.000267441828356
191.5 -5.12832729811e-05
192.0 -0.000440433303325
192.5 -0.000692950095114
193.0 -0.00116646018692
193.5 -0.00166671407131
194.0 -0.0022240788051
194.5 -0.00271325852039
195.0 -0.00324537349462
195.5 -0.00503914551602
196.0 -0.00584770731969
196.5 -0.00695084768489
197.0 -0.00840999172696
197.5 -0.00960021100123
198.0 -0.0134655344532
198.5 -0.0187075801421
199.0 -0.0283462418482
199.5 -0.0457482824361
