0.0 0.0106494802002
0.5 0.0440793708337
1.0 0.0651037928937
1.5 0.056211465537
2.0 0.0504439204871
2.5 0.0458242261911
3.0 0.0424564975149
3.5 0.0391955544145
4.0 0.0367033492692
4.5 0.0343413709179
5.0 0.0319570886161
5.5 0.0299283480688
6.0 0.0279313991846
6.5 0.0260171138989
7.0 0.0242614100844
7.5 0.0224578812308
8.0 0.0207500735283
8.5 0.019039214229
9.0 0.01737010168
9.5 0.0157109661771
10.0 0.0140506868735
10.5 0.0124315768924
11.0 0.0108034480156
11.5 0.00917296051336
12.0 0.00758833242932
12.5 0.00597808305294
13.0 0.00437064617275
13.5 0.0027884054152
14.0 0.00115704871888
14.5 -0.000411359998216
15.0 -0.00196293029327
15.5 -0.00354491036826
16.0 -0.00511299429869
16.5 -0.00667889057181
17.0 -0.00821294900745
17.5 -0.00975685553334
18.0 -0.0113068630071
18.5 -0.0128437847767
19.0 -0.0143626991022
19.5 -0.0158810499702
20.0 -0.0173624946019
20.5 -0.018848363011
21.0 -0.0203092250326
21.5 -0.0217351611949
22.0 -0.0231609001824
22.5 -0.0245632188188
23.0 -0.0259253949155
23.5 -0.0272947580691
24.0 -0.028640576524
24.5 -0.0299527206058
25.0 -0.0312211109475
25.5 -0.0324657827047
26.0 -0.0336826674724
26.5 -0.0348538220208
27.0 -0.0359914281328
27.5 -0.0370941491493
28.0 -0.0381289585987
28.5 -0.0391602691045
29.0 -0.040148738561
29.5 -0.0411218254266
30.0 -0.0419969803901
30.5 -0.0428246276185
31.0 -0.0436114176168
31.5 -0.044336778835
32.0 -0.0450025631538
32.5 -0.0456180586007
33.0 -0.0461812626377
33.5 -0.0466866678466
34.0 -0.0471317143203
34.5 -0.0475258931047
35.0 -0.0478472408329
35.5 -0.0481073810121
36.0 -0.0483157368962
36.5 -0.0484499823704
37.0 -0.0485191568083
37.5 -0.0485457211563
38.0 -0.0485109332327
38.5 -0.0483938035327
39.0 -0.0482364256593
39.5 -0.0480324140301
40.0 -0.0477672994382
40.5 -0.0474225711341
41.0 -0.0470343625646
41.5 -0.0466145561251
42.0 -0.0461451636331
42.5 -0.0456207965893
43.0 -0.0450519954083
43.5 -0.0444552935332
44.0 -0.0438358619564
44.5 -0.0431944258805
45.0 -0.042481273263
45.5 -0.0417713558385
46.0 -0.0410364541018
46.5 -0.0402991182782
47.0 -0.0395276991028
47.5 -0.0387235725638
48.0 -0.0379316614892
48.5 -0.0371222704635
49.0 -0.0363117177179
49.5 -0.0354791627207
50.0 -0.0346367303629
50.5 -0.0338210372781
51.0 -0.0329979702679
51.5 -0.0321795198873
52.0 -0.0313766655962
52.5 -0.0305583720821
53.0 -0.029767648696
53.5 -0.0289744374686
54.0 -0.0281954828101
54.5 -0.0274337418573
55.0 -0.0266615515337
55.5 -0.0259007450105
56.0 -0.0251911517498
56.5 -0.0244807406385
57.0 -0.0237789171145
57.5 -0.0230747821899
58.0 -0.022407819507
58.5 -0.021759271337
59.0 -0.0211203793217
59.5 -0.0205189962725
60.0 -0.0199140608062
60.5 -0.0192728925225
61.0 -0.0186984685116
61.5 -0.0181392734851
62.0 -0.0175832263931
62.5 -0.0170469273275
63.0 -0.0165426107636
63.5 -0.0160489919285
64.0 -0.0155656109934
64.5 -0.0151073409431
65.0 -0.0146460098945
65.5 -0.0142023449017
66.0 -0.0137732756838
66.5 -0.0133598988273
67.0 -0.0129583421504
67.5 -0.0125769529492
68.0 -0.0122179700466
68.5 -0.0118683281811
69.0 -0.0115004066724
69.5 -0.0111776448361
70.0 -0.0108435244451
70.5 -0.0105231118743
71.0 -0.0102090766916
71.5 -0.00989760935167
72.0 -0.00960336478017
72.5 -0.00931311805996
73.0 -0.00906736209489
73.5 -0.00882190810559
74.0 -0.00859138483712
74.5 -0.0083864901965
75.0 -0.00810245299247
75.5 -0.00794853282894
76.0 -0.0077126704745
76.5 -0.00744969379668
77.0 -0.00725809716253
77.5 -0.0071058757771
78.0 -0.00691437406187
78.5 -0.00673883695792
79.0 -0.0065973883033
79.5 -0.00638920467735
80.0 -0.0062478537368
80.5 -0.00612662039886
81.0 -0.00596456411938
81.5 -0.00584316838101
82.0 -0.00571413288497
82.5 -0.00561181231929
83.0 -0.0054349349811
83.5 -0.00527823324644
84.0 -0.00525442286945
84.5 -0.00515288778367
85.0 -0.00501331569265
85.5 -0.00499203486727
86.0 -0.0049633626953
86.5 -0.00480666303649
87.0 -0.00469488637025
87.5 -0.00457790273644
88.0 -0.0045327894182
88.5 -0.00449860584098
89.0 -0.00446371991782
89.5 -0.00437469403621
90.0 -0.00428934958938
90.5 -0.00429093178206
91.0 -0.00423235860724
91.5 -0.00419580158655
92.0 -0.00410278128611
92.5 -0.00409772231606
93.0 -0.00415707136683
93.5 -0.00413672453893
94.0 -0.00403321397569
94.5 -0.00402683197918
95.0 -0.00405618746052
95.5 -0.00410980124229
96.0 -0.00402932212419
96.5 -0.0040253883217
97.0 -0.00399999058325
97.5 -0.00401072815376
98.0 -0.00400270797302
98.5 -0.00397028296219
99.0 -0.00403726286604
99.5 -0.00400679153719
100.0 -0.00399002810011
100.5 -0.00392941338986
101.0 -0.00388812062747
101.5 -0.00401417690821
102.0 -0.00419119101615
102.5 -0.00424850446291
103.0 -0.00421148088302
103.5 -0.00433833061583
104.0 -0.00440166124184
104.5 -0.00434664971596
105.0 -0.00449021714372
105.5 -0.00453956221254
106.0 -0.00457631329143
106.5 -0.0047244828554
107.0 -0.00478408750799
107.5 -0.00471636068989
108.0 -0.00490390405582
108.5 -0.00534670729996
109.0 -0.00548221919925
109.5 -0.00534448061575
110.0 -0.00566498805841
110.5 -0.00534620301435
111.0 -0.00545531047245
111.5 -0.00611533961752
112.0 -0.00640097658718
112.5 -0.00635003613961
113.0 -0.00643616858554
113.5 -0.00713697730836
114.0 -0.00726547516112
114.5 -0.00729932410911
115.0 -0.0076477444581
115.5 -0.00743100381405
116.0 -0.00828628814713
116.5 -0.00845777954535
117.0 -0.00848024856776
117.5 -0.00968885311187
118.0 -0.00846225529831
118.5 -0.00579244322141
119.0 -0.00223128527303
119.5 0.00664538053607
120.0 0.0068937127874
120.5 0.00227075611409
121.0 -0.00201844731995
121.5 -0.00437059695801
122.0 -0.00575173109905
122.5 -0.00682869457221
123.0 -0.00714124465431
123.5 -0.00596983690302
124.0 -0.00543775329469
124.5 -0.00512269389054
125.0 -0.00631916794049
125.5 -0.00547035108738
126.0 -0.00492737419272
126.5 -0.00586594776458
127.0 -0.00569097410934
127.5 -0.00517567344646
128.0 -0.00482539709392
128.5 -0.00482722700851
129.0 -0.00502013607729
129.5 -0.00454728642844
130.0 -0.00419898640237
130.5 -0.00402265924385
131.0 -0.00400595537368
131.5 -0.00369982559416
132.0 -0.00361246614825
132.5 -0.0034638262491
133.0 -0.00308325027446
133.5 -0.00306533900949
134.0 -0.00332587381617
134.5 -0.00307649679583
135.0 -0.00283323276055
135.5 -0.0024619650509
136.0 -0.00281008384313
136.5 -0.00271655209336
137.0 -0.00249898690591
137.5 -0.00246084677601
138.0 -0.00221509296338
138.5 -0.0021238861476
139.0 -0.00204689104823
139.5 -0.0019037109924
140.0 -0.00179803682575
140.5 -0.00166200918685
141.0 -0.00134709421589
141.5 -0.00156439776527
142.0 -0.00146621653415
142.5 -0.00140953399627
143.0 -0.00128609555834
143.5 -0.00121333087419
144.0 -0.00119496466207
144.5 -0.00107233823988
145.0 -0.00102987636477
145.5 -0.000967659628575
146.0 -0.000927407550349
146.5 -0.000921053510005
147.0 -0.000913610999278
147.5 -0.000863898636415
148.0 -0.000710618400716
148.5 -0.000524879675495
149.0 -0.00042298599438
149.5 -0.000306863131213
150.0 -0.000474742150687
150.5 -0.000500874758583
151.0 -0.00043013621571
151.5 -0.000303646821025
152.0 -0.00021876009643
152.5 -0.000174028784219
153.0 -8.6592320006e-05
153.5 3.07719155046e-06
154.0 7.81526853402e-05
154.5 0.000172461107301
155.0 0.000280094780033
155.5 0.000483284718491
156.0 0.00040850755601
156.5 0.000382441419774
157.0 0.00034961493304
157.5 0.000473725664538
158.0 0.000643575427279
158.5 0.000778963768365
159.0 0.000754354347137
159.5 0.000763049309395
160.0 0.000850720401814
160.5 0.000705743197265
161.0 0.00103165719599
161.5 0.00123359910447
162.0 0.00125542510808
162.5 0.00131461730781
163.0 0.00140519619386
163.5 0.0013644659356
164.0 0.00129789117383
164.5 0.00154164012483
165.0 0.00181488158228
165.5 0.00199613991644
166.0 0.00200236693775
166.5 0.00217294571078
167.0 0.0021071639706
167.5 0.00231815443254
168.0 0.00252186332954
168.5 0.00267815376704
169.0 0.00273292353032
169.5 0.0028784856171
170.0 0.00309892566696
170.5 0.00269033353447
171.0 0.00327771382396
171.5 0.00377506235627
172.0 0.00342772486425
172.5 0.00386895646434
173.0 0.0043532723041
173.5 0.00455507203806
174.0 0.00473591811443
174.5 0.00471807794439
175.0 0.00410181609372
175.5 0.00428988506702
176.0 0.00463393878032
176.5 0.00499959751734
177.0 0.00497576068885
177.5 0.0066324133639
178.0 0.00318423056508
178.5 0.00254453685159
179.0 -0.00229731551489
179.5 -0.00697235558145
180.0 -0.00796086360965
180.5 -0.00809392194145
181.0 -0.00428721115595
181.5 -0.00122595170679
182.0 0.000159910643106
182.5 0.00104739703809
183.0 0.00125139202686
183.5 0.00176619815748
184.0 0.00119706612672
184.5 0.00093118140785
185.0 0.000712874826164
185.5 0.000184305004751
186.0 0.000929445139477
186.5 0.000743596708901
187.0 0.000492311909568
187.5 0.000245077481054
188.0 -6.72071453494e-05
188.5 -0.000191933048256
189.0 -0.000610707143053
189.5 -0.000898490619534
190.0 -0.000978228587101
190.5 -0.00153560750408
191.0 -0.00187950694705
191.5 -0.0022854360468
192.0 -0.00270103397463
192.5 -0.00306895136005
193.0 -0.0037567725353
193.5 -0.00434993476944
194.0 -0.00508906481539
194.5 -0.00594117771449
195.0 -0.00697653809972
195.5 -0.00865411644205
196.0 -0.0100646197198
196.5 -0.0118220362727
197.0 -0.014097818382
197.5 -0.016395052243
198.0 -0.0218639546422
198.5 -0.0294884154248
199.0 -0.0447128912959
199.5 -0.0684367333105
