0.0 -0.00662122235226
0.5 0.0115376488921
1.0 0.0024709113492
1.5 -0.00359499291824
2.0 -0.00754393321296
2.5 -0.0108787311448
3.0 -0.0130474827361
3.5 -0.0152036690313
4.0 -0.0175098257462
4.5 -0.0191473407213
5.0 -0.0209027174899
5.5 -0.0224276450495
6.0 -0.024136401139
6.5 -0.0256171180241
7.0 -0.0269188847151
7.5 -0.02829783247
8.0 -0.0295964435626
8.5 -0.030876425372
9.0 -0.0320895079401
9.5 -0.0334189776644
10.0 -0.034590269443
10.5 -0.0356721730473
11.0 -0.0367436526286
11.5 -0.037836896888
12.0 -0.0388842280066
12.5 -0.0398299558795
13.0 -0.0407468637718
13.5 -0.0416379069417
14.0 -0.0424621335253
14.5 -0.0432071477614
15.0 -0.0439635226424
15.5 -0.0446325430864
16.0 -0.0452064592121
16.5 -0.0457408981067
17.0 -0.0461919082668
17.5 -0.0466028750525
18.0 -0.0469656756538
18.5 -0.0472359295781
19.0 -0.0474346891696
19.5 -0.047624547819
20.0 -0.0476832161932
20.5 -0.0476907806934
21.0 -0.0476197143798
21.5 -0.0474776900082
22.0 -0.047276972494
22.5 -0.0470071266241
23.0 -0.0467018867445
23.5 -0.0463303516701
24.0 -0.0459056895082
24.5 -0.0454312108305
25.0 -0.0448744951404
25.5 -0.0442825848631
26.0 -0.0436539513069
26.5 -0.042971044782
27.0 -0.0422462289422
27.5 -0.041492826582
28.0 -0.0406875414147
28.5 -0.0398834297328
29.0 -0.0390533157402
29.5 -0.0381961691834
30.0 -0.0372910756366
30.5 -0.036374555711
31.0 -0.0354565480129
31.5 -0.0345061457237
32.0 -0.0335588960897
32.5 -0.0326241028882
33.0 -0.0316789849003
33.5 -0.030705847806
34.0 -0.0297441385936
34.5 -0.0287988070912
35.0 -0.0278428240873
35.5 -0.0269076292855
36.0 -0.0259704395211
36.5 -0.0250417365139
37.0 -0.024129018737
37.5 -0.0232344294716
38.0 -0.0223504795905
38.5 -0.0214582814632
39.0 -0.0205982875688
39.5 -0.0197694216346
40.0 -0.0189255547735
40.5 -0.0181110688763
41.0 -0.0173274639278
41.5 -0.0165648904016
42.0 -0.0157991548759
42.5 -0.0150476448377
43.0 -0.0143246948352
43.5 -0.0136190362574
44.0 -0.0129392691527
44.5 -0.0122511354143
45.0 -0.0115903353263
45.5 -0.0109690988413
46.0 -0.0103611715715
46.5 -0.00975888911883
47.0 -0.00917897150071
47.5 -0.00861194280599
48.0 -0.00808605109938
48.5 -0.00755408485283
49.0 -0.00703174929703
49.5 -0.00655993580566
50.0 -0.00604939672149
50.5 -0.00558869326225
51.0 -0.00515246047439
51.5 -0.00469928446656
52.0 -0.00429150794002
52.5 -0.00388275698733
53.0 -0.0035078716538
53.5 -0.00313969930346
54.0 -0.00277673261031
54.5 -0.0024209190245
55.0 -0.00208987058995
55.5 -0.00178388547624
56.0 -0.00146906705384
56.5 -0.00118691042609
57.0 -0.00088728962125
57.5 -0.000597202605936
58.0 -0.00035095595341
58.5 -0.000115501789677
59.0 0.000127789878176
59.5 0.000355531570628
60.0 0.00058757266083
60.5 0.000800759692506
61.0 0.00103100983384
61.5 0.00122675207407
62.0 0.00137655927337
62.5 0.00155289167153
63.0 0.00171146147963
63.5 0.00186335188223
64.0 0.00203614945294
64.5 0.00215739949405
65.0 0.00231003728201
65.5 0.00243790756058
66.0 0.00259321208463
66.5 0.00272063623999
67.0 0.0028275695289
67.5 0.00290768216791
68.0 0.00301085190576
68.5 0.00310259924946
69.0 0.00320840299087
69.5 0.00326026847085
70.0 0.00334179413579
70.5 0.00341956616712
71.0 0.0034847006256
71.5 0.0035271451727
72.0 0.00359692281478
72.5 0.00367925691472
73.0 0.00374327601349
73.5 0.00374573506931
74.0 0.00378297620578
74.5 0.00379916864913
75.0 0.0037893588357
75.5 0.00389081539877
76.0 0.00391691023572
76.5 0.00390010405386
77.0 0.0039736278911
77.5 0.00401919644234
78.0 0.00396830222346
78.5 0.00399580756198
79.0 0.00398240119861
79.5 0.00398377484162
80.0 0.00399923471878
80.5 0.00399414401651
81.0 0.00399119530528
81.5 0.00391681623902
82.0 0.00395452296805
82.5 0.00400150064849
83.0 0.00394319303163
83.5 0.00390222558262
84.0 0.00392079320779
84.5 0.00388172862656
85.0 0.00382797232165
85.5 0.00373304219693
86.0 0.00380497300046
86.5 0.00375438279512
87.0 0.00365958015916
87.5 0.00368485140789
88.0 0.0036478274515
88.5 0.00360190995157
89.0 0.00361480424507
89.5 0.00348917951461
90.0 0.00339853176281
90.5 0.00342111988502
91.0 0.00339934598564
91.5 0.00334589297331
92.0 0.00326680720665
92.5 0.00320138914008
93.0 0.003155619314
93.5 0.00314309475303
94.0 0.00317033860151
94.5 0.00309034081619
95.0 0.00297564011906
95.5 0.0030324715061
96.0 0.00285831581951
96.5 0.00286462511287
97.0 0.00270275852181
97.5 0.00253149695738
98.0 0.00248736936438
98.5 0.0024605297311
99.0 0.00241509633447
99.5 0.00238449259771
100.0 0.00240098433613
100.5 0.00218418138192
101.0 0.00209366270268
101.5 0.00198459043786
102.0 0.0018570583027
102.5 0.0016454914553
103.0 0.00166012464013
103.5 0.00174585492433
104.0 0.00159889939172
104.5 0.00139890714999
105.0 0.00131411574699
105.5 0.00117396186608
106.0 0.00103299318052
106.5 0.00075207630006
107.0 0.000685482302053
107.5 0.000542771655908
108.0 0.000384417215045
108.5 0.000288438639139
109.0 2.02710428141e-05
109.5 -0.000115705044308
110.0 -0.000485108673999
110.5 -0.000411477562118
111.0 -0.000737171424916
111.5 -0.000785162264378
112.0 -0.000968338939622
112.5 -0.00109174944207
113.0 -0.00108702480721
113.5 -0.00148373559942
114.0 -0.0014784552892
114.5 -0.00160524215001
115.0 -0.00169546343372
115.5 -0.00178608768347
116.0 -0.000947769370939
116.5 -0.00111552834075
117.0 -0.00167948350864
117.5 -0.00292947775779
118.0 -0.0014016406079
118.5 0.000548555114378
119.0 0.00128409761562
119.5 0.00835926555537
120.0 0.0113381507006
120.5 0.0108593638672
121.0 0.00466050943179
121.5 0.000278670539629
122.0 -0.00392091284817
122.5 -0.0045266739031
123.0 -0.00437329792142
123.5 -0.00356996091257
124.0 -0.00333845011897
124.5 -0.00314827654337
125.0 -0.00323084884934
125.5 -0.00293096512722
126.0 -0.0027531960161
126.5 -0.00287449655987
127.0 -0.00237619761079
127.5 -0.00282039714475
128.0 -0.00316948102132
128.5 -0.00279945546832
129.0 -0.00239210086017
129.5 -0.00208941890519
130.0 -0.001750583133
130.5 -0.00162324726327
131.0 -0.00211538091247
131.5 -0.00157668839459
132.0 -0.00128934831513
132.5 -0.00142018368241
133.0 -0.00150099181588
133.5 -0.00136444342876
134.0 -0.00118916534322
134.5 -0.00118196780196
135.0 -0.000960099522963
135.5 -0.000637268403388
136.0 -0.000317082386488
136.5 -0.000534103295625
137.0 -0.000393192828945
137.5 -0.000353772589836
138.0 -0.000194595873591
138.5 -0.000134084001253
139.0 -3.05099504416e-05
139.5 0.000122406832261
140.0 0.000212008919373
140.5 0.000272249620608
141.0 0.000390437652459
141.5 0.000384121293873
142.0 0.000518015592924
142.5 0.000538021617823
143.0 0.000651663006213
143.5 0.000730108157391
144.0 0.000769395933141
144.5 0.000948622554784
145.0 0.00107606498063
145.5 0.000857097442468
146.0 0.000895916167482
146.5 0.000884573525576
147.0 0.000931578944279
147.5 0.00105012953694
148.0 0.00120764034986
148.5 0.00139416086113
149.0 0.00144589089802
149.5 0.00130839295945
150.0 0.00133752838954
150.5 0.00133015643611
151.0 0.00128656879829
151.5 0.00135337420037
152.0 0.00146180917722
152.5 0.00154455071731
153.0 0.00169604204441
153.5 0.00175174104376
154.0 0.00163282925334
154.5 0.00158930594502
155.0 0.00167924312721
155.5 0.00183287941632
156.0 0.00201891145466
156.5 0.00192029147198
157.0 0.00181370338382
157.5 0.00188796345045
158.0 0.0019998977855
158.5 0.00215713264783
159.0 0.00226439320519
159.5 0.00236049182999
160.0 0.0024610747226
160.5 0.00239310745471
161.0 0.00236078049929
161.5 0.00221855406901
162.0 0.00238109459254
162.5 0.00258294184467
163.0 0.00276416066021
163.5 0.00290397605803
164.0 0.00287002993473
164.5 0.00271913726332
165.0 0.00306989710225
165.5 0.00318961921992
166.0 0.00308217744124
166.5 0.00292549046973
167.0 0.0031146510392
167.5 0.00346305633369
168.0 0.00346797227508
168.5 0.00346178283874
169.0 0.0036527106435
169.5 0.00387456962545
170.0 0.00419588702366
170.5 0.00430657408296
171.0 0.00377999982857
171.5 0.00418847455533
172.0 0.00438340122383
172.5 0.00475532690105
173.0 0.00502275778371
173.5 0.00520517856739
174.0 0.00529918708069
174.5 0.00525310662114
175.0 0.00521087097189
175.5 0.00459338541017
176.0 0.00452851466426
176.5 0.00475882555499
177.0 0.00526398884031
177.5 0.00551090427706
178.0 0.00340571194113
178.5 0.00219360880608
179.0 -0.00018925210307
179.5 -0.00277859413623
180.0 -0.00340033867408
180.5 -0.00421612603107
181.0 -0.0013243409313
181.5 0.00170322441346
182.0 0.00203922080981
182.5 0.00294874984056
183.0 0.00226870498986
183.5 0.00275424782708
184.0 0.00269038233505
184.5 0.00264835269803
185.0 0.00268099608488
185.5 0.00244580416691
186.0 0.00251065647934
186.5 0.00230478259779
187.0 0.00243161189375
187.5 0.00230987367758
188.0 0.00193491583494
188.5 0.00180504724413
189.0 0.0014183932075
189.5 0.00111476987028
190.0 0.000856580898215
190.5 0.000496342275866
191.0 0.000262822246057
191.5 -6.63613937206e-05
192.0 -0.000411193844414
192.5 -0.000653258997659
193.0 -0.00120934487967
193.5 -0.00167731255758
194.0 -0.0022905041326
194.5 -0.00299160360989
195.0 -0.00370391032926
195.5 -0.0051432758854
196.0 -0.00616514810311
196.5 -0.00727376594187
197.0 -0.00808991321021
197.5 -0.00996337877146
198.0 -0.0143228158199
198.5 -0.0196173630888
199.0 -0.0293745348593
199.5 -0.0460533027662
