0.0 0.00961632187107
0.5 0.0402923635775
1.0 0.0587373419541
1.5 0.050528998461
2.0 0.0449406237707
2.5 0.0403930927513
3.0 0.0372806360223
3.5 0.0344940794134
4.0 0.0320063313962
4.5 0.0297413775784
5.0 0.0275903686731
5.5 0.0257264945088
6.0 0.0238994092792
6.5 0.0220361458469
7.0 0.0204086850384
7.5 0.018845580162
8.0 0.0173025904455
8.5 0.0156751925633
9.0 0.0142334093156
9.5 0.0127552298969
10.0 0.0112482980578
10.5 0.00981359839976
11.0 0.0083606220327
11.5 0.00683793921002
12.0 0.00537567655305
12.5 0.00392600302755
13.0 0.00246375352047
13.5 0.000987431304821
14.0 -0.000487160817933
14.5 -0.00194791580884
15.0 -0.003410991325
15.5 -0.00493055079032
16.0 -0.0064105345003
16.5 -0.00788532633233
17.0 -0.00936951658068
17.5 -0.010865333734
18.0 -0.0123747549582
18.5 -0.0138805409199
19.0 -0.0153778596132
19.5 -0.0168759657626
20.0 -0.0183630684336
20.5 -0.019850994239
21.0 -0.021314926241
21.5 -0.0227810544915
22.0 -0.0242505376514
22.5 -0.0256784458658
23.0 -0.0271294867465
23.5 -0.0285338720239
24.0 -0.0299246570573
24.5 -0.031308374837
25.0 -0.0326459686583
25.5 -0.0339696955985
26.0 -0.035273955171
26.5 -0.0365347774527
27.0 -0.0377474982901
27.5 -0.0389268934192
28.0 -0.0400541634245
28.5 -0.0411700147001
29.0 -0.042253036094
29.5 -0.0432729894182
30.0 -0.0442272795662
30.5 -0.0451469328248
31.0 -0.0460029629284
31.5 -0.0467719438512
32.0 -0.0474991518961
32.5 -0.0481776629646
33.0 -0.0487966769297
33.5 -0.0493298837348
34.0 -0.0498303678085
34.5 -0.0502463547263
35.0 -0.0505833113768
35.5 -0.0508584047255
36.0 -0.0510830342632
36.5 -0.0512255129578
37.0 -0.0512917189978
37.5 -0.0513011634765
38.0 -0.0512426451017
38.5 -0.0511176441162
39.0 -0.0509307025355
39.5 -0.0507000706585
40.0 -0.0504026292168
40.5 -0.0500645731668
41.0 -0.0496464872372
41.5 -0.0491906909174
42.0 -0.0486816723758
42.5 -0.0481393586737
43.0 -0.0475650945198
43.5 -0.0469249689796
44.0 -0.0462691472088
44.5 -0.0455906155656
45.0 -0.0448434842661
45.5 -0.0441083799736
46.0 -0.0433497983983
46.5 -0.0425592517921
47.0 -0.0417529848354
47.5 -0.0409307081567
48.0 -0.0401250024796
48.5 -0.0392867823508
49.0 -0.0384369722983
49.5 -0.037604666856
50.0 -0.0367197794509
50.5 -0.0358749786791
51.0 -0.035040723682
51.5 -0.0341877818933
52.0 -0.0333641366329
52.5 -0.0325318115862
53.0 -0.0317233739022
53.5 -0.0309078477938
54.0 -0.0301000839944
54.5 -0.0293158847105
55.0 -0.0285230558462
55.5 -0.0277676099465
56.0 -0.0269951673742
56.5 -0.0262548168582
57.0 -0.0255501046976
57.5 -0.0248527739723
58.0 -0.0241581411733
58.5 -0.0234734144017
59.0 -0.0228081243809
59.5 -0.0221514457046
60.0 -0.0215130396068
60.5 -0.0208792364829
61.0 -0.0202617811175
61.5 -0.0196699104328
62.0 -0.0190991342975
62.5 -0.0185616053813
63.0 -0.0180159608374
63.5 -0.0174895431015
64.0 -0.0169777077669
64.5 -0.0164913793527
65.0 -0.0160039488632
65.5 -0.0155314525919
66.0 -0.0150687672506
66.5 -0.0146369167922
67.0 -0.01419878071
67.5 -0.0137609184761
68.0 -0.0133667160244
68.5 -0.0129885388918
69.0 -0.0126191415838
69.5 -0.012259790017
70.0 -0.011908543776
70.5 -0.0115590270695
71.0 -0.0112078428302
71.5 -0.0108732308882
72.0 -0.0105749324913
72.5 -0.0102789224932
73.0 -0.0100004089339
73.5 -0.00969723673605
74.0 -0.00947050337349
74.5 -0.00919289291323
75.0 -0.00890292942125
75.5 -0.0086433397665
76.0 -0.00843458996991
76.5 -0.00823835131086
77.0 -0.00799621834549
77.5 -0.00777215686108
78.0 -0.00759936698416
78.5 -0.00735024612757
79.0 -0.00716925249147
79.5 -0.00702328818499
80.0 -0.00682235871888
80.5 -0.00665300260656
81.0 -0.00651147535681
81.5 -0.00640403930752
82.0 -0.00617619439792
82.5 -0.00596210095573
83.0 -0.00586959473521
83.5 -0.00572625185184
84.0 -0.00560242682556
84.5 -0.00553093266403
85.0 -0.00537919980871
85.5 -0.00532267171685
86.0 -0.00525427802638
86.5 -0.0051079890206
87.0 -0.00495826058642
87.5 -0.00486897272366
88.0 -0.00483492733401
88.5 -0.00472765850107
89.0 -0.0046184193864
89.5 -0.00455760703109
90.0 -0.00449718057008
90.5 -0.00444154695257
91.0 -0.00437869471375
91.5 -0.00430989729562
92.0 -0.00417734577083
92.5 -0.00413751376966
93.0 -0.00414134807534
93.5 -0.0041070477731
94.0 -0.00405914122469
94.5 -0.00404803095054
95.0 -0.00414916969559
95.5 -0.00405558866766
96.0 -0.00397781898677
96.5 -0.00399390777064
97.0 -0.00400899662149
97.5 -0.00394784772915
98.0 -0.00394068785261
98.5 -0.00398050557568
99.0 -0.00388472194945
99.5 -0.00387704488456
100.0 -0.00367251719816
100.5 -0.00393622452325
101.0 -0.0039873647294
101.5 -0.00393897989579
102.0 -0.00389999737267
102.5 -0.00398966914223
103.0 -0.00409107135104
103.5 -0.00415951779518
104.0 -0.00407902377425
104.5 -0.00416104591436
105.0 -0.00436493942161
105.5 -0.00440965442988
106.0 -0.00420630673463
106.5 -0.00441883866417
107.0 -0.00465523186767
107.5 -0.00469886365752
108.0 -0.00476444744259
108.5 -0.00493814154404
109.0 -0.00496319908625
109.5 -0.00507047608097
110.0 -0.00468643473639
110.5 -0.00488144304294
111.0 -0.00528754589259
111.5 -0.00567523364463
112.0 -0.00564794970843
112.5 -0.00582359649983
113.0 -0.00620857268481
113.5 -0.00650694879961
114.0 -0.00614905437349
114.5 -0.00599721334892
115.0 -0.00614247858944
115.5 -0.00607318971879
116.0 -0.00647787520745
116.5 -0.00590859816496
117.0 -0.00625837810524
117.5 -0.00811004427082
118.0 -0.00617611498286
118.5 -0.00536388082051
119.0 -0.00269405036903
119.5 0.00537728501533
120.0 0.00634206509579
120.5 0.00480880633805
121.0 -0.000834834582392
121.5 -0.00570531690249
122.0 -0.00995248846294
122.5 -0.011405994242
123.0 -0.00926655178925
123.5 -0.00831399949671
124.0 -0.0079069989517
124.5 -0.00759898855681
125.0 -0.00740032557836
125.5 -0.00681515237173
126.0 -0.00783906141575
126.5 -0.00771478326288
127.0 -0.0073445303335
127.5 -0.00696228576402
128.0 -0.00665129008765
128.5 -0.00647087389778
129.0 -0.00604367034471
129.5 -0.0061990648728
130.0 -0.00560402258659
130.5 -0.00506097042168
131.0 -0.00559172200196
131.5 -0.00522516253524
132.0 -0.0049452845729
132.5 -0.00469186356787
133.0 -0.00444556193236
133.5 -0.00429683399321
134.0 -0.00412074850775
134.5 -0.00392841103206
135.0 -0.00379120597704
135.5 -0.00355843858252
136.0 -0.00343811780127
136.5 -0.00333430763983
137.0 -0.00315764140506
137.5 -0.00318202758145
138.0 -0.00297299939581
138.5 -0.00281899762361
139.0 -0.00260703047957
139.5 -0.00238714521914
140.0 -0.00262292769946
140.5 -0.00245304773272
141.0 -0.00218000841404
141.5 -0.00211439685092
142.0 -0.00193981492025
142.5 -0.00186221780599
143.0 -0.00165314257351
143.5 -0.00160766863728
144.0 -0.00179503115288
144.5 -0.00158825267546
145.0 -0.00144440884074
145.5 -0.00130058574713
146.0 -0.00108959985305
146.5 -0.00122331977053
147.0 -0.00119884186315
147.5 -0.00110584580931
148.0 -0.00105037852092
148.5 -0.000957582556706
149.0 -0.00087337573413
149.5 -0.000875131843991
150.0 -0.000791640925287
150.5 -0.000644747349456
151.0 -0.00052873962809
151.5 -0.000393234766527
152.0 -0.000220536126659
152.5 -0.000263883598565
153.0 -0.000331389441055
153.5 -0.000296237350872
154.0 -0.000186770254309
154.5 -4.58034122062e-05
155.0 5.87770155249e-05
155.5 0.000192999747297
156.0 0.000462534508216
156.5 0.000421724436976
157.0 0.000432952260535
157.5 0.000461142442575
158.0 0.000511566611923
158.5 0.000643761927062
159.0 0.000676543566225
159.5 0.000704815225131
160.0 0.000819867674068
160.5 0.000882790719338
161.0 0.000915861281612
161.5 0.000792910148611
162.0 0.000958973311604
162.5 0.00124185918265
163.0 0.00145140011955
163.5 0.0015968298945
164.0 0.00157620922382
164.5 0.00141246039269
165.0 0.00170703957755
165.5 0.00185703745485
166.0 0.00197364527079
166.5 0.00227144481274
167.0 0.00200170670105
167.5 0.00222536602126
168.0 0.00261997364546
168.5 0.00286445421003
169.0 0.00298211866404
169.5 0.00322339385655
170.0 0.00338982585083
170.5 0.00340199877522
171.0 0.00360781660939
171.5 0.00324626699026
172.0 0.00354777862341
172.5 0.00403604358696
173.0 0.00428081956714
173.5 0.0044397642606
174.0 0.00458152268303
174.5 0.00456266972711
175.0 0.00456366125547
175.5 0.00407013034743
176.0 0.00436003351547
176.5 0.00489603597079
177.0 0.00548865986595
177.5 0.00591118855661
178.0 0.00483579131576
178.5 0.000663744926868
179.0 -0.00371116092219
179.5 -0.00442630970632
180.0 -0.00377535100088
180.5 -0.00540204258017
181.0 -0.00193966452341
181.5 0.000107585302118
182.0 -0.000347506095295
182.5 0.00156326706644
183.0 0.000773994258893
183.5 0.00119913807373
184.0 0.00145065925531
184.5 0.000922752745552
185.0 0.000761532202503
185.5 0.00051210896352
186.0 0.000591468231178
186.5 0.000522762438095
187.0 0.000418679593977
187.5 9.47659313368e-05
188.0 -8.80255055762e-05
188.5 -0.000157813828864
189.0 -0.000431250084745
189.5 -0.000802490284855
190.0 -0.0011216462137
190.5 -0.00158605759538
191.0 -0.0017936050447
191.5 -0.00216926356052
192.0 -0.00265363286114
192.5 -0.00304940093952
193.0 -0.0037135448591
193.5 -0.00420879689904
194.0 -0.00511285399836
194.5 -0.00606864148396
195.0 -0.00684181790947
195.5 -0.00828080801929
196.0 -0.0104120591452
196.5 -0.0120359916498
197.0 -0.0136617198975
197.5 -0.0167893923913
198.0 -0.0229254673043
198.5 -0.0303377793164
199.0 -0.0453351062679
199.5 -0.0708081022385
