0.0 -0.00397221722139
0.5 0.0138827029969
1.0 0.00636904512853
1.5 0.00139870786862
2.0 -0.00161264720463
2.5 -0.00422537590236
3.0 -0.00574942074514
3.5 -0.00712940586725
4.0 -0.00843586478097
4.5 -0.00960008157847
5.0 -0.0107435953756
5.5 -0.0115712375393
6.0 -0.0125609259943
6.5 -0.0133213853318
7.0 -0.0139054507153
7.5 -0.0145261715511
8.0 -0.0150665245656
8.5 -0.0156093170491
9.0 -0.0160784248161
9.5 -0.0165225939304
10.0 -0.0169698368509
10.5 -0.0173427331073
11.0 -0.0176901747951
11.5 -0.0179826339653
12.0 -0.0182181097652
12.5 -0.0184867114947
13.0 -0.0187655267449
13.5 -0.0189024337785
14.0 -0.0190506656793
14.5 -0.0191495385782
15.0 -0.0192050976465
15.5 -0.0192752593164
16.0 -0.0192996452601
16.5 -0.0192747027206
17.0 -0.0192515462844
17.5 -0.0192112115018
18.0 -0.019164221289
18.5 -0.0191221009127
19.0 -0.0190035260227
19.5 -0.0188775290975
20.0 -0.018717923819
20.5 -0.0186043803123
21.0 -0.0184390338633
21.5 -0.0182346505544
22.0 -0.0180345858901
22.5 -0.0178232118719
23.0 -0.017587756364
23.5 -0.0173634082449
24.0 -0.017132863859
24.5 -0.0169005339419
25.0 -0.0166349247961
25.5 -0.0163725807031
26.0 -0.0161046179849
26.5 -0.0158153950482
27.0 -0.0155230452629
27.5 -0.0152149576246
28.0 -0.0149207813038
28.5 -0.0146479846161
29.0 -0.0143432989923
29.5 -0.0140709544785
30.0 -0.0137612650562
30.5 -0.0134489061749
31.0 -0.0131426874726
31.5 -0.0128367436877
32.0 -0.0125303325392
32.5 -0.0122135917336
33.0 -0.0119036397084
33.5 -0.0115984770087
34.0 -0.011295138547
34.5 -0.011010666733
35.0 -0.0107210078954
35.5 -0.0104112229956
36.0 -0.0101192513618
36.5 -0.00982349402649
37.0 -0.00952030164359
37.5 -0.00923128811928
38.0 -0.00894989480581
38.5 -0.00865846139071
39.0 -0.00838026019636
39.5 -0.0081201391319
40.0 -0.00786431489457
40.5 -0.0075868424094
41.0 -0.00731582921936
41.5 -0.00706262920398
42.0 -0.00681372350599
42.5 -0.00656217677474
43.0 -0.00630797802962
43.5 -0.00605957708131
44.0 -0.0058268928445
44.5 -0.00560551130855
45.0 -0.00535658412693
45.5 -0.0051417877625
46.0 -0.00492393829993
46.5 -0.00469999832766
47.0 -0.00449405862444
47.5 -0.00427520930685
48.0 -0.00407421439039
48.5 -0.00387637233535
49.0 -0.00369426557876
49.5 -0.00350141132217
50.0 -0.00329364741372
50.5 -0.00314514434248
51.0 -0.00296153771374
51.5 -0.00280288405084
52.0 -0.0026320562333
52.5 -0.00245515381176
53.0 -0.00232890370754
53.5 -0.00218579281298
54.0 -0.0020399989037
54.5 -0.00191861734751
55.0 -0.00175907591822
55.5 -0.00161262169384
56.0 -0.00149680115776
56.5 -0.0013560723508
57.0 -0.00123666182468
57.5 -0.00112657202669
58.0 -0.00103522117216
58.5 -0.000932395693177
59.0 -0.000802740292265
59.5 -0.000720519914521
60.0 -0.000620348304404
60.5 -0.000537716202896
61.0 -0.000400774244474
61.5 -0.000304934028996
62.0 -0.000230579300904
62.5 -0.000173285224394
63.0 -9.60996159467e-05
63.5 -2.60893380375e-05
64.0 3.70903586013e-05
64.5 9.8232849302e-05
65.0 0.000171926692778
65.5 0.000230465955751
66.0 0.00031760718546
66.5 0.000370525422131
67.0 0.000444056395366
67.5 0.000483328731789
68.0 0.000527552184234
68.5 0.000565435660432
69.0 0.000598189549221
69.5 0.000630333932444
70.0 0.000667933991732
70.5 0.000710867574703
71.0 0.000737003099037
71.5 0.000740035408977
72.0 0.000844562601493
72.5 0.000892416222419
73.0 0.000866423489187
73.5 0.00085641295675
74.0 0.000872498647881
74.5 0.000872778204998
75.0 0.000972075909507
75.5 0.000949913772121
76.0 0.000959455239261
76.5 0.00100095013447
77.0 0.00101469960948
77.5 0.00102432772663
78.0 0.000968331132304
78.5 0.00099865322203
79.0 0.00103656106854
79.5 0.00100025000533
80.0 0.000995591146966
80.5 0.0010004248903
81.0 0.00102550296193
81.5 0.00100482121512
82.0 0.00101108424087
82.5 0.000994034421133
83.0 0.00100438599989
83.5 0.00100013260222
84.0 0.000972209906624
84.5 0.000863112252762
85.0 0.000979917103344
85.5 0.000960081072773
86.0 0.000933550610959
86.5 0.00090172187036
87.0 0.000831191417273
87.5 0.00086643182976
88.0 0.000801307731628
88.5 0.000724920754887
89.0 0.000846766448834
89.5 0.000777632448113
90.0 0.000688891948908
90.5 0.000576994428112
91.0 0.000597567273211
91.5 0.000622997754416
92.0 0.000623910464533
92.5 0.000584668432023
93.0 0.000517609573826
93.5 0.000449241853431
94.0 0.000485029614257
94.5 0.000462939010824
95.0 0.000360018526237
95.5 0.000358066328328
96.0 0.000346804752802
96.5 0.000381942572417
97.0 0.000307072424683
97.5 0.000241244851917
98.0 0.00019046377486
98.5 0.000121333542634
99.0 0.000149584271288
99.5 0.000172538913965
100.0 5.41048225067e-05
100.5 -0.000120036853019
101.0 -0.000293307344457
101.5 -0.000148646352621
102.0 -0.000223760429606
102.5 -0.000387773143395
103.0 -0.000461430085913
103.5 -0.000624302315501
104.0 -0.000704901605459
104.5 -0.000686156823235
105.0 -0.000638416384078
105.5 -0.000517963830028
106.0 -0.000697104379505
106.5 -0.00092066906295
107.0 -0.00119739763626
107.5 -0.0012818011683
108.0 -0.00118541942579
108.5 -0.00123436980535
109.0 -0.00160578838736
109.5 -0.00175025368019
110.0 -0.00154435933328
110.5 -0.00164373708221
111.0 -0.00185441227134
111.5 -0.00192711803993
112.0 -0.00199795169703
112.5 -0.00231105971665
113.0 -0.00234017614164
113.5 -0.0023805730972
114.0 -0.00258033314027
114.5 -0.00294503848468
115.0 -0.00312535753072
115.5 -0.00178530320464
116.0 -0.00260029177764
116.5 -0.00296021545228
117.0 -0.00325554337689
117.5 -0.00437557458861
118.0 -0.00238617682847
118.5 -0.00151896809446
119.0 0.0011564383794
119.5 0.00871724681078
120.0 0.0100754615073
120.5 0.00846922865581
121.0 0.00279125292762
121.5 -0.00307859679393
122.0 -0.00734060399155
122.5 -0.00647752298687
123.0 -0.00503320975938
123.5 -0.00392027786297
124.0 -0.00288998521899
124.5 -0.0040458068361
125.0 -0.00369762553657
125.5 -0.00388788346234
126.0 -0.00324663157664
126.5 -0.00355562928507
127.0 -0.00396238745631
127.5 -0.00344377181369
128.0 -0.00357622114637
128.5 -0.00410669004941
129.0 -0.00333342742034
129.5 -0.00327528687642
130.0 -0.00298614642237
130.5 -0.00259995294196
131.0 -0.00324245165394
131.5 -0.00297597354757
132.0 -0.00279720775336
132.5 -0.00261596034888
133.0 -0.00248509817745
133.5 -0.00245249036837
134.0 -0.00245320290727
134.5 -0.0022453305933
135.0 -0.00199846489411
135.5 -0.00169078572816
136.0 -0.00139089266954
136.5 -0.0016188511606
137.0 -0.00148049225433
137.5 -0.00143893759377
138.0 -0.00125701558567
138.5 -0.00103695605289
139.0 -0.000887557993988
139.5 -0.00107053030619
140.0 -0.000954537213978
140.5 -0.00086366769408
141.0 -0.000595014876293
141.5 -0.000423100371055
142.0 -0.000461151430819
142.5 -0.000523859034759
143.0 -0.000393810544583
143.5 -0.000316202407957
144.0 -0.000226718528609
144.5 5.27256848688e-05
145.0 -0.000137208037279
145.5 -5.39274265261e-05
146.0 -4.34896721124e-06
146.5 1.30350695073e-05
147.0 2.90874090019e-05
147.5 9.7914698745e-05
148.0 0.000256678603473
148.5 0.000345532241722
149.0 0.000246924539999
149.5 0.000306673685161
150.0 0.000420099451128
150.5 0.00050511471112
151.0 0.000607547402211
151.5 0.00075800303582
152.0 0.000650988000552
152.5 0.000607984822324
153.0 0.000722576467329
153.5 0.000852427150608
154.0 0.000987122806356
154.5 0.00113024792999
155.0 0.00100899836126
155.5 0.000921339026405
156.0 0.00107760791538
156.5 0.00121583734128
157.0 0.00142326938253
157.5 0.00143318304831
158.0 0.00137368480529
158.5 0.00137658548256
159.0 0.00133413249907
159.5 0.00150105109005
160.0 0.00170017282377
160.5 0.00180804334605
161.0 0.00195550927898
161.5 0.00197557425587
162.0 0.00196014771909
162.5 0.00207390681699
163.0 0.00215176278643
163.5 0.00218231689093
164.0 0.0021261118363
164.5 0.00207550271785
165.0 0.00254265850139
165.5 0.00265257867463
166.0 0.00257809902975
166.5 0.00279461599797
167.0 0.00279962047882
167.5 0.0028496008678
168.0 0.00310652966904
168.5 0.00351009180486
169.0 0.00349722706735
169.5 0.00330331742389
170.0 0.00374957654138
170.5 0.00394275301946
171.0 0.00425561965281
171.5 0.0045252141832
172.0 0.00457648572949
172.5 0.00489375016089
173.0 0.00513432124792
173.5 0.0052394766054
174.0 0.00537575819429
174.5 0.00547630649497
175.0 0.00561650208519
175.5 0.00413665053348
176.0 0.00451979895193
176.5 0.00471077765421
177.0 0.00489603998278
177.5 0.0065257581669
178.0 0.00503510267279
178.5 0.00324702725011
179.0 -0.00203223807884
179.5 -0.00595547709463
180.0 -0.00613306617134
180.5 -0.00594046547693
181.0 -0.00257173493463
181.5 -0.000877692752127
182.0 -0.000376329237881
182.5 0.000577252543948
183.0 0.000634568775112
183.5 0.00103394972025
184.0 0.000955363168131
184.5 0.00104137139257
185.0 0.00116421998146
185.5 0.00104184305542
186.0 0.00114658995385
186.5 0.00103440322759
187.0 0.000823657302803
187.5 0.000592318261241
188.0 0.000508409248525
188.5 0.000309814177129
189.0 -1.22821356001e-05
189.5 -0.000408188685256
190.0 -0.000740473735945
190.5 -0.00114515854855
191.0 -0.00142723238046
191.5 -0.00184919117983
192.0 -0.00224556865588
192.5 -0.00262159959451
193.0 -0.00331091633419
193.5 -0.00390987183341
194.0 -0.00473018961121
194.5 -0.00569159620173
195.0 -0.0066497492631
195.5 -0.00839984288069
196.0 -0.00975949588501
196.5 -0.0109602755718
197.0 -0.0140392285763
197.5 -0.0167733518862
198.0 -0.0224464316825
198.5 -0.0297200855231
199.0 -0.0449000302691
199.5 -0.0701349557052
