0.0 0.00109489137027
0.5 0.0141515385657
1.0 0.0177378943451
1.5 0.0124589823521
2.0 0.00818933698072
2.5 0.00455119318358
3.0 0.00200406130432
3.5 -0.000613116614009
4.0 -0.00250364902917
4.5 -0.00451507904839
5.0 -0.00656095449666
5.5 -0.00836171141639
6.0 -0.0101402705382
6.5 -0.0118527314254
7.0 -0.0134409757768
7.5 -0.0151345792612
8.0 -0.0167913394225
8.5 -0.0183107060439
9.0 -0.019828057574
9.5 -0.0213642752538
10.0 -0.0229181441321
10.5 -0.024417143164
11.0 -0.0259107784936
11.5 -0.0273783823842
12.0 -0.0288209979315
12.5 -0.0302967615065
13.0 -0.0317615354785
13.5 -0.0331456870239
14.0 -0.0345301542596
14.5 -0.0358943979106
15.0 -0.0372296707365
15.5 -0.0385462475927
16.0 -0.0398130509388
16.5 -0.0410410265462
17.0 -0.0422354901301
17.5 -0.0434067757718
18.0 -0.0445014724678
18.5 -0.0455580102413
19.0 -0.0465665479165
19.5 -0.0475356703581
20.0 -0.0484251850106
20.5 -0.0492613439503
21.0 -0.0500300245925
21.5 -0.0507404071834
22.0 -0.051399973221
22.5 -0.0519979882157
23.0 -0.0525064760761
23.5 -0.0529655750059
24.0 -0.0533567703595
24.5 -0.0536836109
25.0 -0.0539034819715
25.5 -0.054063642261
26.0 -0.0541526986132
26.5 -0.0541815725237
27.0 -0.0541524885952
27.5 -0.0540128689549
28.0 -0.0538202624862
28.5 -0.0535865314881
29.0 -0.0533202802987
29.5 -0.0529657502927
30.0 -0.0525272703193
30.5 -0.0520407180085
31.0 -0.0515171879666
31.5 -0.0509298766996
32.0 -0.0502928816144
32.5 -0.0496269468412
33.0 -0.0489248596949
33.5 -0.0481625630516
34.0 -0.0473954156509
34.5 -0.0465746303436
35.0 -0.0457165474137
35.5 -0.0448307970789
36.0 -0.0439513615561
36.5 -0.043032511041
37.0 -0.0420814001813
37.5 -0.0411339699429
38.0 -0.0401826853619
38.5 -0.0391983263092
39.0 -0.0382160316427
39.5 -0.037238488718
40.0 -0.0362680408465
40.5 -0.035292706508
41.0 -0.0343126038834
41.5 -0.0333435800612
42.0 -0.032369273004
42.5 -0.0314007892218
43.0 -0.0304455282516
43.5 -0.029491543551
44.0 -0.0285551373165
44.5 -0.0276342364898
45.0 -0.0267375161468
45.5 -0.0258402369585
46.0 -0.0249487588301
46.5 -0.0240885051494
47.0 -0.0232540808338
47.5 -0.0224080790705
48.0 -0.0215886864578
48.5 -0.0207863009309
49.0 -0.0200146060715
49.5 -0.0192454717312
50.0 -0.0184908022643
50.5 -0.0177734311234
51.0 -0.0170566458329
51.5 -0.0163674441338
52.0 -0.0157116623602
52.5 -0.0150532196688
53.0 -0.0144305765893
53.5 -0.0137985971628
54.0 -0.0131893243112
54.5 -0.012620509255
55.0 -0.0120451768871
55.5 -0.0114971600522
56.0 -0.0109582215413
56.5 -0.0104367317469
57.0 -0.00995034744991
57.5 -0.00947703296931
58.0 -0.00901270000275
58.5 -0.00856538828172
59.0 -0.00812182883716
59.5 -0.00770350877129
60.0 -0.00727057301362
60.5 -0.00688983245665
61.0 -0.00649895081015
61.5 -0.00612881638176
62.0 -0.00578865185705
62.5 -0.00545916576888
63.0 -0.00514221975019
63.5 -0.00482865969527
64.0 -0.00449123913907
64.5 -0.00424418818472
65.0 -0.00394320092087
65.5 -0.00365520092521
66.0 -0.00339739778706
66.5 -0.00314442143814
67.0 -0.00290440862927
67.5 -0.00264262446676
68.0 -0.00242147806065
68.5 -0.00224289438135
69.0 -0.00204310690191
69.5 -0.00186064449766
70.0 -0.00168333551223
70.5 -0.0015000340407
71.0 -0.00130867936414
71.5 -0.00114607153786
72.0 -0.000997741145518
72.5 -0.000801080827372
73.0 -0.000648360061323
73.5 -0.00052505912041
74.0 -0.000418304484596
74.5 -0.000347506415123
75.0 -0.000168828048038
75.5 -8.74975228076e-05
76.0 3.72479867874e-05
76.5 0.000173839149856
77.0 0.000259070931946
77.5 0.000348628013466
78.0 0.000391468588401
78.5 0.00046386619457
79.0 0.000521481372688
79.5 0.000607154017098
80.0 0.000687879611936
80.5 0.000720906507942
81.0 0.000800595068137
81.5 0.000821814689075
82.0 0.000847242242628
82.5 0.000920169424901
83.0 0.00097696021766
83.5 0.00101777032768
84.0 0.00103987173907
84.5 0.0010189272571
85.0 0.00109980399343
85.5 0.00107353154191
86.0 0.00107506690953
86.5 0.00107787631137
87.0 0.00108322790927
87.5 0.00113408801444
88.0 0.00113552639872
88.5 0.00114078819492
89.0 0.00119069391155
89.5 0.00108709407147
90.0 0.00110853405635
90.5 0.000942004951227
91.0 0.000987566097287
91.5 0.001041017243
92.0 0.000999308216301
92.5 0.000990284926427
93.0 0.000969107053916
93.5 0.000915826617074
94.0 0.000962905308196
94.5 0.00101107999492
95.0 0.000944960395351
95.5 0.000872243025977
96.0 0.000798033375865
96.5 0.000691553995587
97.0 0.000623859390867
97.5 0.000647390465922
98.0 0.000625514308766
98.5 0.000533426082828
99.0 0.00053529220687
99.5 0.000321331817982
100.0 0.000257435692934
100.5 0.000261933957333
101.0 0.000298215141342
101.5 0.00016500113346
102.0 1.01776451089e-06
102.5 -0.000174733723455
103.0 -0.000252023000705
103.5 -0.000353032928409
104.0 -0.000447019626499
104.5 -0.000514432875676
105.0 -0.000465829832223
105.5 -0.000565634443056
106.0 -0.000793512969352
106.5 -0.00106061834842
107.0 -0.00128077030093
107.5 -0.00144533863701
108.0 -0.00155993009657
108.5 -0.00153730539355
109.0 -0.00151937520106
109.5 -0.00179988378866
110.0 -0.00192482248112
110.5 -0.00227803763293
111.0 -0.0026715963324
111.5 -0.00301947354857
112.0 -0.0028094046976
112.5 -0.0030880125822
113.0 -0.00345522447446
113.5 -0.00382875075049
114.0 -0.00409668444657
114.5 -0.00411406654082
115.0 -0.00437037539574
115.5 -0.00393511170392
116.0 -0.00346819410602
116.5 -0.00368189144889
117.0 -0.00370332758897
117.5 -0.00459197671751
118.0 -0.00249006178564
118.5 -0.00165133330937
119.0 1.8118502112e-05
119.5 0.00713924491954
120.0 0.00766813666996
120.5 0.00462423965571
121.0 0.000614873797659
121.5 -0.00400942282556
122.0 -0.00473902748223
122.5 -0.00449641311489
123.0 -0.00351243938843
123.5 -0.00366825568115
124.0 -0.00466762177484
124.5 -0.00593792167697
125.0 -0.00553278255113
125.5 -0.00608967704213
126.0 -0.00504584823736
126.5 -0.00520120355009
127.0 -0.0053584881672
127.5 -0.0050449233169
128.0 -0.00461358540083
128.5 -0.00437153761078
129.0 -0.00383338592405
129.5 -0.00351381135356
130.0 -0.00314813040558
130.5 -0.0027212618936
131.0 -0.00329680391381
131.5 -0.00294294780278
132.0 -0.00269191439868
132.5 -0.00241255146076
133.0 -0.00216861171594
133.5 -0.00197835954722
134.0 -0.00184064362519
134.5 -0.00171903222122
135.0 -0.00156377037084
135.5 -0.00129931360728
136.0 -0.00102636300434
136.5 -0.00126902471444
137.0 -0.0011393471045
137.5 -0.00106047236107
138.0 -0.000843118145131
138.5 -0.000744691130723
139.0 -0.000636042807105
139.5 -0.000539181789609
140.0 -0.000405566860827
140.5 -0.000296812595
141.0 -0.000117249249243
141.5 -6.20117210772e-05
142.0 0.000199453118487
142.5 0.000108301564246
143.0 0.00010897061923
143.5 0.000226199317401
144.0 0.00025259384195
144.5 0.000377914117914
145.0 0.000401882573175
145.5 0.000448523351938
146.0 0.000461543606842
146.5 0.000510367608918
147.0 0.000711380843669
147.5 0.000693629840649
148.0 0.000726776236031
148.5 0.000965832039316
149.0 0.00104055678467
149.5 0.00089710068088
150.0 0.00100199038812
150.5 0.00114141616311
151.0 0.00123636316713
151.5 0.0013320791346
152.0 0.00144157730979
152.5 0.00157637936153
153.0 0.00157895557183
153.5 0.00152453746893
154.0 0.00164894856556
154.5 0.00185017858108
155.0 0.00203502409501
155.5 0.00193140786715
156.0 0.0019863645635
156.5 0.00202849682883
157.0 0.0021110668939
157.5 0.00214304725779
158.0 0.00215855915921
158.5 0.00226500096358
159.0 0.00225763522058
159.5 0.00222552745161
160.0 0.00251845295438
160.5 0.00268039425829
161.0 0.00248004158163
161.5 0.00265778887353
162.0 0.00283722987231
162.5 0.00310538950821
163.0 0.00329098836011
163.5 0.00333238228593
164.0 0.00330388865467
164.5 0.00337102071566
165.0 0.00353843696418
165.5 0.00326605533672
166.0 0.00353062891827
166.5 0.00387341738494
167.0 0.00394976623829
167.5 0.00411287271924
168.0 0.00436245730442
168.5 0.00459085043776
169.0 0.00465594460747
169.5 0.00480101459443
170.0 0.00498500270019
170.5 0.00507769751802
171.0 0.00527417794432
171.5 0.00559028412714
172.0 0.00532889545642
172.5 0.0057089323966
173.0 0.00606330571655
173.5 0.00629083140015
174.0 0.00637983499742
174.5 0.00632783943804
175.0 0.00631696123052
175.5 0.00574560927978
176.0 0.00580838474121
176.5 0.00632781177271
177.0 0.00675367635094
177.5 0.00927828928016
178.0 0.00722853702409
178.5 0.00505448861674
179.0 0.00296052933109
179.5 0.000414121892831
180.0 -0.00117957812571
180.5 -0.00522112102549
181.0 -0.00540450435757
181.5 -0.00169653018752
182.0 -0.00107018218115
182.5 0.00161655266798
183.0 0.00125066340898
183.5 0.00178767848509
184.0 0.00176581665015
184.5 0.00183112896777
185.0 0.00194514520119
185.5 0.00176453321033
186.0 0.00188594360419
186.5 0.0017526537296
187.0 0.00191491084593
187.5 0.00177916143143
188.0 0.00144816835947
188.5 0.00124420038334
189.0 0.000947684213173
189.5 0.000682694851946
190.0 0.000438718619648
190.5 5.99157182961e-05
191.0 -0.000112091310839
191.5 -0.000401868948416
192.0 -0.000659986110975
192.5 -0.000948340420265
193.0 -0.00145442831713
193.5 -0.00192544098306
194.0 -0.00238696944091
194.5 -0.0029797052581
195.0 -0.00389423353077
195.5 -0.0052192026201
196.0 -0.006199913693
196.5 -0.00727307129522
197.0 -0.0080445234051
197.5 -0.00986196089828
198.0 -0.0140688600812
198.5 -0.0189844217167
199.0 -0.0286198143812
199.5 -0.0446593479239
