0.0 0.00458627998387
0.5 0.022247553325
1.0 0.0333021524003
1.5 0.0269435075685
2.0 0.0225629724401
2.5 0.0191352697223
3.0 0.0164220817173
3.5 0.0136433619255
4.0 0.0115888725243
4.5 0.00956697363718
5.0 0.00751875952308
5.5 0.00574889427115
6.0 0.00398015640153
6.5 0.00230559038665
7.0 0.000752848598086
7.5 -0.000867643671397
8.0 -0.00241620768741
8.5 -0.00404279862466
9.0 -0.00549686978476
9.5 -0.00698771892063
10.0 -0.00848641827327
10.5 -0.0100408474379
11.0 -0.0115475028255
11.5 -0.0129974582186
12.0 -0.0144874333946
12.5 -0.0159654527849
13.0 -0.0174469767725
13.5 -0.0189296183664
14.0 -0.0204261720547
14.5 -0.0218955621765
15.0 -0.0233420423254
15.5 -0.0248155385316
16.0 -0.0262716549661
16.5 -0.0277258615384
17.0 -0.029142477977
17.5 -0.0305738591123
18.0 -0.0320163875015
18.5 -0.0334022305724
19.0 -0.0347733835059
19.5 -0.0361453300843
20.0 -0.0374605079176
20.5 -0.0387520242291
21.0 -0.0400050456547
21.5 -0.0412059543734
22.0 -0.0423856843342
22.5 -0.0435215546727
23.0 -0.0446454244905
23.5 -0.0456882091845
24.0 -0.0466843017311
24.5 -0.0476493541011
25.0 -0.0485115473295
25.5 -0.0493216319843
26.0 -0.0500856008204
26.5 -0.0507746451849
27.0 -0.0513927938391
27.5 -0.0519476588763
28.0 -0.0524443303448
28.5 -0.0528992688086
29.0 -0.0532517095906
29.5 -0.0535660647304
30.0 -0.0537652107236
30.5 -0.0539018646276
31.0 -0.0539891907666
31.5 -0.053992759391
32.0 -0.0539296788286
32.5 -0.0538151661199
33.0 -0.0536367734821
33.5 -0.0533893726714
34.0 -0.0530790180733
34.5 -0.0527309550222
35.0 -0.052334320658
35.5 -0.0518582557117
36.0 -0.0513440060401
36.5 -0.0507752302657
37.0 -0.0501636189692
37.5 -0.0495327105177
38.0 -0.0488653448884
38.5 -0.0481396654468
39.0 -0.0473995078512
39.5 -0.0466495320047
40.0 -0.0458515412525
40.5 -0.0450522915125
41.0 -0.0442068930997
41.5 -0.0433494682411
42.0 -0.0424796699084
42.5 -0.0416095277107
43.0 -0.0407336384799
43.5 -0.0398300301664
44.0 -0.0389337674536
44.5 -0.0380428389654
45.0 -0.0371132297801
45.5 -0.0362220889702
46.0 -0.0353303436681
46.5 -0.0344276773332
47.0 -0.0335379750151
47.5 -0.0326527893319
48.0 -0.0317982851861
48.5 -0.0309282860368
49.0 -0.0300580946879
49.5 -0.0292127447561
50.0 -0.0283638917292
50.5 -0.0275582163108
51.0 -0.0267287646693
51.5 -0.025941716443
52.0 -0.0251630582586
52.5 -0.0243836591781
53.0 -0.0236543130012
53.5 -0.0229219746876
54.0 -0.0221971431091
54.5 -0.0215072010619
55.0 -0.0207893658202
55.5 -0.0201077518457
56.0 -0.0194687911479
56.5 -0.0188094639192
57.0 -0.0181927705487
57.5 -0.0175910207951
58.0 -0.017006129231
58.5 -0.0164370562403
59.0 -0.0158581265699
59.5 -0.0153190799633
60.0 -0.0147804110766
60.5 -0.0142723354541
61.0 -0.0137900048835
61.5 -0.0132539369233
62.0 -0.0127660769687
62.5 -0.0123232223761
63.0 -0.0118814308586
63.5 -0.0114695091797
64.0 -0.0110441319393
64.5 -0.0106729650628
65.0 -0.0102409160658
65.5 -0.00988132441841
66.0 -0.00951028804714
66.5 -0.00915114986499
67.0 -0.00877494634384
67.5 -0.00845643863682
68.0 -0.00814691409067
68.5 -0.00785008059894
69.0 -0.00756612143892
69.5 -0.00726783815789
70.0 -0.00702913391644
70.5 -0.00666568489043
71.0 -0.00643100596371
71.5 -0.00620557153611
72.0 -0.00590651608342
72.5 -0.00565362150895
73.0 -0.00546157229038
73.5 -0.00528728338666
74.0 -0.00510371886407
74.5 -0.00489563505968
75.0 -0.00475552058269
75.5 -0.00448147398244
76.0 -0.00428715637368
76.5 -0.00411820428791
77.0 -0.00397144619121
77.5 -0.00381642439229
78.0 -0.00364521860978
78.5 -0.00352497810672
79.0 -0.00337641516025
79.5 -0.00326154417397
80.0 -0.00311663513505
80.5 -0.00301346382791
81.0 -0.00284317176281
81.5 -0.00281096193471
82.0 -0.00268796459496
82.5 -0.00256488634906
83.0 -0.00250545753034
83.5 -0.00240623648092
84.0 -0.00233206305659
84.5 -0.00230876943073
85.0 -0.00221214378253
85.5 -0.00212642595869
86.0 -0.00211150262723
86.5 -0.00200419745317
87.0 -0.00193514351833
87.5 -0.00187095463563
88.0 -0.00184786900195
88.5 -0.00176218807694
89.0 -0.00166619265989
89.5 -0.00174637523543
90.0 -0.00168121698302
90.5 -0.00166942880721
91.0 -0.00172577007084
91.5 -0.00174273361299
92.0 -0.00163536936606
92.5 -0.00157024221176
93.0 -0.00160247145157
93.5 -0.00164442303583
94.0 -0.00164953449046
94.5 -0.00154552552276
95.0 -0.00148359303907
95.5 -0.0016297792315
96.0 -0.00163495610889
96.5 -0.00165213911764
97.0 -0.00168540465654
97.5 -0.00163848181594
98.0 -0.0016688223008
98.5 -0.00177928723216
99.0 -0.00170768966313
99.5 -0.00188915107259
100.0 -0.00187967240635
100.5 -0.00191420080051
101.0 -0.00210699835424
101.5 -0.00196576647651
102.0 -0.00207306658886
102.5 -0.00221386249541
103.0 -0.00231111790846
103.5 -0.00247248266137
104.0 -0.00240938515894
104.5 -0.00262089304348
105.0 -0.00245799507934
105.5 -0.00275982320628
106.0 -0.0027835549444
106.5 -0.00276921666043
107.0 -0.00301143903501
107.5 -0.00318945892539
108.0 -0.00328683638801
108.5 -0.00345874132614
109.0 -0.00360041376197
109.5 -0.00384476667203
110.0 -0.00367254145805
110.5 -0.00414189623454
111.0 -0.00420679122431
111.5 -0.00456418837958
112.0 -0.00464676932042
112.5 -0.00509129649896
113.0 -0.00552577266664
113.5 -0.00552122890218
114.0 -0.00512180674288
114.5 -0.00588984217865
115.0 -0.00560864102714
115.5 -0.00605189844862
116.0 -0.00618992302491
116.5 -0.00613155450549
117.0 -0.00564456703783
117.5 -0.00610825266364
118.0 -0.00553195615686
118.5 -0.00479244945996
119.0 -0.00197321699611
119.5 0.00574600209288
120.0 0.00602514692527
120.5 0.00305528460916
121.0 -0.000503062663753
121.5 -0.00307235067973
122.0 -0.00455367776907
122.5 -0.00474435167351
123.0 -0.00480407748688
123.5 -0.00523904843648
124.0 -0.00484539106729
124.5 -0.00467449682171
125.0 -0.00475495983815
125.5 -0.00459478042784
126.0 -0.00443854289189
126.5 -0.00426334772567
127.0 -0.00479455594038
127.5 -0.00479639702242
128.0 -0.00447217240409
128.5 -0.00433780077378
129.0 -0.00397680299188
129.5 -0.00341469466137
130.0 -0.00293736825799
130.5 -0.00357336052151
131.0 -0.00343046349469
131.5 -0.00307451729869
132.0 -0.00285781224002
132.5 -0.00264269590735
133.0 -0.00244021415958
133.5 -0.00231666090009
134.0 -0.00210758920278
134.5 -0.00189665213632
135.0 -0.00229168323224
135.5 -0.00195977651608
136.0 -0.00177397935839
136.5 -0.00148274018685
137.0 -0.00155479104299
137.5 -0.00166834146215
138.0 -0.00140650986486
138.5 -0.00132185173769
139.0 -0.00126825563807
139.5 -0.00116409099115
140.0 -0.00111687482669
140.5 -0.00108066162458
141.0 -0.000948323129471
141.5 -0.000896218381609
142.0 -0.000719262863843
142.5 -0.000585932201259
143.0 -0.000580701203917
143.5 -0.000689381106779
144.0 -0.00060838627495
144.5 -0.000347932185885
145.0 -0.000185487970941
145.5 -0.000380239767205
146.0 -0.000311589906895
146.5 -0.000279983273058
147.0 -0.000238839838429
147.5 -0.000198760679969
148.0 -0.00012569077162
148.5 -1.11916253357e-05
149.0 9.20517206405e-05
149.5 0.000238482198901
150.0 8.67200594183e-05
150.5 0.000202192152218
151.0 0.000433841241875
151.5 0.000343835609671
152.0 0.000276168643169
152.5 0.00029712247586
153.0 0.000430342154644
153.5 0.000608123734663
154.0 0.000705884930406
154.5 0.00058182920521
155.0 0.00051412970967
155.5 0.000623779087004
156.0 0.000808900797523
156.5 0.000983884121943
157.0 0.000966685294628
157.5 0.000864769975383
158.0 0.000921009217333
158.5 0.00117496432805
159.0 0.00124993021798
159.5 0.00119382857351
160.0 0.00126506194316
160.5 0.00123285470785
161.0 0.00113381499267
161.5 0.00134831682554
162.0 0.00152815283375
162.5 0.00172500398455
163.0 0.00189453584386
163.5 0.00195105147973
164.0 0.0018877054081
164.5 0.00188281064232
165.0 0.00202854230029
165.5 0.00200745156339
166.0 0.00195339522134
166.5 0.00220053240148
167.0 0.00192336273258
167.5 0.00228608792459
168.0 0.00276176706078
168.5 0.00292689225232
169.0 0.00294652944758
169.5 0.00294446960293
170.0 0.00267292147132
170.5 0.00297360196626
171.0 0.00315162379164
171.5 0.00344023445751
172.0 0.00362784849348
172.5 0.00393015019978
173.0 0.00409132489891
173.5 0.00418713882497
174.0 0.00403671278067
174.5 0.00336753720288
175.0 0.00371608477739
175.5 0.0031972946486
176.0 0.00318665460756
176.5 0.0032791974396
177.0 0.00340482008711
177.5 0.004857331409
178.0 0.00166001019599
178.5 0.00104034089273
179.0 -0.00623656349232
179.5 -0.00846444599473
180.0 -0.00625669399149
180.5 -0.00530757481455
181.0 -0.00198547719658
181.5 -0.000552848091857
182.0 0.000196020550561
182.5 0.00156555218794
183.0 0.00148538141988
183.5 0.0018480570637
184.0 0.0016467798438
184.5 0.0015846756538
185.0 0.0016048420847
185.5 0.00136433945353
186.0 0.00144569216143
186.5 0.00136046613301
187.0 0.0010521695116
187.5 0.000852309410661
188.0 0.000623746341617
188.5 0.00029684521202
189.0 6.45014696943e-06
189.5 -0.000400596908662
190.0 -0.000629131848783
190.5 -0.00112722915367
191.0 -0.00146789838743
191.5 -0.00193523783962
192.0 -0.00233307483174
192.5 -0.00267377300712
193.0 -0.00338727194826
193.5 -0.00385888043819
194.0 -0.0046395020379
194.5 -0.0055569677465
195.0 -0.00692716547624
195.5 -0.00849487050749
196.0 -0.00970052034279
196.5 -0.0109987706802
197.0 -0.0140389865669
197.5 -0.0166590765905
198.0 -0.0222608363703
198.5 -0.0286984823458
199.0 -0.0449817480167
199.5 -0.0672850379843
