0.0 0.000720677028298
0.5 0.0230096615186
1.0 0.0255405441535
1.5 0.0186089768863
2.0 0.0137839594373
2.5 0.00964601970459
3.0 0.00679720608102
3.5 0.00424220256342
4.0 0.00188502598895
4.5 -0.000291132640243
5.0 -0.00242154000498
5.5 -0.00428630545531
6.0 -0.00614266530035
6.5 -0.00793573713023
7.0 -0.00956889228629
7.5 -0.0112698556227
8.0 -0.012867957068
8.5 -0.0144596588628
9.0 -0.0160106258769
9.5 -0.0175506787354
10.0 -0.0192077795286
10.5 -0.0207128276505
11.0 -0.0222303097383
11.5 -0.0237546078172
12.0 -0.02522033167
12.5 -0.0267034315091
13.0 -0.0281726944138
13.5 -0.0296340533903
14.0 -0.0310848544483
14.5 -0.0324973188118
15.0 -0.03387469204
15.5 -0.0352515540242
16.0 -0.0366138907871
16.5 -0.0379275986848
17.0 -0.0391979133946
17.5 -0.0404456878725
18.0 -0.0416667540155
18.5 -0.0428565667382
19.0 -0.0439884543203
19.5 -0.0450718625716
20.0 -0.0461026713718
20.5 -0.0470851528592
21.0 -0.0479915855889
21.5 -0.0488582832308
22.0 -0.0496734878317
22.5 -0.0503862584838
23.0 -0.051072890479
23.5 -0.0516970099431
24.0 -0.0522702407321
24.5 -0.0527598729022
25.0 -0.0531571788005
25.5 -0.0534992866459
26.0 -0.053755011273
26.5 -0.0539408485223
27.0 -0.0540827563543
27.5 -0.0541523403834
28.0 -0.0541284565453
28.5 -0.0540625478972
29.0 -0.0539420377157
29.5 -0.0537315502036
30.0 -0.05346118843
30.5 -0.0531405358103
31.0 -0.0527509727751
31.5 -0.0522978126829
32.0 -0.0518033750104
32.5 -0.0512469193583
33.0 -0.0506656173826
33.5 -0.0500500840123
34.0 -0.0493659504916
34.5 -0.0486623274825
35.0 -0.047914858486
35.5 -0.047139298052
36.0 -0.0463183800745
36.5 -0.0454698365735
37.0 -0.0446130260253
37.5 -0.0437353010144
38.0 -0.0428276335333
38.5 -0.0419202979404
39.0 -0.0409759187802
39.5 -0.0400336118365
40.0 -0.0390738099848
40.5 -0.0381411835551
41.0 -0.0371773291617
41.5 -0.0362201828045
42.0 -0.0352668054748
42.5 -0.0343092155876
43.0 -0.0333530365851
43.5 -0.0324093095987
44.0 -0.031478721465
44.5 -0.030546085088
45.0 -0.0296117734063
45.5 -0.0287187627047
46.0 -0.0278288668283
46.5 -0.0269395290184
47.0 -0.0260768925941
47.5 -0.0252093018235
48.0 -0.0243704141551
48.5 -0.0235488077449
49.0 -0.0227522009694
49.5 -0.0219547755292
50.0 -0.02116810842
50.5 -0.0204357332808
51.0 -0.0196856997771
51.5 -0.018958303203
52.0 -0.0182651542
52.5 -0.017578429339
53.0 -0.0169116866354
53.5 -0.0162494861717
54.0 -0.0156198228299
54.5 -0.0149976276174
55.0 -0.0143923511267
55.5 -0.0138015132024
56.0 -0.0132094917414
56.5 -0.0126392207713
57.0 -0.0121261571319
57.5 -0.0116188275696
58.0 -0.0111212119185
58.5 -0.0106540069361
59.0 -0.0101702538056
59.5 -0.00972843236916
60.0 -0.009262849826
60.5 -0.00884319384998
61.0 -0.00842455608886
61.5 -0.00797753028927
62.0 -0.00758097463624
62.5 -0.00724664258711
63.0 -0.0068876149849
63.5 -0.00653239612291
64.0 -0.00621034735867
64.5 -0.00588330637533
65.0 -0.00557511460596
65.5 -0.00529020859265
66.0 -0.00494953779085
66.5 -0.00469592002136
67.0 -0.0044167072362
67.5 -0.00414444582885
68.0 -0.00388162360881
68.5 -0.00367009935612
69.0 -0.00344125524486
69.5 -0.00324273555374
70.0 -0.00304571209197
70.5 -0.00280562612925
71.0 -0.00261310395091
71.5 -0.00241455144284
72.0 -0.00226441813363
72.5 -0.00205358739674
73.0 -0.00185096794904
73.5 -0.00171667322042
74.0 -0.00162281002203
74.5 -0.00145984389848
75.0 -0.00132800863246
75.5 -0.00124482087582
76.0 -0.00104195429117
76.5 -0.000933485824774
77.0 -0.000832949155606
77.5 -0.000756141994746
78.0 -0.000646601481698
78.5 -0.000510382832113
79.0 -0.000463323305192
79.5 -0.000347559566849
80.0 -0.000310444174323
80.5 -0.000203454309451
81.0 -0.00012545405586
81.5 -4.83967077827e-05
82.0 2.95857772912e-05
82.5 6.41987386487e-05
83.0 7.01397724292e-05
83.5 0.000151998068368
84.0 0.000224305333965
84.5 0.000252884096142
85.0 0.000305006263822
85.5 0.000310880847618
86.0 0.000342610642839
86.5 0.00032882263519
87.0 0.000360073951388
87.5 0.000378929914692
88.0 0.000384661077128
88.5 0.000442736716348
89.0 0.000395812315254
89.5 0.000395876152272
90.0 0.000444436532135
90.5 0.000478117417941
91.0 0.000392012846309
91.5 0.000374832418775
92.0 0.000396555752953
92.5 0.000376044937752
93.0 0.000352571446783
93.5 0.000356279404247
94.0 0.000372638490795
94.5 0.000418834224437
95.0 0.000324429140178
95.5 0.000283491839774
96.0 0.000247233874639
96.5 0.000161660389111
97.0 6.93295478058e-05
97.5 9.64276618447e-05
98.0 0.000105082978461
98.5 -6.58657271302e-06
99.0 -1.23265918752e-05
99.5 5.13645307549e-05
100.0 -1.95221152808e-05
100.5 -6.12128316391e-06
101.0 -0.000255264973475
101.5 -0.000327883916434
102.0 -0.00028992827837
102.5 -0.000424149255124
103.0 -0.000553914596203
103.5 -0.000618520300478
104.0 -0.000693626548014
104.5 -0.000905249423951
105.0 -0.00108746206622
105.5 -0.00106003936156
106.0 -0.00116574942606
106.5 -0.00134079616952
107.0 -0.00116674141681
107.5 -0.00135443384733
108.0 -0.00168485835598
108.5 -0.00182698762678
109.0 -0.00207083914879
109.5 -0.00203237368935
110.0 -0.00219436777454
110.5 -0.00238048580466
111.0 -0.00274258498472
111.5 -0.00289997307943
112.0 -0.00315231861016
112.5 -0.0033573965226
113.0 -0.00349929613202
113.5 -0.00406870996034
114.0 -0.00408081660183
114.5 -0.00393938709512
115.0 -0.00422725887552
115.5 -0.00350053407391
116.0 -0.0038259566027
116.5 -0.00430051560399
117.0 -0.00435109850419
117.5 -0.00507425542207
118.0 -0.00370689775076
118.5 -0.00104161514918
119.0 0.00242253391067
119.5 0.00612933776694
120.0 0.00310180678618
120.5 0.00129395170124
121.0 -0.00165398782082
121.5 -0.00478979492785
122.0 -0.00570613703931
122.5 -0.00517657832391
123.0 -0.00572802409626
123.5 -0.00613761496969
124.0 -0.00530348108539
124.5 -0.00566130892585
125.0 -0.00568305000819
125.5 -0.00549309266466
126.0 -0.00610923600341
126.5 -0.00583798638353
127.0 -0.00531276580119
127.5 -0.00466619363372
128.0 -0.00472295550985
128.5 -0.00490812110954
129.0 -0.00409660440687
129.5 -0.00373981371131
130.0 -0.00338217054733
130.5 -0.00296155270398
131.0 -0.00350991827388
131.5 -0.00315499933344
132.0 -0.00289616744055
132.5 -0.00268007022698
133.0 -0.00247198914768
133.5 -0.00228997901567
134.0 -0.0021706094772
134.5 -0.00208865598793
135.0 -0.00198981612788
135.5 -0.00175974284335
136.0 -0.00161341657158
136.5 -0.00153799986206
137.0 -0.00137343516287
137.5 -0.00136030220432
138.0 -0.0011572074744
138.5 -0.0010682332107
139.0 -0.000989679966487
139.5 -0.000845090176558
140.0 -0.000739063371434
140.5 -0.000605132480093
141.0 -0.000288057750797
141.5 -0.000515090893302
142.0 -0.000415749887889
142.5 -0.00034204772231
143.0 -0.000234327637397
143.5 -0.000175292802334
144.0 -0.000142961196035
144.5 -2.30854224021e-05
145.0 -1.43651049109e-05
145.5 8.18079124834e-05
146.0 0.000337364459023
146.5 0.000223581745227
147.0 0.000252404091968
147.5 0.000332617285046
148.0 0.000441940721536
148.5 0.000543888086942
149.0 0.000560264130085
149.5 0.000712126431674
150.0 0.000943116202185
150.5 0.000834094778753
151.0 0.000900808051056
151.5 0.000951750899593
152.0 0.000996759478695
152.5 0.00102370076831
153.0 0.00109228090566
153.5 0.00115680606314
154.0 0.00119777308119
154.5 0.00126392376889
155.0 0.00129634271425
155.5 0.00131727516087
156.0 0.00132001133785
156.5 0.00146090971314
157.0 0.00171482341882
157.5 0.00174262789174
158.0 0.0016122911366
158.5 0.00169709909687
159.0 0.00189716914453
159.5 0.00204968928492
160.0 0.00221928232168
160.5 0.00211612988916
161.0 0.00215310441995
161.5 0.00221889122052
162.0 0.00222727789247
162.5 0.00216174151067
163.0 0.00226406502427
163.5 0.00248242728057
164.0 0.00258867001931
164.5 0.00267655224116
165.0 0.00285777559782
165.5 0.00295121249807
166.0 0.00297891560071
166.5 0.00322204795848
167.0 0.00334940728922
167.5 0.00356746061384
168.0 0.00375196615592
168.5 0.00370839954226
169.0 0.00356422863442
169.5 0.00387557953626
170.0 0.00412183775584
170.5 0.00435701684832
171.0 0.00453187172251
171.5 0.00459545792235
172.0 0.00474323118003
172.5 0.00515908515966
173.0 0.00492262379863
173.5 0.00481350362942
174.0 0.00511939685981
174.5 0.00516414298336
175.0 0.00526251481118
175.5 0.00484492680381
176.0 0.00507698937936
176.5 0.00557624820824
177.0 0.00609688728007
177.5 0.00783332250087
178.0 0.00492175089353
178.5 0.00528731832419
179.0 0.000961120174551
179.5 -0.00171594632475
180.0 -0.00296945717723
180.5 -0.00660990906259
181.0 -0.00456176125348
181.5 0.00115349273875
182.0 0.0012076690263
182.5 0.00305817491321
183.0 0.00191189032188
183.5 0.00218427410594
184.0 0.00176016521684
184.5 0.00165817341272
185.0 0.00233558647902
185.5 0.00176496079712
186.0 0.00177329052033
186.5 0.00172203250222
187.0 0.00159751178472
187.5 0.00140595831888
188.0 0.00114025548946
188.5 0.00101852278753
189.0 0.000701004396859
189.5 0.000599152409819
190.0 0.000389889357066
190.5 -3.48131296448e-05
191.0 -0.000217883780209
191.5 -0.000523848735298
192.0 -0.000905866077645
192.5 -0.00114929070021
193.0 -0.00155037712368
193.5 -0.00199886428693
194.0 -0.00274666999182
194.5 -0.00336167408916
195.0 -0.00395254763674
195.5 -0.00530892480164
196.0 -0.00627804302239
196.5 -0.00744347904566
197.0 -0.00894285940615
197.5 -0.0101479048918
198.0 -0.0140227571879
198.5 -0.0192359365792
199.0 -0.0287971348797
199.5 -0.0454236994014
