0.0 -0.00561573214962
0.5 0.0138480883168
1.0 0.00773936085407
1.5 0.00137845983148
2.0 -0.00289986050243
2.5 -0.00662162421251
3.0 -0.00914988698339
3.5 -0.0114781872531
4.0 -0.0136451443359
4.5 -0.0156186948333
5.0 -0.0175661513596
5.5 -0.0195186228217
6.0 -0.0212806902164
6.5 -0.0229219683409
7.0 -0.0244568847172
7.5 -0.0260108802571
8.0 -0.0275265876602
8.5 -0.0291305698974
9.0 -0.0305246187605
9.5 -0.0319379931015
10.0 -0.0333467486357
10.5 -0.0346990175752
11.0 -0.0360420643735
11.5 -0.0373258273631
12.0 -0.0385996061213
12.5 -0.0398588134718
13.0 -0.0410382599925
13.5 -0.0421599968112
14.0 -0.0432601736966
14.5 -0.0442855288138
15.0 -0.0452881934641
15.5 -0.0462256233319
16.0 -0.0470976749707
16.5 -0.0479222841023
17.0 -0.048659627988
17.5 -0.0493547455834
18.0 -0.049987917648
18.5 -0.0505486302911
19.0 -0.0510611666888
19.5 -0.0514791825471
20.0 -0.0518192476411
20.5 -0.0520902919943
21.0 -0.0522656660736
21.5 -0.0523824442742
22.0 -0.0524348892111
22.5 -0.052379788596
23.0 -0.0523048867685
23.5 -0.0521314275648
24.0 -0.0518923109406
24.5 -0.0516035417933
25.0 -0.0512356545398
25.5 -0.0507822296257
26.0 -0.0502730808266
26.5 -0.0497032402424
27.0 -0.0490883472908
27.5 -0.0484081753577
28.0 -0.0476873117286
28.5 -0.0469464276711
29.0 -0.04612843174
29.5 -0.0452959057269
30.0 -0.0444229414774
30.5 -0.0435033957063
31.0 -0.0425587107344
31.5 -0.041582030341
32.0 -0.040588193662
32.5 -0.0395678431586
33.0 -0.0385455964642
33.5 -0.0375355772544
34.0 -0.0365221586867
34.5 -0.0354859503978
35.0 -0.0344419635338
35.5 -0.0334013049279
36.0 -0.0323482700898
36.5 -0.0312929921234
37.0 -0.0302681762742
37.5 -0.029255795578
38.0 -0.0282374409001
38.5 -0.0272476759394
39.0 -0.0262393076687
39.5 -0.0252535541749
40.0 -0.0243185447771
40.5 -0.0233719095412
41.0 -0.0224412718216
41.5 -0.0215401118211
42.0 -0.0206393604098
42.5 -0.0197608720475
43.0 -0.0189120227563
43.5 -0.0180620542263
44.0 -0.0172512803256
44.5 -0.0164629390409
45.0 -0.0156979650328
45.5 -0.014937596357
46.0 -0.0141920110557
46.5 -0.0134834676409
47.0 -0.0127968142216
47.5 -0.0121143178952
48.0 -0.0114672486188
48.5 -0.0108301317689
49.0 -0.0102336020803
49.5 -0.00964978661415
50.0 -0.00905085539767
50.5 -0.00849419189375
51.0 -0.00795453244913
51.5 -0.00743312071958
52.0 -0.00693127582992
52.5 -0.00643208694717
53.0 -0.00598686998628
53.5 -0.00553498174938
54.0 -0.00508733329526
54.5 -0.0046779515573
55.0 -0.00426625290959
55.5 -0.00387378254949
56.0 -0.00349468644928
56.5 -0.00312745888059
57.0 -0.00277956501289
57.5 -0.00243657375226
58.0 -0.0021339118779
58.5 -0.00183035197737
59.0 -0.00153022522398
59.5 -0.00126547792488
60.0 -0.00099801518337
60.5 -0.000721898128209
61.0 -0.000453986584819
61.5 -0.000194054107634
62.0 2.3678527409e-05
62.5 0.000252425335946
63.0 0.000452176442353
63.5 0.000636167634614
64.0 0.00083439371936
64.5 0.00100985630517
65.0 0.00117899399119
65.5 0.00133109316942
66.0 0.0015136412908
66.5 0.00167774816944
67.0 0.00180322662296
67.5 0.00194917323039
68.0 0.00206494931576
68.5 0.00216554897463
69.0 0.00232452063376
69.5 0.00240683441924
70.0 0.00249139541341
70.5 0.00255707186949
71.0 0.00269816268183
71.5 0.00280094838302
72.0 0.00286807909465
72.5 0.00295746189953
73.0 0.00301674389973
73.5 0.00307475641849
74.0 0.0031314921479
74.5 0.00317980729645
75.0 0.00322281879532
75.5 0.00325897438133
76.0 0.00330913721036
76.5 0.00334572257936
77.0 0.00340571375893
77.5 0.00345471933551
78.0 0.0034707972025
78.5 0.00347414537158
79.0 0.00343860275304
79.5 0.00350153383052
80.0 0.00350398545115
80.5 0.0034931643018
81.0 0.00351071383933
81.5 0.00351556204528
82.0 0.003539132492
82.5 0.00353264722521
83.0 0.00354589235755
83.5 0.00352792900193
84.0 0.00350143487609
84.5 0.00343275901879
85.0 0.00344249996918
85.5 0.00340961214369
86.0 0.00340742435732
86.5 0.00332335467757
87.0 0.00333247147029
87.5 0.00337381413058
88.0 0.00330068850486
88.5 0.0032642948705
89.0 0.00325381748262
89.5 0.00310930428977
90.0 0.00320250221446
90.5 0.00313090757938
91.0 0.00309648041569
91.5 0.00306555394016
92.0 0.00301485913035
92.5 0.00298627660871
93.0 0.00294980707775
93.5 0.00286229057512
94.0 0.00272974723926
94.5 0.00273548634176
95.0 0.00253837359629
95.5 0.00269417275081
96.0 0.00257130445131
96.5 0.0025004109288
97.0 0.00231984395619
97.5 0.00223290450045
98.0 0.00222078527533
98.5 0.00211188236979
99.0 0.00204121289761
99.5 0.00210097567578
100.0 0.0020462279408
100.5 0.0020005836651
101.0 0.00183653334748
101.5 0.00167604404395
102.0 0.00149638485241
102.5 0.00137787283428
103.0 0.00138733240271
103.5 0.00126973976737
104.0 0.00109633375105
104.5 0.00112967220801
105.0 0.000935641933957
105.5 0.000778942709658
106.0 0.000625570515567
106.5 0.000496170464345
107.0 0.000369294545806
107.5 0.000267538983842
108.0 6.48240303036e-05
108.5 -0.000282615480437
109.0 -0.000464881172107
109.5 -0.0003099938464
110.0 -0.000547289920938
110.5 -0.000431917791111
111.0 -0.000919934862644
111.5 -0.00158414988138
112.0 -0.00130477007929
112.5 -0.00141107868262
113.0 -0.00188624737122
113.5 -0.00251533683961
114.0 -0.00260642195974
114.5 -0.002601177529
115.0 -0.00319610181414
115.5 -0.00212635113817
116.0 -0.00275845985314
116.5 -0.00351274392797
117.0 -0.00395843076126
117.5 -0.00486921253558
118.0 -0.0028779511816
118.5 0.000722718594758
119.0 0.00335335754592
119.5 0.0105938709055
120.0 0.010542685398
120.5 0.00787526748827
121.0 0.00413706100626
121.5 -0.00074644575345
122.0 -0.00279037700058
122.5 -0.00394506747932
123.0 -0.00294872082318
123.5 -0.00307032648297
124.0 -0.00328516313134
124.5 -0.00288408446775
125.0 -0.00339067610078
125.5 -0.00283601785088
126.0 -0.00299131326915
126.5 -0.00299347710146
127.0 -0.00372405811081
127.5 -0.00372729823883
128.0 -0.00317265505865
128.5 -0.00290491617462
129.0 -0.00250192010319
129.5 -0.00292611084306
130.0 -0.0023755246544
130.5 -0.00236380475638
131.0 -0.00243165091952
131.5 -0.0020601058528
132.0 -0.00172446970178
132.5 -0.00196795752735
133.0 -0.00196194001599
133.5 -0.00150285716683
134.0 -0.00128847265502
134.5 -0.00116300377938
135.0 -0.00104385922835
135.5 -0.00086124654382
136.0 -0.000803854454311
136.5 -0.000728194679827
137.0 -0.00051514609736
137.5 -0.00048684045818
138.0 -0.000330027748063
138.5 -0.000227186295838
139.0 -0.000123847964009
139.5 -4.04547674471e-05
140.0 9.80144521385e-05
140.5 0.000312007649704
141.0 0.000122966849855
141.5 9.72750745838e-05
142.0 0.000246670694033
142.5 0.000339500514325
143.0 0.000587696273206
143.5 0.000645917344759
144.0 0.000478741871179
144.5 0.000618005981252
145.0 0.000645230300532
145.5 0.000689140375767
146.0 0.000699068508972
146.5 0.000746111191674
147.0 0.000947892836715
147.5 0.000933267862216
148.0 0.000886090740752
148.5 0.00097231665629
149.0 0.00107594271349
149.5 0.00122850487196
150.0 0.00106999193676
150.5 0.00107872673424
151.0 0.00104781531233
151.5 0.00109958596543
152.0 0.00120157488344
152.5 0.00126964560344
153.0 0.00134641365163
153.5 0.00141768759694
154.0 0.00148498853901
154.5 0.00154997820279
155.0 0.00163018614514
155.5 0.00179216145193
156.0 0.00170170917293
156.5 0.00162600967001
157.0 0.00154229084256
157.5 0.00159977858331
158.0 0.00170338523958
158.5 0.00184763079675
159.0 0.00190176204475
159.5 0.00193739008274
160.0 0.00206041158008
160.5 0.00219356133832
161.0 0.00226981896934
161.5 0.00208168754935
162.0 0.00220626577524
162.5 0.00240531686193
163.0 0.00232953550859
163.5 0.00224863131648
164.0 0.00240428457458
164.5 0.00253717490012
165.0 0.00275733357944
165.5 0.00284154759289
166.0 0.00239401973702
166.5 0.00267447795182
167.0 0.00279638375542
167.5 0.00301718151108
168.0 0.00325544039613
168.5 0.00351062343142
169.0 0.00359303230223
169.5 0.00362076941914
170.0 0.00366771345089
170.5 0.00372685820254
171.0 0.00330653899259
171.5 0.00357860608189
172.0 0.003841292183
172.5 0.00416983937868
173.0 0.00434039279421
173.5 0.00443737328521
174.0 0.00445188347707
174.5 0.00422638153594
175.0 0.00394601105059
175.5 0.00306113049776
176.0 0.00268748655061
176.5 0.00260668968389
177.0 0.0026458732824
177.5 0.00497921199126
178.0 0.00273151860311
178.5 0.0038905907582
179.0 -0.00243008273027
179.5 -0.005197402682
180.0 -0.00208324629742
180.5 -0.000147565249421
181.0 0.00172410873077
181.5 0.00147099301654
182.0 0.00187489705426
182.5 0.00269578901164
183.0 0.00256864598306
183.5 0.00285627564246
184.0 0.00271068809808
184.5 0.00266052562986
185.0 0.00266954679545
185.5 0.00245470768451
186.0 0.0024678206281
186.5 0.00229040289005
187.0 0.00208325188672
187.5 0.00199247644268
188.0 0.00167540890679
188.5 0.00135825527052
189.0 0.00112373669265
189.5 0.000747036941917
190.0 0.000400651269544
190.5 -6.70946347014e-05
191.0 -0.000321860189075
191.5 -0.000697762557962
192.0 -0.00119305375546
192.5 -0.00158132992902
193.0 -0.0022060651785
193.5 -0.00275071704976
194.0 -0.00354038279272
194.5 -0.00447257320572
195.0 -0.00540712403888
195.5 -0.00724207106548
196.0 -0.00856862238422
196.5 -0.0101862135671
197.0 -0.0119969702767
197.5 -0.0151606556583
198.0 -0.021230478036
198.5 -0.0287124933597
199.0 -0.0437106215729
199.5 -0.0694742351958
