0.0 0.00517331215688
0.5 0.032265364527
1.0 0.0435159013212
1.5 0.0357523943541
2.0 0.0313599072147
2.5 0.0275376443951
3.0 0.0248684763691
3.5 0.0222024170732
4.0 0.0202954608533
4.5 0.0184506919496
5.0 0.0165785726512
5.5 0.0149814370642
6.0 0.0134223879409
6.5 0.0119493993933
7.0 0.0105901416029
7.5 0.00920970719172
8.0 0.00793563077043
8.5 0.00667135680933
9.0 0.00545895732019
9.5 0.00426041913737
10.0 0.00310672864284
10.5 0.00190450541133
11.0 0.000763350962092
11.5 -0.000302191438681
12.0 -0.00138492398931
12.5 -0.00243250194452
13.0 -0.00346602534464
13.5 -0.00449994802895
14.0 -0.00550171464001
14.5 -0.00647442028035
15.0 -0.00741976885324
15.5 -0.00835774941863
16.0 -0.00928274558159
16.5 -0.0101693440235
17.0 -0.0110359242011
17.5 -0.0118981956838
18.0 -0.0127450328021
18.5 -0.0135645823345
19.0 -0.0143566530558
19.5 -0.015138874385
20.0 -0.015891685491
20.5 -0.0166267780253
21.0 -0.0173181422976
21.5 -0.0179968425788
22.0 -0.018665618773
22.5 -0.0193087977776
23.0 -0.0199065023964
23.5 -0.0205010545062
24.0 -0.0210762823272
24.5 -0.0216459538172
25.0 -0.0221475189308
25.5 -0.0226282394795
26.0 -0.0230925099609
26.5 -0.0235339455902
27.0 -0.0239688189442
27.5 -0.0243459850155
28.0 -0.0247089886245
28.5 -0.025060234722
29.0 -0.025391330102
29.5 -0.0257022281328
30.0 -0.0259584474684
30.5 -0.0261971135207
31.0 -0.0264216718893
31.5 -0.0266046950257
32.0 -0.0267604645982
32.5 -0.0269042979222
33.0 -0.0270212010615
33.5 -0.0270880918064
34.0 -0.0271512925454
34.5 -0.0272047568574
35.0 -0.0272251813315
35.5 -0.0272143831935
36.0 -0.0271784028013
36.5 -0.0271200386703
37.0 -0.0270420545348
37.5 -0.0269510466165
38.0 -0.0268411488626
38.5 -0.0266887825872
39.0 -0.0265339074013
39.5 -0.0263751722654
40.0 -0.0261630955797
40.5 -0.0259459024268
41.0 -0.0257160543237
41.5 -0.0254887055871
42.0 -0.0252242039127
42.5 -0.0249477237184
43.0 -0.0246718795207
43.5 -0.0243550343449
44.0 -0.0240331582967
44.5 -0.0236998265523
45.0 -0.0233515452094
45.5 -0.0230154767214
46.0 -0.022668358655
46.5 -0.0223039924607
47.0 -0.0219438944072
47.5 -0.0215618491618
48.0 -0.0211894555656
48.5 -0.0208010924299
49.0 -0.0204164766137
49.5 -0.0200325870723
50.0 -0.0196226258951
50.5 -0.0192435471716
51.0 -0.018828294289
51.5 -0.018442097082
52.0 -0.0180491633864
52.5 -0.0176394118925
53.0 -0.0172667809154
53.5 -0.0168757259315
54.0 -0.0164679055015
54.5 -0.0161084217823
55.0 -0.0157215423716
55.5 -0.0153529763203
56.0 -0.0149632991196
56.5 -0.0145797683997
57.0 -0.0142339215757
57.5 -0.0138889463875
58.0 -0.0135550142988
58.5 -0.0132171452086
59.0 -0.0128753357808
59.5 -0.0125625939712
60.0 -0.012236423029
60.5 -0.0118940639876
61.0 -0.0115838465058
61.5 -0.0112516995582
62.0 -0.0109579339776
62.5 -0.0106835581003
63.0 -0.0104086532822
63.5 -0.0101338609384
64.0 -0.00985734829219
64.5 -0.00961299053102
65.0 -0.00935660759873
65.5 -0.00908677255462
66.0 -0.00882758423682
66.5 -0.00859706608629
67.0 -0.00834530219683
67.5 -0.00814634177318
68.0 -0.00791623933241
68.5 -0.00770472568635
69.0 -0.00752535781285
69.5 -0.00733418563925
70.0 -0.00713157072148
70.5 -0.0069128028165
71.0 -0.00674299497181
71.5 -0.0065711575263
72.0 -0.00638732523376
72.5 -0.00620123827958
73.0 -0.00607940715505
73.5 -0.0059378488049
74.0 -0.00577735174849
74.5 -0.00561531882818
75.0 -0.00550724977277
75.5 -0.00542531288926
76.0 -0.00519229520849
76.5 -0.00507289122258
77.0 -0.00492488040599
77.5 -0.00480391380622
78.0 -0.00471743960892
78.5 -0.00460251575522
79.0 -0.00452679444751
79.5 -0.00444916430819
80.0 -0.00438965328656
80.5 -0.00426254557625
81.0 -0.00412489564523
81.5 -0.00402540336557
82.0 -0.00391251239068
82.5 -0.00380970221768
83.0 -0.00372878813665
83.5 -0.00369381108251
84.0 -0.00368095692787
84.5 -0.00356575711135
85.0 -0.00353958338386
85.5 -0.00354186327085
86.0 -0.00343172483388
86.5 -0.00336316562582
87.0 -0.0033260671158
87.5 -0.00326088442931
88.0 -0.00324717745616
88.5 -0.0032082243028
89.0 -0.00318258108743
89.5 -0.00308866941054
90.0 -0.00308389932205
90.5 -0.00302927174846
91.0 -0.0029928870262
91.5 -0.0030247822422
92.0 -0.00301705504439
92.5 -0.00297559535955
93.0 -0.00293049797319
93.5 -0.00286631138275
94.0 -0.00282739481337
94.5 -0.00286713219084
95.0 -0.00287878865134
95.5 -0.00286307115602
96.0 -0.00279717389583
96.5 -0.00274731956377
97.0 -0.00275011914511
97.5 -0.0028324937272
98.0 -0.00290586974544
98.5 -0.00289486282041
99.0 -0.00283349454899
99.5 -0.00289763427465
100.0 -0.0029436039566
100.5 -0.00300075749045
101.0 -0.00278899467663
101.5 -0.00282485030913
102.0 -0.00290175334836
102.5 -0.00303465692984
103.0 -0.00309769284464
103.5 -0.00315243190036
104.0 -0.00320080600333
104.5 -0.00329172056071
105.0 -0.00338914010315
105.5 -0.00340859242982
106.0 -0.0034149723515
106.5 -0.00353268130704
107.0 -0.00361021196719
107.5 -0.00367180376256
108.0 -0.0036546489204
108.5 -0.00369440312592
109.0 -0.00400768153191
109.5 -0.0040147465943
110.0 -0.00334950540254
110.5 -0.0040050419767
111.0 -0.00398852664194
111.5 -0.00441434458795
112.0 -0.00439366682819
112.5 -0.00465198676859
113.0 -0.00491649249643
113.5 -0.00504054744354
114.0 -0.00486688607434
114.5 -0.00490204194097
115.0 -0.005169318726
115.5 -0.00433157558946
116.0 -0.00494396856064
116.5 -0.00515718254228
117.0 -0.0046877998152
117.5 -0.00591251715807
118.0 -0.00470825807786
118.5 -0.00312448416068
119.0 -0.000901489516025
119.5 0.00555138461701
120.0 0.00562437996689
120.5 0.00434224370126
121.0 -0.000240891559585
121.5 -0.00542971686092
122.0 -0.00865424739688
122.5 -0.00847084706439
123.0 -0.00786734692453
123.5 -0.00692497120619
124.0 -0.00666218484461
124.5 -0.00591124649743
125.0 -0.0060449630748
125.5 -0.00596779007661
126.0 -0.00549391885886
126.5 -0.00679621050421
127.0 -0.0067043956152
127.5 -0.00601369659933
128.0 -0.00556644231587
128.5 -0.00539822558797
129.0 -0.00482290596204
129.5 -0.00431841397239
130.0 -0.00486736206376
130.5 -0.00437257945568
131.0 -0.00396066581305
131.5 -0.00416239290107
132.0 -0.00404965512043
132.5 -0.00375589669449
133.0 -0.00354959901344
133.5 -0.00338996691915
134.0 -0.00328280825262
134.5 -0.00316512012915
135.0 -0.00297913761403
135.5 -0.00274077930013
136.0 -0.00263635083158
136.5 -0.00255001339163
137.0 -0.00235879700872
137.5 -0.00231238102075
138.0 -0.00202035177711
138.5 -0.00199129708906
139.0 -0.00216655877241
139.5 -0.00197010196569
140.0 -0.00188211298368
140.5 -0.00181567360549
141.0 -0.00165912202792
141.5 -0.00158845052226
142.0 -0.00139790705669
142.5 -0.00125557146944
143.0 -0.00124563101495
143.5 -0.0013545454843
144.0 -0.00129593314682
144.5 -0.00106077451567
145.0 -0.000951531588355
145.5 -0.00075097020712
146.0 -0.00092740117404
146.5 -0.000930725730823
147.0 -0.000834514345067
147.5 -0.000609967756472
148.0 -0.000557615917809
148.5 -0.000608567449737
149.0 -0.000554568970841
149.5 -0.000478492714246
150.0 -0.000357040825754
150.5 -0.000262577768542
151.0 -0.000163997887346
151.5 -6.79708881454e-05
152.0 4.685238933e-05
152.5 0.00019954343075
153.0 0.00024947532353
153.5 0.00021203139571
154.0 0.000246737750368
154.5 0.000250798426327
155.0 0.000220503009395
155.5 0.000382804284973
156.0 0.000645998270517
156.5 0.000621542412187
157.0 0.000621057027242
157.5 0.000534424437735
158.0 0.000572249321838
158.5 0.000822235478573
159.0 0.000973507989762
159.5 0.00110973348453
160.0 0.00124331600342
160.5 0.00120061804448
161.0 0.0011961619028
161.5 0.00107981379636
162.0 0.00121460122425
162.5 0.00144119551888
163.0 0.00161841590002
163.5 0.0017557690034
164.0 0.00183476837017
164.5 0.00193918894299
165.0 0.00220273129192
165.5 0.00235081951371
166.0 0.00239447085462
166.5 0.00232778003824
167.0 0.00244957134439
167.5 0.00284147446711
168.0 0.00322218703312
168.5 0.00319842104226
169.0 0.0030160231041
169.5 0.00335679692606
170.0 0.00355709397745
170.5 0.00369341927983
171.0 0.00397352324201
171.5 0.00419019943224
172.0 0.00446230402055
172.5 0.00491978505006
173.0 0.00518110415604
173.5 0.00547013152823
174.0 0.00565324285759
174.5 0.00571227113245
175.0 0.00575824489898
175.5 0.00515402677797
176.0 0.00505003347939
176.5 0.00486583839555
177.0 0.00403589386005
177.5 0.00455200619922
178.0 0.00291044807597
178.5 0.00173135232035
179.0 -0.00271693514085
179.5 -0.00541360925084
180.0 -0.00607183138878
180.5 -0.00791603201766
181.0 -0.00568142879608
181.5 -0.00365124984077
182.0 -0.0019562846212
182.5 0.00102026353483
183.0 0.000615138863182
183.5 0.00105108271397
184.0 0.0010239430482
184.5 0.00099431167466
185.0 0.000950514999246
185.5 0.000599495015337
186.0 0.00133723437281
186.5 0.00110115690033
187.0 0.000871870945559
187.5 0.000603136391874
188.0 0.000320368091195
188.5 0.000162433576421
189.0 -0.000101545625597
189.5 -0.000350291229566
190.0 -0.000568219424395
190.5 -0.000969168681976
191.0 -0.00119234048729
191.5 -0.0015183357075
192.0 -0.00181536005225
192.5 -0.00205523157383
193.0 -0.00268716700577
193.5 -0.00312506922653
194.0 -0.00373617046186
194.5 -0.00444031172943
195.0 -0.00518504317571
195.5 -0.00668449497883
196.0 -0.00769968598215
196.5 -0.00883772915594
197.0 -0.0104268264669
197.5 -0.0115370136173
198.0 -0.014541648754
198.5 -0.0198492568122
199.0 -0.0304449187622
199.5 -0.0461630592947
