0.0 0.002766067531
0.5 0.0272790216633
1.0 0.033822410862
1.5 0.0267210224117
2.0 0.0228285877052
2.5 0.0193515278185
3.0 0.0171094514277
3.5 0.0150941281106
4.0 0.0132995064897
4.5 0.0113202475453
5.0 0.00977131162938
5.5 0.00849936662847
6.0 0.00716218930234
6.5 0.00591918287916
7.0 0.00482134555314
7.5 0.00370201783177
8.0 0.00262826500629
8.5 0.00148198128075
9.0 0.000586343682041
9.5 -0.000338695879609
10.0 -0.00138993157825
10.5 -0.00225187497086
11.0 -0.00313107400412
11.5 -0.00399086759074
12.0 -0.0048164130684
12.5 -0.0056284441267
13.0 -0.00641625569119
13.5 -0.00718104915112
14.0 -0.00793902610028
14.5 -0.00866752449135
15.0 -0.00936679596921
15.5 -0.0100613167474
16.0 -0.0106950491349
16.5 -0.0113591010941
17.0 -0.0119740949782
17.5 -0.0125711234898
18.0 -0.0131691673211
18.5 -0.0137174721607
19.0 -0.0142539930976
19.5 -0.0147937158258
20.0 -0.0152846874563
20.5 -0.0157640751225
21.0 -0.016219696802
21.5 -0.0166387033811
22.0 -0.0170512317105
22.5 -0.0174552398553
23.0 -0.0178325670297
23.5 -0.018200040739
24.0 -0.0185562271276
24.5 -0.0188797621647
25.0 -0.019158773287
25.5 -0.0194356241837
26.0 -0.0197061412807
26.5 -0.0199429830474
27.0 -0.0201562607359
27.5 -0.0203403251475
28.0 -0.020525964302
28.5 -0.0207123045438
29.0 -0.0208498367767
29.5 -0.0209992329212
30.0 -0.0210944480306
30.5 -0.0211766164093
31.0 -0.0212554824821
31.5 -0.0213105067833
32.0 -0.0213489903958
32.5 -0.0213601720221
33.0 -0.0213574468308
33.5 -0.0213450033259
34.0 -0.0213178562501
34.5 -0.0212871125591
35.0 -0.0212365064458
35.5 -0.0211644384732
36.0 -0.0210760603895
36.5 -0.0209692404149
37.0 -0.020847921574
37.5 -0.0207220112526
38.0 -0.0205866746653
38.5 -0.0204189614205
39.0 -0.0202562611629
39.5 -0.020095711269
40.0 -0.0198920738451
40.5 -0.0196925652092
41.0 -0.0194872113067
41.5 -0.0192863673623
42.0 -0.0190506962473
42.5 -0.0188084277338
43.0 -0.0185752543849
43.5 -0.0183118457462
44.0 -0.0180571545518
44.5 -0.0178165067638
45.0 -0.0175285912396
45.5 -0.0172663169711
46.0 -0.0169818197402
46.5 -0.0167082458905
47.0 -0.0164349224961
47.5 -0.016146752313
48.0 -0.0158783567254
48.5 -0.0155865294615
49.0 -0.015291914102
49.5 -0.0150145722378
50.0 -0.0146875577648
50.5 -0.0143910969244
51.0 -0.0141128883618
51.5 -0.013805860725
52.0 -0.0135216656959
52.5 -0.0132244495889
53.0 -0.0129390520977
53.5 -0.0126615596305
54.0 -0.0123871262612
54.5 -0.0121117646355
55.0 -0.0118235838886
55.5 -0.0115263568855
56.0 -0.0112813978862
56.5 -0.0109963383142
57.0 -0.0107340401608
57.5 -0.0104548154785
58.0 -0.0102161736883
58.5 -0.00998779925001
59.0 -0.00973401397501
59.5 -0.00951569042694
60.0 -0.00925332829782
60.5 -0.00901523867808
61.0 -0.00879814530922
61.5 -0.00854470925333
62.0 -0.00832066633348
62.5 -0.00811683337546
63.0 -0.00792361260705
63.5 -0.00771910423951
64.0 -0.0074817660475
64.5 -0.00731880976938
65.0 -0.00712950268879
65.5 -0.00692877771017
66.0 -0.00674858888673
66.5 -0.00659448074172
67.0 -0.00637592498083
67.5 -0.00621751997532
68.0 -0.00605702290609
68.5 -0.00590109492425
69.0 -0.00575968436778
69.5 -0.00562803093782
70.0 -0.00548851273318
70.5 -0.00533319409457
71.0 -0.00519150708229
71.5 -0.00506928580035
72.0 -0.00491000320826
72.5 -0.00479769694142
73.0 -0.00471140671578
73.5 -0.00457600211493
74.0 -0.00450478954082
74.5 -0.00439914213391
75.0 -0.00423583905529
75.5 -0.00415301981518
76.0 -0.00405366777327
76.5 -0.00395004062972
77.0 -0.00386422913632
77.5 -0.00379571340214
78.0 -0.00370793758671
78.5 -0.00364802580533
79.0 -0.00357812432999
79.5 -0.00345374927435
80.0 -0.00341180998756
80.5 -0.00335861887374
81.0 -0.00327006187329
81.5 -0.00327725870192
82.0 -0.00313644401782
82.5 -0.00300697355152
83.0 -0.00295881160319
83.5 -0.00291560564417
84.0 -0.00288983783259
84.5 -0.00292111344982
85.0 -0.00287007269798
85.5 -0.00291862921855
86.0 -0.00275739148732
86.5 -0.00271940512965
87.0 -0.00270176574332
87.5 -0.00265606809527
88.0 -0.00263030331315
88.5 -0.00258920373082
89.0 -0.0025665945859
89.5 -0.00260122296383
90.0 -0.00251734121214
90.5 -0.00250565969
91.0 -0.0024945068781
91.5 -0.00249495609003
92.0 -0.00247193645408
92.5 -0.00244100702016
93.0 -0.00247064502064
93.5 -0.00253379097461
94.0 -0.00245688735952
94.5 -0.00238981972832
95.0 -0.00234812893257
95.5 -0.00242640329276
96.0 -0.00245609456712
96.5 -0.00249351768153
97.0 -0.00251656858252
97.5 -0.00249185302885
98.0 -0.00252013763299
98.5 -0.00256748770726
99.0 -0.0024861497721
99.5 -0.00254581602822
100.0 -0.00260113462497
100.5 -0.00264262785897
101.0 -0.0027113954059
101.5 -0.00276668387775
102.0 -0.00279424331925
102.5 -0.00290511458174
103.0 -0.00298294951753
103.5 -0.0030985682895
104.0 -0.00317589026993
104.5 -0.00308220295746
105.0 -0.00280102692046
105.5 -0.00321241602622
106.0 -0.00305924393241
106.5 -0.00321487413142
107.0 -0.00329775693998
107.5 -0.00342709183675
108.0 -0.00359186761796
108.5 -0.00382154438204
109.0 -0.0040832771089
109.5 -0.00409243218846
110.0 -0.00368874350269
110.5 -0.00389996671698
111.0 -0.00407010434053
111.5 -0.00423814579428
112.0 -0.00461597476331
112.5 -0.00490893756773
113.0 -0.00488143470461
113.5 -0.00501773239283
114.0 -0.00480803147998
114.5 -0.00486713185069
115.0 -0.00485199838397
115.5 -0.00373883537468
116.0 -0.00435540742737
116.5 -0.00496336786183
117.0 -0.00488618192557
117.5 -0.00607886262431
118.0 -0.00507244379355
118.5 -0.00550176503629
119.0 -0.00340747426256
119.5 0.00378197364253
120.0 0.00471078681802
120.5 0.00565550312722
121.0 0.00487273563974
121.5 -0.00107951790447
122.0 -0.00526420767793
122.5 -0.00667764084515
123.0 -0.00542512867516
123.5 -0.0048042794153
124.0 -0.00476523769156
124.5 -0.00464169806853
125.0 -0.00458626504533
125.5 -0.00557208267115
126.0 -0.00511945464319
126.5 -0.00567950938844
127.0 -0.00562290541546
127.5 -0.00523147767851
128.0 -0.00488142444594
128.5 -0.00452367677434
129.0 -0.00425205302539
129.5 -0.00512903313802
130.0 -0.00442994627916
130.5 -0.00416978154387
131.0 -0.00395841538441
131.5 -0.00335888736526
132.0 -0.00362863957802
132.5 -0.00358481300079
133.0 -0.00318590132279
133.5 -0.00297295904328
134.0 -0.00281459618618
134.5 -0.00260120887386
135.0 -0.00234849691879
135.5 -0.00261245821165
136.0 -0.00243254079995
136.5 -0.00231443874286
137.0 -0.00214020703019
137.5 -0.00215679860383
138.0 -0.00195195188995
138.5 -0.00186598530646
139.0 -0.00177764735561
139.5 -0.00171237300763
140.0 -0.00162210720158
140.5 -0.00155790797271
141.0 -0.00141947341245
141.5 -0.00132707682932
142.0 -0.00111077237292
142.5 -0.000971055805474
143.0 -0.000928738432526
143.5 -0.00100554986575
144.0 -0.000967358900175
144.5 -0.000849263159601
145.0 -0.000835445449216
145.5 -0.00080161275402
146.0 -0.000727518735734
146.5 -0.000520795613282
147.0 -0.000588217484892
147.5 -0.000572655853981
148.0 -0.000349237749708
148.5 -0.000210462559617
149.0 -0.000339267999214
149.5 -0.000318588894309
150.0 -0.000231181380628
150.5 -9.31714717804e-05
151.0 2.01150504892e-05
151.5 0.000141153685624
152.0 0.000307936195784
152.5 0.000262136679426
153.0 0.000191593618064
153.5 0.000221382511604
154.0 0.000321454190992
154.5 0.000469716462502
155.0 0.000559810407443
155.5 0.000627428313297
156.0 0.000785918375751
156.5 0.000944064657695
157.0 0.00093798228751
157.5 0.00088695897351
158.0 0.000789264855971
158.5 0.000897486125798
159.0 0.00112193990873
159.5 0.00120404825003
160.0 0.00116396604871
160.5 0.00101633586877
161.0 0.0012122032241
161.5 0.0013385694035
162.0 0.0014542429645
162.5 0.00164787015921
163.0 0.00177754931822
163.5 0.00184986854023
164.0 0.00190757027218
164.5 0.00200580665637
165.0 0.00222237459613
165.5 0.00233600643634
166.0 0.00238646642631
166.5 0.00264510871574
167.0 0.00279680547136
167.5 0.00272723634151
168.0 0.00284934033552
168.5 0.00322762879969
169.0 0.00342894263601
169.5 0.00351733516592
170.0 0.00358857544578
170.5 0.00362185378499
171.0 0.00382189278618
171.5 0.00396365012298
172.0 0.00414227955361
172.5 0.0046003000769
173.0 0.00453848362643
173.5 0.0045553380716
174.0 0.00512317525657
174.5 0.00555589274502
175.0 0.00585018399603
175.5 0.00450640011974
176.0 0.00544314667587
176.5 0.00644999210608
177.0 0.00653784053345
177.5 0.00860697109211
178.0 0.00630998358277
178.5 0.00706706294628
179.0 0.00282759243336
179.5 6.22101843391e-05
180.0 -0.00147302791176
180.5 -0.00674914707913
181.0 -0.00784279311377
181.5 -0.00463155989617
182.0 -0.0023780068576
182.5 0.000146337663949
183.0 -1.37899312165e-05
183.5 0.000130074444911
184.0 0.00013877534947
184.5 0.000278047510605
185.0 0.000448734719654
185.5 0.000390764314844
186.0 0.000570556901252
186.5 0.000539594308194
187.0 0.000416558729015
187.5 0.000303958862403
188.0 2.82970159731e-05
188.5 -5.02395785134e-05
189.0 -0.000171141161147
189.5 -0.000513402848753
190.0 -0.000780735028769
190.5 -0.0011307843921
191.0 -0.00135336792465
191.5 -0.00170160926614
192.0 -0.00197246706843
192.5 -0.00221113196811
193.0 -0.00279858024329
193.5 -0.00303524183782
194.0 -0.00377397021356
194.5 -0.00479773956208
195.0 -0.00543115292722
195.5 -0.00663826112618
196.0 -0.00759666119728
196.5 -0.00879124098934
197.0 -0.0102860466891
197.5 -0.0113698878242
198.0 -0.0142655101113
198.5 -0.019131979205
199.0 -0.0297182816464
199.5 -0.0448494533876
