0.0 0.0110775461396
0.5 0.0447538025187
1.0 0.0665562143464
1.5 0.0575690644816
2.0 0.05157166642
2.5 0.0467650617466
3.0 0.0433879281392
3.5 0.0403343580733
4.0 0.0376334846488
4.5 0.0351466195169
5.0 0.0324165308891
5.5 0.0303065097799
6.0 0.0282075104845
6.5 0.0261735345661
7.0 0.0243012026675
7.5 0.02237857096
8.0 0.0205491852361
8.5 0.0187212067104
9.0 0.0169601753312
9.5 0.0151066975711
10.0 0.0133492726113
10.5 0.0116624948485
11.0 0.00994825658611
11.5 0.00818809983095
12.0 0.00650163831488
12.5 0.00482263496747
13.0 0.00313454540987
13.5 0.00148289296016
14.0 -0.000171214234991
14.5 -0.00183472698793
15.0 -0.00343206564996
15.5 -0.00505505375914
16.0 -0.00664803689941
16.5 -0.00822812642166
17.0 -0.00980194243446
17.5 -0.0113811015939
18.0 -0.0129161240162
18.5 -0.0144376367869
19.0 -0.0159400536097
19.5 -0.0174461724722
20.0 -0.0189071829814
20.5 -0.0203524610079
21.0 -0.0217703632133
21.5 -0.0231435401775
22.0 -0.0245035622767
22.5 -0.0258343655627
23.0 -0.0271559205391
23.5 -0.0284547556253
24.0 -0.0297284766015
24.5 -0.0309614997729
25.0 -0.0321442000054
25.5 -0.0332978009436
26.0 -0.0343991141669
26.5 -0.0354712298681
27.0 -0.0365269299109
27.5 -0.037524807507
28.0 -0.0384740246734
28.5 -0.0394015394927
29.0 -0.0402855464821
29.5 -0.0411260201225
30.0 -0.0418914134112
30.5 -0.042612456946
31.0 -0.0432995926045
31.5 -0.0439179537738
32.0 -0.0444778745593
32.5 -0.0449973915674
33.0 -0.0454679323008
33.5 -0.0458626960574
34.0 -0.0462363004156
34.5 -0.0465348575485
35.0 -0.046762414216
35.5 -0.0469323723492
36.0 -0.0470455890102
36.5 -0.0470983722241
37.0 -0.0470966622984
37.5 -0.0470499145561
38.0 -0.0469489391724
38.5 -0.0467702887623
39.0 -0.0465540512313
39.5 -0.0462950815288
40.0 -0.0459911021561
40.5 -0.0456102967237
41.0 -0.0451926386826
41.5 -0.0447436273728
42.0 -0.0442335000678
42.5 -0.0436740529634
43.0 -0.0430877719079
43.5 -0.0424756580422
44.0 -0.0418403456194
44.5 -0.0411474027799
45.0 -0.0404327082941
45.5 -0.0397232431548
46.0 -0.0389879622398
46.5 -0.0382209784395
47.0 -0.0374422967097
47.5 -0.0366454820256
48.0 -0.0358652098729
48.5 -0.0350604522059
49.0 -0.0342449896436
49.5 -0.0334498281268
50.0 -0.0326016342186
50.5 -0.0317870158462
51.0 -0.0309838533699
51.5 -0.0302044145767
52.0 -0.029415970553
52.5 -0.0286075390507
53.0 -0.0278397503176
53.5 -0.0270680264355
54.0 -0.0262909078052
54.5 -0.0255482584418
55.0 -0.0247984124341
55.5 -0.0240714725119
56.0 -0.0233619002988
56.5 -0.0226597528205
57.0 -0.021991942837
57.5 -0.0213382903634
58.0 -0.0207018168483
58.5 -0.0200792664371
59.0 -0.0194458849324
59.5 -0.0188587931712
60.0 -0.0182767596328
60.5 -0.0177171214819
61.0 -0.0171227577612
61.5 -0.0165754314288
62.0 -0.0160701683735
62.5 -0.0155773022729
63.0 -0.01509933886
63.5 -0.0146386201194
64.0 -0.0141765132025
64.5 -0.0137430421365
65.0 -0.0133057511316
65.5 -0.0128676970285
66.0 -0.012455421494
66.5 -0.0120795414074
67.0 -0.0116952151971
67.5 -0.0113359796263
68.0 -0.0109475493446
68.5 -0.010623110857
69.0 -0.0103227846308
69.5 -0.0100149836135
70.0 -0.00970900672224
70.5 -0.00941791473125
71.0 -0.00914124987955
71.5 -0.00882013272239
72.0 -0.00853220617013
72.5 -0.00829359661988
73.0 -0.00809382372721
73.5 -0.00786883079138
74.0 -0.00759481437231
74.5 -0.0074065039494
75.0 -0.00717560824164
75.5 -0.00699583410259
76.0 -0.00680279695155
76.5 -0.00659173463842
77.0 -0.00638204514692
77.5 -0.00621035416829
78.0 -0.00605772061368
78.5 -0.00586766838078
79.0 -0.00577209687153
79.5 -0.00566018540921
80.0 -0.00552150038092
80.5 -0.00537540148326
81.0 -0.00520843917957
81.5 -0.00512680008279
82.0 -0.00496640603864
82.5 -0.00482045385255
83.0 -0.00470231914352
83.5 -0.00458941550592
84.0 -0.00455476091011
84.5 -0.00445013672196
85.0 -0.00434047286137
85.5 -0.00429096264947
86.0 -0.00420850301634
86.5 -0.004156642863
87.0 -0.00408617808106
87.5 -0.00396631202003
88.0 -0.00385063612498
88.5 -0.00376282556767
89.0 -0.00374623055115
89.5 -0.00371905419224
90.0 -0.00364567783368
90.5 -0.00363661561357
91.0 -0.00361356861278
91.5 -0.00359609511115
92.0 -0.00354090362723
92.5 -0.00352975249608
93.0 -0.00349189525797
93.5 -0.0033889519042
94.0 -0.00339616007751
94.5 -0.00333434149363
95.0 -0.00346457071148
95.5 -0.00343066646511
96.0 -0.0034753949098
96.5 -0.00341362683396
97.0 -0.00333500556271
97.5 -0.00330311416966
98.0 -0.00328399871128
98.5 -0.00334274675829
99.0 -0.00349381316665
99.5 -0.00339745311566
100.0 -0.00324326422611
100.5 -0.00329147833973
101.0 -0.00352693799883
101.5 -0.00351091150514
102.0 -0.00350330022116
102.5 -0.00358994895137
103.0 -0.00354080232654
103.5 -0.00351466383539
104.0 -0.00364468536501
104.5 -0.00372100948592
105.0 -0.00383466280905
105.5 -0.00397486861953
106.0 -0.00391297750849
106.5 -0.00408912386583
107.0 -0.0040878381918
107.5 -0.00413628043399
108.0 -0.00421359126602
108.5 -0.00427500543844
109.0 -0.00448318917672
109.5 -0.00426957248601
110.0 -0.0045037578174
110.5 -0.00478675150841
111.0 -0.00498789806204
111.5 -0.00515276231371
112.0 -0.00531026308487
112.5 -0.0052600925975
113.0 -0.00521640585532
113.5 -0.00572906691691
114.0 -0.00580343631327
114.5 -0.00618661539743
115.0 -0.00656694090361
115.5 -0.00641916876781
116.0 -0.00586519449456
116.5 -0.00613577690025
117.0 -0.00663715659979
117.5 -0.00793560463937
118.0 -0.00504948537005
118.5 -0.00261194061089
119.0 0.000511747354579
119.5 0.00555348101442
120.0 0.00153759180363
120.5 0.000483539027599
121.0 -0.00283941672316
121.5 -0.00689100671408
122.0 -0.0080742453563
122.5 -0.0107250502765
123.0 -0.00875460481431
123.5 -0.00777546983151
124.0 -0.00734369568778
124.5 -0.00696797258436
125.0 -0.00687146656152
125.5 -0.0065821592661
126.0 -0.00651868689961
126.5 -0.00656965419272
127.0 -0.00628316847634
127.5 -0.00578869258288
128.0 -0.00594115712323
128.5 -0.00624395955289
129.0 -0.00550210254899
129.5 -0.0048881797311
130.0 -0.00537308804321
130.5 -0.00489953324895
131.0 -0.0044901419216
131.5 -0.00461152890751
132.0 -0.00453142346724
132.5 -0.00427237942967
133.0 -0.0039407134872
133.5 -0.00377983716052
134.0 -0.0034955352583
134.5 -0.00327085960615
135.0 -0.00366337827818
135.5 -0.00328986748678
136.0 -0.00305303417626
136.5 -0.0029110236946
137.0 -0.00269245517771
137.5 -0.0026383619908
138.0 -0.00233976433131
138.5 -0.00228290341983
139.0 -0.00242302432352
139.5 -0.00225527095962
140.0 -0.00216939109295
140.5 -0.0020794009707
141.0 -0.00190878490239
141.5 -0.0018994181257
142.0 -0.00175761793592
142.5 -0.00170724653998
143.0 -0.00159361133086
143.5 -0.00151950462543
144.0 -0.00151035506414
144.5 -0.00136836215539
145.0 -0.0013365619665
145.5 -0.00123208895279
146.0 -0.000958564808762
146.5 -0.00106473152023
147.0 -0.00103393158558
147.5 -0.000944438847481
148.0 -0.000894786584856
148.5 -0.000803582107009
149.0 -0.000662936015205
149.5 -0.000495778066929
150.0 -0.000313873463575
150.5 -0.000456749393935
151.0 -0.00046081510741
151.5 -0.000361942957513
152.0 -0.0002296647365
152.5 -0.000134242496076
153.0 -8.5906233771e-07
153.5 0.000181896238852
154.0 0.000311229472146
154.5 0.000244906588907
155.0 0.000260254876128
155.5 0.000281269293824
156.0 0.000283260679883
156.5 0.000414937004578
157.0 0.000667757400254
157.5 0.000716139367313
158.0 0.000599019715604
158.5 0.000679998620488
159.0 0.000868838860672
159.5 0.00100201549797
160.0 0.00115843426793
160.5 0.00108939596953
161.0 0.00110865606299
161.5 0.000994427630005
162.0 0.00117659637795
162.5 0.00138705066595
163.0 0.00154255959619
163.5 0.00165479215143
164.0 0.00174797155005
164.5 0.00185603154109
165.0 0.00202316690181
165.5 0.00212352533905
166.0 0.00216470245535
166.5 0.002360431388
167.0 0.00244704502505
167.5 0.00282058921388
168.0 0.00315242301907
168.5 0.00324941596772
169.0 0.00328526304173
169.5 0.00341238852272
170.0 0.00354256400459
170.5 0.00365279210133
171.0 0.0039675334187
171.5 0.00359579072021
172.0 0.00388519662394
172.5 0.00441849872699
173.0 0.00472621564641
173.5 0.00498513598573
174.0 0.00514869260665
174.5 0.00498746810564
175.0 0.0041204384441
175.5 0.00388233819757
176.0 0.00404742868295
176.5 0.00457806501561
177.0 0.00527858001679
177.5 0.00625049059208
178.0 0.00635364799021
178.5 0.00375393045499
179.0 -0.00318446691841
179.5 -0.00447901315765
180.0 -0.00200838458379
180.5 -0.00311951275981
181.0 -0.00196854050293
181.5 -0.000552768147728
182.0 -0.00138105721973
182.5 0.00109602797151
183.0 0.000741049013413
183.5 0.000891002296044
184.0 0.000794746493057
184.5 0.000729941988922
185.0 0.000678887708233
185.5 0.000369901930199
186.0 0.000266611062017
186.5 0.00070751965437
187.0 0.000589216139616
187.5 0.000252163991235
188.0 -0.000137685797171
188.5 -0.000302033589747
189.0 -0.000650028795533
189.5 -0.000804967241294
190.0 -0.00115251015073
190.5 -0.00165493952862
191.0 -0.00190280523103
191.5 -0.00230899951075
192.0 -0.0026779769983
192.5 -0.00298784118436
193.0 -0.00366565955281
193.5 -0.00414236317917
194.0 -0.00500669777097
194.5 -0.00590399099183
195.0 -0.00670512551902
195.5 -0.00834732330001
196.0 -0.00931303276607
196.5 -0.0118233491866
197.0 -0.0142904798409
197.5 -0.0166320612431
198.0 -0.0218784295735
198.5 -0.0293259977184
199.0 -0.044396955922
199.5 -0.067676758619
