0.0 0.00931724923865
0.5 0.0319849852184
1.0 0.0502539464492
1.5 0.043592267176
2.0 0.0389159665517
2.5 0.0348910194809
3.0 0.0320135406467
3.5 0.0298517664611
4.0 0.0276295250707
4.5 0.0252707418923
5.0 0.023316212109
5.5 0.0215362638809
6.0 0.0197812605423
6.5 0.0181274863177
7.0 0.0165693479598
7.5 0.0149611184326
8.0 0.0134512137704
8.5 0.0119701233233
9.0 0.0105243952339
9.5 0.00911068815197
10.0 0.00758465753193
10.5 0.00621071819415
11.0 0.00482265669003
11.5 0.00343277134071
12.0 0.00210627763854
12.5 0.000771949731524
13.0 -0.000546742604747
13.5 -0.00185358098339
14.0 -0.0031540448221
14.5 -0.00442827756003
15.0 -0.0056707938836
15.5 -0.00691974369588
16.0 -0.00814245491754
16.5 -0.00935796311955
17.0 -0.0105285409771
17.5 -0.0116938749546
18.0 -0.0128655026801
18.5 -0.0139885899512
19.0 -0.0150982731728
19.5 -0.0162050118049
20.0 -0.0172544712744
20.5 -0.0182804111619
21.0 -0.0192844630917
21.5 -0.0202717883118
22.0 -0.0212465956613
22.5 -0.022162668214
23.0 -0.0231011492776
23.5 -0.0239871635218
24.0 -0.0248522768654
24.5 -0.0257016883671
25.0 -0.0264994633688
25.5 -0.027273263084
26.0 -0.0280083186166
26.5 -0.0287037216052
27.0 -0.0293881222672
27.5 -0.030040285889
28.0 -0.030634206875
28.5 -0.031219571848
29.0 -0.0317728217251
29.5 -0.032298397231
30.0 -0.032765018174
30.5 -0.0332038034411
31.0 -0.033621003469
31.5 -0.0339824222537
32.0 -0.0343035300255
32.5 -0.0346024878537
33.0 -0.0348713872538
33.5 -0.0350845837379
34.0 -0.035290305422
34.5 -0.035438920223
35.0 -0.0355421830124
35.5 -0.0356198295003
36.0 -0.0356487138513
36.5 -0.0356375840369
37.0 -0.0355999487995
37.5 -0.0355368483128
38.0 -0.0354409098374
38.5 -0.0352897198785
39.0 -0.0351247861714
39.5 -0.0349448960313
40.0 -0.0346980435925
40.5 -0.0344451957443
41.0 -0.0341423217866
41.5 -0.0338232021423
42.0 -0.0334829461734
42.5 -0.0331131956414
43.0 -0.0327196597957
43.5 -0.0323153559776
44.0 -0.0319004145583
44.5 -0.0314408904944
45.0 -0.0309764550743
45.5 -0.0304833141915
46.0 -0.0299689861831
46.5 -0.0294729745939
47.0 -0.0289524911071
47.5 -0.0284115280666
48.0 -0.0278952752983
48.5 -0.0273505147991
49.0 -0.0267962604069
49.5 -0.0262597095158
50.0 -0.025666542286
50.5 -0.0251014021951
51.0 -0.0245475483895
51.5 -0.0240167170503
52.0 -0.0234716349306
52.5 -0.0229018823303
53.0 -0.0223684692233
53.5 -0.0218246028744
54.0 -0.0212801726571
54.5 -0.0207628839969
55.0 -0.0202083602917
55.5 -0.0196811010944
56.0 -0.0191876337946
56.5 -0.018665054496
57.0 -0.0181754601317
57.5 -0.017683617087
58.0 -0.0172174453343
58.5 -0.0167548621637
59.0 -0.0162900315008
59.5 -0.0158526155431
60.0 -0.0154191315832
60.5 -0.0149705369198
61.0 -0.0145359784376
61.5 -0.0141263288481
62.0 -0.0137411258771
62.5 -0.0133669388976
63.0 -0.0129767225647
63.5 -0.0126242729116
64.0 -0.0122695186201
64.5 -0.0119388004425
65.0 -0.0115835907606
65.5 -0.0112748105737
66.0 -0.0109291270288
66.5 -0.0105871769925
67.0 -0.010310023295
67.5 -0.00999890000127
68.0 -0.00971108218152
68.5 -0.00948208832159
69.0 -0.00919308744644
69.5 -0.00892975988495
70.0 -0.00873038504247
70.5 -0.00846095252526
71.0 -0.00820025193611
71.5 -0.00799386517171
72.0 -0.00773259402401
72.5 -0.007498836941
73.0 -0.00732129646752
73.5 -0.00713290504762
74.0 -0.00696462446048
74.5 -0.00679484559443
75.0 -0.00660414712913
75.5 -0.00645697877425
76.0 -0.0062125823342
76.5 -0.00607451853517
77.0 -0.00591039484392
77.5 -0.00575925032309
78.0 -0.00568371232164
78.5 -0.00548689432803
79.0 -0.00533946063749
79.5 -0.00527487712841
80.0 -0.00522198157629
80.5 -0.00502449237508
81.0 -0.00486832391519
81.5 -0.0048063417235
82.0 -0.00472547348257
82.5 -0.00460600932589
83.0 -0.00449550369903
83.5 -0.00434399633846
84.0 -0.00428667337992
84.5 -0.00426295652027
85.0 -0.00409596130504
85.5 -0.00412708915026
86.0 -0.00404198747829
86.5 -0.00397555924054
87.0 -0.00392376967126
87.5 -0.00382933831384
88.0 -0.00377267846351
88.5 -0.00372886764707
89.0 -0.00364563218514
89.5 -0.00362843584299
90.0 -0.00367514336608
90.5 -0.00355936286643
91.0 -0.00354051808051
91.5 -0.00348108818189
92.0 -0.00343517564102
92.5 -0.00333257031023
93.0 -0.00335003500717
93.5 -0.00343917735211
94.0 -0.00329081055558
94.5 -0.0032544653194
95.0 -0.00318847202261
95.5 -0.00326524357027
96.0 -0.00326889049111
96.5 -0.00330968673206
97.0 -0.00341079221508
97.5 -0.00341258242372
98.0 -0.00333896264521
98.5 -0.00329767363894
99.0 -0.00326556402815
99.5 -0.00342839350324
100.0 -0.00330740398359
100.5 -0.00336166832143
101.0 -0.00333891926307
101.5 -0.0032531551818
102.0 -0.00333005701764
102.5 -0.00345403951992
103.0 -0.00344493992609
103.5 -0.00349615135431
104.0 -0.00362189050866
104.5 -0.00369314857479
105.0 -0.00388734464404
105.5 -0.00386317873245
106.0 -0.00368306482241
106.5 -0.00398096210872
107.0 -0.00402192478905
107.5 -0.00399240979836
108.0 -0.0040442104786
108.5 -0.00405508546816
109.0 -0.00406655518884
109.5 -0.00434087328639
110.0 -0.00462207391298
110.5 -0.0045274863039
111.0 -0.00457909209299
111.5 -0.00463986175693
112.0 -0.00469760097527
112.5 -0.00492240165426
113.0 -0.00519963239326
113.5 -0.00568054190923
114.0 -0.00568457402335
114.5 -0.00514036469811
115.0 -0.00572540399608
115.5 -0.00516926287496
116.0 -0.00582365695777
116.5 -0.00667048304328
117.0 -0.00723001501404
117.5 -0.00815158288273
118.0 -0.00786361725602
118.5 -0.00529678570557
119.0 -0.00173551522629
119.5 0.00625681831887
120.0 0.00749088841685
120.5 0.00571082591233
121.0 0.00028403464016
121.5 -0.00499503824408
122.0 -0.00639954741213
122.5 -0.00898997639622
123.0 -0.00721624496231
123.5 -0.00667949837766
124.0 -0.0068666022751
124.5 -0.00655726666048
125.0 -0.00635608085796
125.5 -0.00611122843526
126.0 -0.00604188102488
126.5 -0.00611119498001
127.0 -0.00568942702337
127.5 -0.00590117669161
128.0 -0.0060938393097
128.5 -0.0056473695504
129.0 -0.00506558645185
129.5 -0.00471891061078
130.0 -0.00514035711313
130.5 -0.00462489958597
131.0 -0.00420509147588
131.5 -0.00431928298726
132.0 -0.00422330091483
132.5 -0.00396385720862
133.0 -0.00375443410603
133.5 -0.00358515922173
134.0 -0.00345406983396
134.5 -0.00335163936941
135.0 -0.0032306860398
135.5 -0.00302001673903
136.0 -0.00290482700049
136.5 -0.00266202285729
137.0 -0.00274912822168
137.5 -0.00281920995409
138.0 -0.00254304788949
138.5 -0.00229667637919
139.0 -0.00216608240657
139.5 -0.00236563034373
140.0 -0.00218538313588
140.5 -0.00208986431631
141.0 -0.00194064929392
141.5 -0.00194467054541
142.0 -0.00181115569752
142.5 -0.0017786221691
143.0 -0.00167864453211
143.5 -0.00152707582884
144.0 -0.00142607539344
144.5 -0.00151712504473
145.0 -0.00139972490121
145.5 -0.00113086331601
146.0 -0.00134095503754
146.5 -0.00131908276959
147.0 -0.00118691416803
147.5 -0.0010597688696
148.0 -0.000855976381383
148.5 -0.000739867419144
149.0 -0.000869053476834
149.5 -0.00082784221243
150.0 -0.000819033291133
150.5 -0.000844550511401
151.0 -0.000760880690888
151.5 -0.000629556700636
152.0 -0.000528790189998
152.5 -0.000470625330058
153.0 -0.00039193460481
153.5 -0.000318078339548
154.0 -0.000247867497743
154.5 -0.000182028050959
155.0 -0.000104763109736
155.5 4.19993751084e-05
156.0 -0.000121843410071
156.5 -0.000105788539791
157.0 5.12881800674e-06
157.5 8.62294851487e-05
158.0 0.000138873091664
158.5 0.000264610767989
159.0 0.000304716866349
159.5 0.000327305014743
160.0 0.000435493278864
160.5 0.000479372313876
161.0 0.000562706262066
161.5 0.000652403752767
162.0 0.000736289121889
162.5 0.000903967216793
163.0 0.00101011232152
163.5 0.00105855148397
164.0 0.00111144839562
164.5 0.00120676340475
165.0 0.00140611783862
165.5 0.00147403560121
166.0 0.00101253109799
166.5 0.00128803168319
167.0 0.00141033322394
167.5 0.00162355699639
168.0 0.00190457191736
168.5 0.0021468134448
169.0 0.00222969030484
169.5 0.00222597885953
170.0 0.00190080685493
170.5 0.002172997936
171.0 0.00234771647398
171.5 0.00266148122152
172.0 0.00279439782675
172.5 0.00322652543338
173.0 0.00364862329845
173.5 0.0034510260715
174.0 0.00310304891886
174.5 0.0033784847121
175.0 0.0035765140573
175.5 0.00313333349823
176.0 0.00352103113389
176.5 0.00300095945555
177.0 0.00394946284341
177.5 0.00503057517329
178.0 0.00457223179616
178.5 0.00130065730292
179.0 -0.00112020198945
179.5 -0.00226200581656
180.0 -0.00120607148966
180.5 -0.00441994265036
181.0 -0.00531381616938
181.5 -0.00227550902848
182.0 -0.000322698058213
182.5 0.0011054756401
183.0 0.00220789722749
183.5 0.00224553741437
184.0 0.00173477627183
184.5 0.00145684471001
185.0 0.00124075939526
185.5 0.000780706425914
186.0 0.00145134624347
186.5 0.00108141810746
187.0 0.000720805418879
187.5 0.000601910843912
188.0 0.000295672275954
188.5 -5.43263301296e-05
189.0 -0.000363404896092
189.5 -0.000556447723142
190.0 -0.000943930290916
190.5 -0.00138487529857
191.0 -0.00170686175026
191.5 -0.00218674851355
192.0 -0.00263820292106
192.5 -0.00299766428053
193.0 -0.00358051249736
193.5 -0.00415200504634
194.0 -0.00496828501232
194.5 -0.00613633962888
195.0 -0.00707350955413
195.5 -0.00882785387132
196.0 -0.0100996526396
196.5 -0.0118903729686
197.0 -0.014242469253
197.5 -0.0165446172716
198.0 -0.0220080567871
198.5 -0.0295728567234
199.0 -0.0448672457967
199.5 -0.0700105877428
