0.0 -0.0059977114754
0.5 0.00955815295395
1.0 -0.00284476870966
1.5 -0.00769688470747
2.0 -0.0106448371728
2.5 -0.0131724326555
3.0 -0.014714236947
3.5 -0.0161740223373
4.0 -0.0178092142952
4.5 -0.018756908934
5.0 -0.0198643901624
5.5 -0.0209858512506
6.0 -0.0219064290536
6.5 -0.0226963743005
7.0 -0.0233920973998
7.5 -0.0241191096385
8.0 -0.0247493611702
8.5 -0.0253521935327
9.0 -0.0258745762699
9.5 -0.0263637602321
10.0 -0.0268349904
10.5 -0.0272261043579
11.0 -0.0275932546953
11.5 -0.0278766271484
12.0 -0.0281500897305
12.5 -0.0283605639359
13.0 -0.0285304596682
13.5 -0.0286748142835
14.0 -0.0287622738092
14.5 -0.0287917518977
15.0 -0.028779831471
15.5 -0.0287286932972
16.0 -0.0286574832857
16.5 -0.0285257533438
17.0 -0.0283491069594
17.5 -0.0281559507587
18.0 -0.0279290039161
18.5 -0.02766183603
19.0 -0.0273659313453
19.5 -0.0270543012324
20.0 -0.0266990555447
20.5 -0.0263237228499
21.0 -0.0259171838206
21.5 -0.0254958452491
22.0 -0.0250626541805
22.5 -0.0245753694711
23.0 -0.0241095416716
23.5 -0.0236336082705
24.0 -0.02314497698
24.5 -0.0226491087807
25.0 -0.0221163469317
25.5 -0.0215757731191
26.0 -0.0210575584317
26.5 -0.0205212004141
27.0 -0.0199873123832
27.5 -0.0194113597021
28.0 -0.0188469175981
28.5 -0.0183158782326
29.0 -0.0177692039179
29.5 -0.0172282249348
30.0 -0.0166651066436
30.5 -0.0161302949056
31.0 -0.0155966545773
31.5 -0.0150570558383
32.0 -0.0145253054259
32.5 -0.0139948363848
33.0 -0.0134753652863
33.5 -0.0129622291364
34.0 -0.0124566245152
34.5 -0.0119645744375
35.0 -0.0114893946123
35.5 -0.0110201493133
36.0 -0.0105413887828
36.5 -0.0100654124434
37.0 -0.00960886861756
37.5 -0.00915972700051
38.0 -0.00870551432526
38.5 -0.00827485821369
39.0 -0.00785526209822
39.5 -0.00745949838907
40.0 -0.00705800084502
40.5 -0.0066615870158
41.0 -0.00627642938782
41.5 -0.00591766955439
42.0 -0.00554567428255
42.5 -0.00517740856935
43.0 -0.00483693070792
43.5 -0.00450622652054
44.0 -0.00419276870508
44.5 -0.00385959296358
45.0 -0.00354283330054
45.5 -0.00325427757421
46.0 -0.00295497256562
46.5 -0.00267887110375
47.0 -0.0024108784477
47.5 -0.00212888532448
48.0 -0.00187366305914
48.5 -0.00162460655634
49.0 -0.00139038628793
49.5 -0.00116362301533
50.0 -0.000916048988069
50.5 -0.000699896750152
51.0 -0.000493808185176
51.5 -0.000310769374945
52.0 -0.000119581216461
52.5 9.51887196656e-05
53.0 0.000273238172865
53.5 0.000435328954504
54.0 0.00059552416827
54.5 0.000747760975967
55.0 0.000923534955779
55.5 0.00107929987185
56.0 0.00120276437675
56.5 0.00135586920216
57.0 0.00147663926915
57.5 0.00159005323482
58.0 0.0017075557179
58.5 0.00182704533941
59.0 0.00192603766135
59.5 0.00203453464521
60.0 0.00214409618354
60.5 0.00223605452651
61.0 0.002322853695
61.5 0.00242108305626
62.0 0.00250065508104
62.5 0.00256972379829
63.0 0.00262534006581
63.5 0.00267895064617
64.0 0.00273935598801
64.5 0.0027878229768
65.0 0.00285274740075
65.5 0.00290871522692
66.0 0.00295765531062
66.5 0.0030418524659
67.0 0.00309499568171
67.5 0.00311777968593
68.0 0.00313948489791
68.5 0.00315970283446
69.0 0.00318269739267
69.5 0.00319787491354
70.0 0.0031954863049
70.5 0.0032761936614
71.0 0.00327881259583
71.5 0.00329436062943
72.0 0.0032841476167
72.5 0.00333982823445
73.0 0.00336293792156
73.5 0.00334226285191
74.0 0.00332239816422
74.5 0.00330290476335
75.0 0.00328803029874
75.5 0.00324980348504
76.0 0.00331779399552
76.5 0.00331372458065
77.0 0.00331719507734
77.5 0.00331626153006
78.0 0.00330539742612
78.5 0.00329885293152
79.0 0.00325408416311
79.5 0.00321377913655
80.0 0.00321181353215
80.5 0.00317997474868
81.0 0.00318072708013
81.5 0.00316104296658
82.0 0.00315084943706
82.5 0.00310863473871
83.0 0.00309065377538
83.5 0.00310623279376
84.0 0.00303788771213
84.5 0.00300349096483
85.0 0.0029174906361
85.5 0.00295389111532
86.0 0.00295086150857
86.5 0.00286056695043
87.0 0.00278779040837
87.5 0.00276675527568
88.0 0.00271451251227
88.5 0.00275678053053
89.0 0.00274576066223
89.5 0.00269126384305
90.0 0.00262245684764
90.5 0.00246825197209
91.0 0.00246027740227
91.5 0.00245067555921
92.0 0.00244106266767
92.5 0.00241071237996
93.0 0.00232629724499
93.5 0.00224266293243
94.0 0.00222252932094
94.5 0.00221685752523
95.0 0.00226214497562
95.5 0.00208934191573
96.0 0.0019809525288
96.5 0.00186695777093
97.0 0.00175230785264
97.5 0.00175207465085
98.0 0.00171870948557
98.5 0.00157599729201
99.0 0.00153771007361
99.5 0.00143481848913
100.0 0.0016218719943
100.5 0.00138190563382
101.0 0.00141934647294
101.5 0.00152987578574
102.0 0.00140560669492
102.5 0.00112309528795
103.0 0.000965413807286
103.5 0.000836699128193
104.0 0.000756114744078
104.5 0.000829688476962
105.0 0.000799653040467
105.5 0.00068391089323
106.0 0.000573854033256
106.5 0.000563953704059
107.0 0.000441718444449
107.5 0.000265949412231
108.0 0.000107849734285
108.5 -7.61523591564e-05
109.0 -0.000211748640005
109.5 -0.000232177508522
110.0 -6.61880044603e-05
110.5 -0.00050153184241
111.0 -0.000478674324832
111.5 -0.00103242116071
112.0 -0.00115863545164
112.5 -0.00111923056178
113.0 -0.0012253847519
113.5 -0.00140357573208
114.0 -0.000945664058207
114.5 -0.00102054905068
115.0 -0.00108773406549
115.5 -0.000725903176601
116.0 -0.000788170331134
116.5 -0.000898596165072
117.0 -0.00121422947801
117.5 -0.000879765173153
118.0 9.90894175459e-05
118.5 0.00164377641755
119.0 0.00358192925241
119.5 0.0118930889715
120.0 0.011815452244
120.5 0.00575074618804
121.0 0.000561539910379
121.5 -0.00370939072005
122.0 -0.00538482733228
122.5 -0.00557923295965
123.0 -0.00477233520473
123.5 -0.00403362170915
124.0 -0.00390913801159
124.5 -0.00413840500556
125.0 -0.00383536945931
125.5 -0.00410679572957
126.0 -0.00392295265665
126.5 -0.00371838778688
127.0 -0.00325812334935
127.5 -0.00351134687769
128.0 -0.00376378338274
128.5 -0.00366355023222
129.0 -0.0035146870542
129.5 -0.00257750942568
130.0 -0.00228921528227
130.5 -0.00304217519619
131.0 -0.00276996608333
131.5 -0.00244988236615
132.0 -0.00242346607729
132.5 -0.00221537690103
133.0 -0.00176032593923
133.5 -0.00167116005962
134.0 -0.00206117252296
134.5 -0.00205092118361
135.0 -0.00142996947237
135.5 -0.00133312501006
136.0 -0.001312453016
136.5 -0.00121683242409
137.0 -0.00130905687959
137.5 -0.00132626932244
138.0 -0.00103853681833
138.5 -0.000878415439775
139.0 -0.000667151350086
139.5 -0.000424174719768
140.0 -0.000659671407483
140.5 -0.000508389943921
141.0 -0.000306886355663
141.5 -0.000109175675526
142.0 -0.000143684454285
142.5 -0.000209433483779
143.0 -2.87659651672e-05
143.5 0.000167833689474
144.0 0.000206821680575
144.5 0.00010517958863
145.0 0.000177029229326
145.5 0.000319306821215
146.0 0.000402907728824
146.5 0.000482777605864
147.0 0.000650486932004
147.5 0.000602463573444
148.0 0.000552763243442
148.5 0.000712897929045
149.0 0.00089765252863
149.5 0.00101351493908
150.0 0.000874827071151
150.5 0.000872482899847
151.0 0.000981340933431
151.5 0.00120824364941
152.0 0.00117433150543
152.5 0.00109317776756
153.0 0.00116732314062
153.5 0.00136214123753
154.0 0.00150825401878
154.5 0.00145292088969
155.0 0.00146994900945
155.5 0.00151720566162
156.0 0.00156211363533
156.5 0.00158042930198
157.0 0.00160440057142
157.5 0.00153717226283
158.0 0.00158589366465
158.5 0.00183666029772
159.0 0.00197978548657
159.5 0.00209352115455
160.0 0.00222335319942
160.5 0.00213314392109
161.0 0.00201281296535
161.5 0.00222117339992
162.0 0.00234108243743
162.5 0.00252990024094
163.0 0.00269704485378
163.5 0.00281097594881
164.0 0.00283595296755
164.5 0.00281968062379
165.0 0.00294995533627
165.5 0.00298316335488
166.0 0.00294431642912
166.5 0.00312612898386
167.0 0.00316120754757
167.5 0.0034795867271
168.0 0.00351933118219
168.5 0.00347504154379
169.0 0.00370587518861
169.5 0.00395514546406
170.0 0.00425508835217
170.5 0.00429009074594
171.0 0.00436764884691
171.5 0.00459668224318
172.0 0.00427768080905
172.5 0.0046269961145
173.0 0.00497381787021
173.5 0.00525326146581
174.0 0.00544713868527
174.5 0.00554003561209
175.0 0.00550518599503
175.5 0.00489712022284
176.0 0.00504273178024
176.5 0.00556017873109
177.0 0.00597212828613
177.5 0.00846934546021
178.0 0.00688896044528
178.5 0.00435915804094
179.0 0.000379469852518
179.5 -0.00294617114942
180.0 -0.00409292573154
180.5 -0.00538146097266
181.0 -0.00256186718239
181.5 -0.000238207327072
182.0 0.000785001479187
182.5 0.00191746340825
183.0 0.00185022702388
183.5 0.0024997533715
184.0 0.00238362776157
184.5 0.00225255386303
185.0 0.00214736462996
185.5 0.00175138063663
186.0 0.00152554189897
186.5 0.00187748722492
187.0 0.00159671658841
187.5 0.00131062784372
188.0 0.000975598166491
188.5 0.000691355477372
189.0 0.000277883408884
189.5 -8.61550583267e-05
190.0 -0.000262662813725
190.5 -0.000716587010928
191.0 -0.00102115229544
191.5 -0.00146263044279
192.0 -0.00179533828027
192.5 -0.00220988626599
193.0 -0.00298781063852
193.5 -0.00349135201667
194.0 -0.00412178478291
194.5 -0.00492917880089
195.0 -0.00631288533447
195.5 -0.00790901294711
196.0 -0.00935690899284
196.5 -0.0111546760994
197.0 -0.0131946764653
197.5 -0.0148654576612
198.0 -0.0209973457954
198.5 -0.0280248367443
199.0 -0.0441142522938
199.5 -0.0666040104521
