0.0 -0.00316749427381
0.5 0.0160424329932
1.0 0.0103341710631
1.5 0.00365983018683
2.0 -0.000668903218511
2.5 -0.00461730199455
3.0 -0.00735115994858
3.5 -0.00980660568892
4.0 -0.0120581554947
4.5 -0.0141011336292
5.0 -0.0164093950813
5.5 -0.0181594085244
6.0 -0.0199314756908
6.5 -0.0216625350477
7.0 -0.0232917605857
7.5 -0.0249567951421
8.0 -0.0265278292586
8.5 -0.0280912693452
9.0 -0.0296166128189
9.5 -0.0311289898877
10.0 -0.0326251328434
10.5 -0.0340376331221
11.0 -0.0354318235893
11.5 -0.0368514956657
12.0 -0.0382310736241
12.5 -0.0395198991702
13.0 -0.0407889100479
13.5 -0.0420319206199
14.0 -0.0432221085788
14.5 -0.0443520340411
15.0 -0.0454256823963
15.5 -0.0465055146109
16.0 -0.0474775485577
16.5 -0.0483804172165
17.0 -0.0492406583117
17.5 -0.0500597874171
18.0 -0.0507877097884
18.5 -0.0514724359157
19.0 -0.0520812862698
19.5 -0.052599389724
20.0 -0.0530285723257
20.5 -0.0534078398275
21.0 -0.0537004544778
21.5 -0.0538994639789
22.0 -0.0540387733445
22.5 -0.0540969130193
23.0 -0.0541153941798
23.5 -0.0540234216078
24.0 -0.0538557732673
24.5 -0.0536767795641
25.0 -0.053352040582
25.5 -0.0529645726933
26.0 -0.0525177174625
26.5 -0.0519927863086
27.0 -0.0514264854672
27.5 -0.0508193887827
28.0 -0.0501213661684
28.5 -0.0493987531362
29.0 -0.0486363471221
29.5 -0.0478126012508
30.0 -0.046928672723
30.5 -0.0460106361131
31.0 -0.0451002081674
31.5 -0.0441385609982
32.0 -0.0431364076592
32.5 -0.0421244714431
33.0 -0.0411002599407
33.5 -0.0400332372758
34.0 -0.0389746752706
34.5 -0.0379408581296
35.0 -0.0368677135301
35.5 -0.0357914796903
36.0 -0.0347229603503
36.5 -0.0336445905378
37.0 -0.0325754673301
37.5 -0.0315135068235
38.0 -0.0304495997981
38.5 -0.0294121645468
39.0 -0.0283642351064
39.5 -0.0273444627107
40.0 -0.0263484636486
40.5 -0.0253479716862
41.0 -0.0243696233789
41.5 -0.02342913099
42.0 -0.0224859671605
42.5 -0.0215621911583
43.0 -0.0206703328237
43.5 -0.0197764777873
44.0 -0.01891969849
44.5 -0.0180921119267
45.0 -0.0172484150157
45.5 -0.0164585042441
46.0 -0.015679961505
46.5 -0.0149424014874
47.0 -0.0142114838839
47.5 -0.0134892091519
48.0 -0.0128088077248
48.5 -0.0121316167661
49.0 -0.0114814024459
49.5 -0.0108428321689
50.0 -0.0102189477697
50.5 -0.00964862737036
51.0 -0.00905626069135
51.5 -0.00851646438369
52.0 -0.00798986640381
52.5 -0.00746193007925
53.0 -0.00698546143802
53.5 -0.00650650981834
54.0 -0.00602653274349
54.5 -0.00558134798295
55.0 -0.00513859380074
55.5 -0.00471228535877
56.0 -0.00429881711725
56.5 -0.00391298754475
57.0 -0.00354120506998
57.5 -0.00318695881898
58.0 -0.00285824115517
58.5 -0.00253450985151
59.0 -0.00221837079597
59.5 -0.00192131014925
60.0 -0.00162256026938
60.5 -0.00133588785981
61.0 -0.00102950207027
61.5 -0.000772219023553
62.0 -0.000561050440309
62.5 -0.000305625843653
63.0 -7.06593091024e-05
63.5 0.00011492828339
64.0 0.000303215202392
64.5 0.000481756718631
65.0 0.000731706823954
65.5 0.000897777668976
66.0 0.00106557460507
66.5 0.00121295580916
67.0 0.00138199319244
67.5 0.00149524407233
68.0 0.00165703495113
68.5 0.00181812948898
69.0 0.00189955729461
69.5 0.0020069433206
70.0 0.00211336280885
70.5 0.00218677984206
71.0 0.00233053744647
71.5 0.00242733151414
72.0 0.00247823804547
72.5 0.00260088066894
73.0 0.00269835244615
73.5 0.00274263067323
74.0 0.00277091614386
74.5 0.00282216629338
75.0 0.00289081755968
75.5 0.00290246592275
76.0 0.00300883908913
76.5 0.0030672310881
77.0 0.00311168172996
77.5 0.00315483133458
78.0 0.00314827070092
78.5 0.00320367699632
79.0 0.00320638927407
79.5 0.00321313419085
80.0 0.00321552968021
80.5 0.00322047928692
81.0 0.00326541017428
81.5 0.0032666195865
82.0 0.00329129219968
82.5 0.00326151436042
83.0 0.00324386936045
83.5 0.00328053572745
84.0 0.00325663212781
84.5 0.0032041286799
85.0 0.00321712070805
85.5 0.00312457883997
86.0 0.00318729160318
86.5 0.00313277493808
87.0 0.00303988430472
87.5 0.00308224124315
88.0 0.00308387552618
88.5 0.00306577984116
89.0 0.003031133044
89.5 0.00298833083749
90.0 0.0029809861175
90.5 0.00285908801008
91.0 0.00276934489248
91.5 0.00273672813948
92.0 0.00270859713065
92.5 0.00257337142583
93.0 0.00250028011592
93.5 0.00256828227213
94.0 0.00248693291615
94.5 0.00242655611242
95.0 0.00250890624659
95.5 0.0023934891098
96.0 0.00222658600804
96.5 0.00211271345482
97.0 0.00204182711551
97.5 0.00200856760172
98.0 0.00197894351019
98.5 0.00188351914736
99.0 0.00171454879033
99.5 0.00163899688929
100.0 0.0016708224148
100.5 0.00149429176538
101.0 0.00153505670648
101.5 0.00143317100466
102.0 0.00127616506747
102.5 0.00113298575845
103.0 0.00101609960691
103.5 0.000914017043677
104.0 0.000973900634541
104.5 0.000700335767696
105.0 0.000677359565941
105.5 0.00048660525492
106.0 0.000331515307842
106.5 5.54289979249e-06
107.0 -0.000131762641324
107.5 -0.000319317903859
108.0 -0.000336264347673
108.5 -0.000267946949037
109.0 -0.000723537484383
109.5 -0.000981356677137
110.0 -0.00118753702588
110.5 -0.00071917498142
111.0 -0.00118088908535
111.5 -0.00171959228875
112.0 -0.00178103502444
112.5 -0.00200742015763
113.0 -0.00236975096799
113.5 -0.0029303929783
114.0 -0.00303726561371
114.5 -0.00329164920198
115.0 -0.0028400852176
115.5 -0.00312986299954
116.0 -0.00395284513836
116.5 -0.00435746991164
117.0 -0.00520613502866
117.5 -0.00608631497617
118.0 -0.00575883378889
118.5 -0.00350977416582
119.0 -0.00140448127958
119.5 0.00743381226864
120.0 0.0106986961242
120.5 0.00938661826019
121.0 0.00393471258037
121.5 -0.00070007731037
122.0 -0.0017509144738
122.5 -0.00550386855552
123.0 -0.00453794703843
123.5 -0.00343783696587
124.0 -0.00354658152982
124.5 -0.00308567296307
125.0 -0.00313496324928
125.5 -0.00307973096733
126.0 -0.00293959844667
126.5 -0.00320759769677
127.0 -0.0036902048933
127.5 -0.00376275219107
128.0 -0.00345487269063
128.5 -0.00328891193466
129.0 -0.00316715528776
129.5 -0.00274534503229
130.0 -0.0023820002581
130.5 -0.00252284761572
131.0 -0.0025130247915
131.5 -0.00219499865963
132.0 -0.00176748447091
132.5 -0.00175393780345
133.0 -0.00166016599979
133.5 -0.00143423115087
134.0 -0.00124699436496
134.5 -0.00109661180397
135.0 -0.00102904653382
135.5 -0.000765160828855
136.0 -0.000420428926091
136.5 -0.000646765290153
137.0 -0.000498767933081
137.5 -0.000438151749144
138.0 -0.000205954881416
138.5 -0.000117256815589
139.0 -5.31489892239e-05
139.5 6.83648658999e-05
140.0 0.000150305415147
140.5 0.000210791674593
141.0 0.000331557375418
141.5 0.000359322348039
142.0 0.000669916494164
142.5 0.000597621247465
143.0 0.000589093217993
143.5 0.000678845653544
144.0 0.000677349451806
144.5 0.000874694495133
145.0 0.00106985283321
145.5 0.00084497257353
146.0 0.000929997182389
146.5 0.00106668923244
147.0 0.00126095740122
147.5 0.00123657769389
148.0 0.00123322511476
148.5 0.00133056531683
149.0 0.00129924665251
149.5 0.00129389500988
150.0 0.00136221829243
150.5 0.00149467309317
151.0 0.00159988844389
151.5 0.001688986625
152.0 0.00178080515266
152.5 0.00186185761959
153.0 0.00202729875791
153.5 0.00211398173198
154.0 0.00205482660886
154.5 0.00208800499445
155.0 0.00210519153248
155.5 0.0020915623097
156.0 0.00209383900242
156.5 0.00219462801422
157.0 0.00242063879433
157.5 0.00245037995775
158.0 0.00241244977506
158.5 0.00248425491399
159.0 0.00242717407031
159.5 0.00235827988865
160.0 0.00263421096044
160.5 0.00284494185827
161.0 0.00296798402337
161.5 0.00296340933038
162.0 0.00299807048226
162.5 0.00292172144165
163.0 0.00301149893476
163.5 0.00322068281316
164.0 0.00331541707837
164.5 0.00339480554356
165.0 0.00356733316193
165.5 0.00364581369293
166.0 0.00363025544362
166.5 0.00383228167131
167.0 0.00389311252366
167.5 0.00425571834463
168.0 0.00454631019262
168.5 0.00464905385469
169.0 0.0047896186499
169.5 0.00503296214958
170.0 0.00514844588266
170.5 0.0052448444865
171.0 0.00489775010396
171.5 0.00535824527121
172.0 0.00563782538266
172.5 0.00597185937947
173.0 0.00620301048291
173.5 0.00629591730815
174.0 0.0063749607784
174.5 0.00641453466397
175.0 0.00652240651991
175.5 0.0061427902785
176.0 0.00665937544376
176.5 0.00619112496193
177.0 0.00673783868677
177.5 0.00822664401245
178.0 0.00670015851381
178.5 0.00503029391203
179.0 0.00177383728598
179.5 -0.00187600752375
180.0 -0.00327153392553
180.5 -0.0047428911471
181.0 -0.00205677091667
181.5 0.00160471669362
182.0 0.00211754768416
182.5 0.00433972874285
183.0 0.00308877962964
183.5 0.00305173996104
184.0 0.00261151510931
184.5 0.00244344348059
185.0 0.00243861531129
185.5 0.00220353717819
186.0 0.00231280011366
186.5 0.00227327999905
187.0 0.00214483111812
187.5 0.00196334279721
188.0 0.00173211299587
188.5 0.00169964151486
189.0 0.00136719233967
189.5 0.00111944603977
190.0 0.000977931389912
190.5 0.000564272523988
191.0 0.000435169537539
191.5 0.000119963092246
192.0 -0.000264950569203
192.5 -0.000476055087276
193.0 -0.000847606398153
193.5 -0.00139565529156
194.0 -0.00209070957742
194.5 -0.00264837288847
195.0 -0.00337028898943
195.5 -0.00460147590621
196.0 -0.0050400574958
196.5 -0.00689437955441
197.0 -0.00835917445877
197.5 -0.00943300137683
198.0 -0.0132144282592
198.5 -0.0183247552857
199.0 -0.0277345452634
199.5 -0.0441220656248
