0.0 0.00180558392301
0.5 0.0243287333577
1.0 0.0298360950686
1.5 0.0224545965393
2.0 0.0179185741642
2.5 0.0135078659809
3.0 0.0103056129966
3.5 0.00790317635027
4.0 0.00558857715368
4.5 0.00343209714449
5.0 0.00128249053541
5.5 -0.0005193815654
6.0 -0.00232686312151
6.5 -0.00421757642364
7.0 -0.00589158201946
7.5 -0.00753308143647
8.0 -0.00911769218419
8.5 -0.0107094455951
9.0 -0.0122659765556
9.5 -0.0138073550419
10.0 -0.0154675603618
10.5 -0.0169609789046
11.0 -0.0184705015799
11.5 -0.0199900276078
12.0 -0.021497230437
12.5 -0.0230239887089
13.0 -0.0244961828551
13.5 -0.0259676676034
14.0 -0.0274393419738
14.5 -0.0288966054992
15.0 -0.0303379977646
15.5 -0.0317700944761
16.0 -0.0331677592125
16.5 -0.0345528414687
17.0 -0.035885634833
17.5 -0.0372215485771
18.0 -0.0385322452655
18.5 -0.039803477661
19.0 -0.0410391308642
19.5 -0.0422361231755
20.0 -0.0433815259221
20.5 -0.0444846104599
21.0 -0.0455175602708
21.5 -0.0465146225784
22.0 -0.0474687821844
22.5 -0.0483635145348
23.0 -0.0491912948185
23.5 -0.0499735428643
24.0 -0.0507030619791
24.5 -0.0513545608892
25.0 -0.0519257444344
25.5 -0.0524299517792
26.0 -0.0528575853053
26.5 -0.0532210284525
27.0 -0.0535287563564
27.5 -0.0537364316414
28.0 -0.0538949214797
28.5 -0.05400290981
29.0 -0.0540513908233
29.5 -0.0540129728829
30.0 -0.0539034077394
30.5 -0.0537393881444
31.0 -0.0535007651969
31.5 -0.0531906189586
32.0 -0.0528444460711
32.5 -0.0524260919778
33.0 -0.0519613250427
33.5 -0.0514627666944
34.0 -0.0509035419071
34.5 -0.0503173021692
35.0 -0.0496755717531
35.5 -0.04898919864
36.0 -0.0482765775501
36.5 -0.0475202495665
37.0 -0.0467219354186
37.5 -0.0459091556074
38.0 -0.0450810897343
38.5 -0.0442166087935
39.0 -0.0433347907069
39.5 -0.0424554054635
40.0 -0.0415671022796
40.5 -0.0406393136884
41.0 -0.039718159695
41.5 -0.0387970445514
42.0 -0.0378657749938
42.5 -0.0369269730446
43.0 -0.0359867293742
43.5 -0.0350525696408
44.0 -0.0341221953967
44.5 -0.0332048777887
45.0 -0.0322576788004
45.5 -0.0313573382255
46.0 -0.0304631895715
46.5 -0.029569535696
47.0 -0.028698729452
47.5 -0.0278183793487
48.0 -0.0269615538104
48.5 -0.0261170786999
49.0 -0.0252949227117
49.5 -0.0244697745089
50.0 -0.0236535996168
50.5 -0.0228879826714
51.0 -0.0221061256571
51.5 -0.0213656423971
52.0 -0.0206324259475
52.5 -0.0198896854392
53.0 -0.0191961943752
53.5 -0.018530018208
54.0 -0.0178724622853
54.5 -0.017221508834
55.0 -0.0165807813087
55.5 -0.0159546769371
56.0 -0.0153309287454
56.5 -0.0147426689475
57.0 -0.0141900342167
57.5 -0.0136450945061
58.0 -0.0131057993551
58.5 -0.0125893328974
59.0 -0.0120953898504
59.5 -0.0115909871501
60.0 -0.0110921471656
60.5 -0.0106477059265
61.0 -0.010170646365
61.5 -0.0097438313996
62.0 -0.00934955212032
62.5 -0.00894400767062
63.0 -0.0085695904368
63.5 -0.00816706101089
64.0 -0.00781126012816
64.5 -0.00745271983367
65.0 -0.00713279659039
65.5 -0.00678953769157
66.0 -0.00646297226028
66.5 -0.00615365375946
67.0 -0.00586471842202
67.5 -0.00555900810293
68.0 -0.00529595006356
68.5 -0.0050569675937
69.0 -0.00478500654927
69.5 -0.00455417386887
70.0 -0.00433151914568
70.5 -0.00405734140515
71.0 -0.00383452101089
71.5 -0.00364802389604
72.0 -0.00343031766683
72.5 -0.00323150195577
73.0 -0.0030715674209
73.5 -0.00288453310873
74.0 -0.00270878812615
74.5 -0.00254505559581
75.0 -0.00238972469772
75.5 -0.00222144304274
76.0 -0.0021058903021
76.5 -0.0020138002259
77.0 -0.00181745506092
77.5 -0.0016565055737
78.0 -0.00158612027377
78.5 -0.00148001428495
79.0 -0.00137151244562
79.5 -0.00129409033742
80.0 -0.00125608945174
80.5 -0.00108311601502
81.0 -0.000990300483549
81.5 -0.00091876096787
82.0 -0.000839947543422
82.5 -0.000757968162638
83.0 -0.000677547755622
83.5 -0.000641562339695
84.0 -0.000549369036975
84.5 -0.000519419119659
85.0 -0.000472563689279
85.5 -0.000399193176118
86.0 -0.000380952722413
86.5 -0.000382151739938
87.0 -0.00030625673033
87.5 -0.000255170622808
88.0 -0.000301549951992
88.5 -0.000260792037889
89.0 -0.000179812108911
89.5 -0.000121211206189
90.0 -0.000144649826876
90.5 -0.000163664205989
91.0 -0.000179526800256
91.5 -0.000215700721856
92.0 -0.000236534541553
92.5 -0.00019287469506
93.0 -0.000196485959719
93.5 -0.000229042105637
94.0 -9.05919407224e-05
94.5 -0.000101028138907
95.0 -0.000229966955121
95.5 -0.000301808723499
96.0 -0.000332380672088
96.5 -0.00037693091862
97.0 -0.000410781520802
97.5 -0.000435368222075
98.0 -0.000385247792824
98.5 -0.000312553905143
99.0 -0.000407861351935
99.5 -0.000541524904445
100.0 -0.00053501972814
100.5 -0.000678565164861
101.0 -0.000685248017149
101.5 -0.000841810032142
102.0 -0.000830054833607
102.5 -0.000837043295959
103.0 -0.000944826266519
103.5 -0.00113436486273
104.0 -0.00118603191634
104.5 -0.00135458291172
105.0 -0.00145831515667
105.5 -0.00147011641598
106.0 -0.00132832144573
106.5 -0.00164625740487
107.0 -0.00177385361583
107.5 -0.00187542312872
108.0 -0.00212532416014
108.5 -0.00244796113265
109.0 -0.00259092699057
109.5 -0.00216610817643
110.0 -0.00250053104998
110.5 -0.00277348210982
111.0 -0.00301783539098
111.5 -0.00322086212125
112.0 -0.00338564149901
112.5 -0.00370379614419
113.0 -0.00405373475411
113.5 -0.00444792445755
114.0 -0.00427137211501
114.5 -0.00458805945946
115.0 -0.00433945542183
115.5 -0.0035550400715
116.0 -0.00421420240636
116.5 -0.00413854330692
117.0 -0.00415554363785
117.5 -0.00579951259016
118.0 -0.0038684067199
118.5 -0.00250429041319
119.0 2.59752067109e-05
119.5 0.00651442824912
120.0 0.00731454490709
120.5 0.00797091573781
121.0 0.00567043078156
121.5 -0.0021725162141
122.0 -0.00480807956512
122.5 -0.00874491495945
123.0 -0.00735234493172
123.5 -0.00678011759587
124.0 -0.0063045297204
124.5 -0.00603178992461
125.0 -0.00607197099269
125.5 -0.00581075667846
126.0 -0.00569571675969
126.5 -0.00549758391567
127.0 -0.00585935011017
127.5 -0.00572673660076
128.0 -0.00519263514892
128.5 -0.00501714562922
129.0 -0.0045658894853
129.5 -0.00405873444638
130.0 -0.0037618006431
130.5 -0.00360064460367
131.0 -0.00353940123625
131.5 -0.00318848144767
132.0 -0.00306580936705
132.5 -0.00291134964003
133.0 -0.00262865448411
133.5 -0.00255098941413
134.0 -0.00240826265944
134.5 -0.00226299105817
135.0 -0.00219461116864
135.5 -0.00192960240181
136.0 -0.00157453296469
136.5 -0.00180984220673
137.0 -0.00167437165099
137.5 -0.00158379278919
138.0 -0.0013986086034
138.5 -0.00131470384033
139.0 -0.0011339992803
139.5 -0.000896308248581
140.0 -0.00110726878266
140.5 -0.000966326450111
141.0 -0.000789760746194
141.5 -0.000589938626099
142.0 -0.000604421977169
142.5 -0.00067419260121
143.0 -0.000559459494585
143.5 -0.000462941673263
144.0 -0.000352091419602
144.5 -0.000193866089571
145.0 -0.000125262048035
145.5 -2.20006216809e-05
146.0 7.69999994645e-05
146.5 0.00023384934481
147.0 0.000156563008944
147.5 0.00013343247048
148.0 0.000216179210935
148.5 0.000319101575596
149.0 0.000379109761086
149.5 0.000501772776983
150.0 0.000610922943517
150.5 0.000721086804959
151.0 0.000907081155241
151.5 0.000822333233747
152.0 0.000767057295188
152.5 0.000809290558895
153.0 0.00101633270894
153.5 0.00113847945514
154.0 0.0010759285253
154.5 0.00111962662055
155.0 0.00112138838682
155.5 0.00107262352936
156.0 0.00122828502096
156.5 0.00141424712888
157.0 0.00165904656303
157.5 0.00169071374259
158.0 0.00164304471337
158.5 0.00173263822125
159.0 0.00176408843345
159.5 0.00176584102927
160.0 0.00181439971016
160.5 0.00166572341639
161.0 0.00189491966348
161.5 0.00206118787688
162.0 0.00219547901588
162.5 0.00235068867262
163.0 0.00246675798487
163.5 0.00254085964196
164.0 0.00261066776627
164.5 0.0027030293239
165.0 0.00285909808839
165.5 0.00294714277799
166.0 0.00296421879889
166.5 0.00328193965684
167.0 0.00332572106937
167.5 0.00357473105872
168.0 0.00377049489497
168.5 0.00382966576491
169.0 0.00372219014577
169.5 0.00354752348714
170.0 0.00395787487603
170.5 0.00411691204619
171.0 0.00428249853445
171.5 0.00457864502708
172.0 0.00469542637478
172.5 0.00505855815439
173.0 0.00546184230805
173.5 0.00577180430537
174.0 0.00559616337573
174.5 0.0048720828908
175.0 0.00521948600077
175.5 0.00507406506992
176.0 0.00564324104533
176.5 0.00530245156403
177.0 0.00630410910787
177.5 0.00809128301688
178.0 0.00708912464469
178.5 0.0061543008899
179.0 0.00373817996562
179.5 0.000571993945925
180.0 -0.00156604908015
180.5 -0.00626191035316
181.0 -0.00709242560218
181.5 -0.00301810267015
182.0 -0.000611489248442
182.5 0.000347945450926
183.0 0.000857872055434
183.5 0.00119129731007
184.0 0.00122564112786
184.5 0.00125226773777
185.0 0.00128971556204
185.5 0.0011697839338
186.0 0.00129121089402
186.5 0.00121690301233
187.0 0.00106657647294
187.5 0.000866485790212
188.0 0.000865967962952
188.5 0.000758565636502
189.0 0.000514949478372
189.5 0.000165708629638
190.0 -0.000137373408037
190.5 -0.00040833835277
191.0 -0.000612227626348
191.5 -0.000942838802914
192.0 -0.00128626432553
192.5 -0.00151847062196
193.0 -0.00201608745165
193.5 -0.00254568905696
194.0 -0.00311987004427
194.5 -0.00376152485175
195.0 -0.00454840252515
195.5 -0.00592898002418
196.0 -0.00689293684647
196.5 -0.00756692718672
197.0 -0.00988698447813
197.5 -0.0112717047137
198.0 -0.0140650152187
198.5 -0.0191283015451
199.0 -0.0297475061977
199.5 -0.0450429380111
