0.0 0.00526131687985
0.5 0.036141766488
1.0 0.0488098660521
1.5 0.0401428408633
2.0 0.0346414664735
2.5 0.0301047907108
3.0 0.0270437667175
3.5 0.0243174023607
4.0 0.0215874577322
4.5 0.0195653093085
5.0 0.0175293323861
5.5 0.0157486299378
6.0 0.0138252501545
6.5 0.0121097451484
7.0 0.0105756975337
7.5 0.00896673482151
8.0 0.00744884399598
8.5 0.00594449477623
9.0 0.00446895285582
9.5 0.00298828558498
10.0 0.00151188527837
10.5 7.70265768182e-05
11.0 -0.00136265990374
11.5 -0.00284689897759
12.0 -0.00430709762007
12.5 -0.00574762505367
13.0 -0.00720713422092
13.5 -0.00866492504952
14.0 -0.0101284552
14.5 -0.0115942295046
15.0 -0.0130689462667
15.5 -0.0145587582497
16.0 -0.0160087022762
16.5 -0.0174701288396
17.0 -0.0189500527549
17.5 -0.0204504180395
18.0 -0.021916051261
18.5 -0.0234017840929
19.0 -0.0248622796353
19.5 -0.0263257980035
20.0 -0.027779960295
20.5 -0.0292206695968
21.0 -0.0306274437084
21.5 -0.0320326768652
22.0 -0.0334272680439
22.5 -0.0347673451922
23.0 -0.0361330977218
23.5 -0.0374379944526
24.0 -0.0387127199414
24.5 -0.039968807478
25.0 -0.0411626549987
25.5 -0.0423284368945
26.0 -0.0434428732139
26.5 -0.0445021591825
27.0 -0.0455132759326
27.5 -0.0464820032683
28.0 -0.0473747930373
28.5 -0.048234617214
29.0 -0.0490365479655
29.5 -0.0497778630067
30.0 -0.0504314562852
30.5 -0.0510313574327
31.0 -0.0515558835406
31.5 -0.0519981022574
32.0 -0.0523886661501
32.5 -0.0527073374277
33.0 -0.0529645063954
33.5 -0.0531331237086
34.0 -0.0532664733094
34.5 -0.0533104179665
35.0 -0.0532739252451
35.5 -0.0531752551283
36.0 -0.0530314175678
36.5 -0.0528131540368
37.0 -0.0525235434608
37.5 -0.0521937355668
38.0 -0.0518152801163
38.5 -0.0513608239789
39.0 -0.0508746001213
39.5 -0.0503622255264
40.0 -0.0497661623574
40.5 -0.0491545709943
41.0 -0.0485087994345
41.5 -0.0478343239114
42.0 -0.0471117687492
42.5 -0.046357695612
43.0 -0.045588203153
43.5 -0.0447969744203
44.0 -0.0439969502144
44.5 -0.0431562071492
45.0 -0.0423280881148
45.5 -0.0414765189857
46.0 -0.0406067053043
46.5 -0.0397533005206
47.0 -0.038880977846
47.5 -0.0379942362118
48.0 -0.0371403307458
48.5 -0.0362712025751
49.0 -0.035401535256
49.5 -0.0345578298085
50.0 -0.0336682273314
50.5 -0.0328176948393
51.0 -0.0319788803527
51.5 -0.0311663221888
52.0 -0.0303501241987
52.5 -0.0295261501834
53.0 -0.0287498290942
53.5 -0.0279674907584
54.0 -0.0271880915563
54.5 -0.0264398689375
55.0 -0.0256524440597
55.5 -0.0249173359716
56.0 -0.0242221229036
56.5 -0.0235050995436
57.0 -0.0228264097453
57.5 -0.0221511296745
58.0 -0.0215097576268
58.5 -0.0208583261218
59.0 -0.0202271574376
59.5 -0.019637012517
60.0 -0.019023401445
60.5 -0.0184400145301
61.0 -0.0178880661072
61.5 -0.0173128453492
62.0 -0.0167842418456
62.5 -0.0162769385129
63.0 -0.0157598268608
63.5 -0.0152795932586
64.0 -0.0148014803359
64.5 -0.0143587951727
65.0 -0.0139136074497
65.5 -0.0134183975917
66.0 -0.0129885104631
66.5 -0.0125766042199
67.0 -0.012207917149
67.5 -0.0117988580874
68.0 -0.0114027634209
68.5 -0.0110634399133
69.0 -0.0107504548248
69.5 -0.0104369009385
70.0 -0.0100882767402
70.5 -0.00973561997369
71.0 -0.00945791009514
71.5 -0.0091333737896
72.0 -0.00879409688344
72.5 -0.00852953097367
73.0 -0.00830682971712
73.5 -0.00804157314512
74.0 -0.00782586364427
74.5 -0.00760049427372
75.0 -0.00736490405169
75.5 -0.00711726125104
76.0 -0.00691828478141
76.5 -0.00664058337573
77.0 -0.00639456772952
77.5 -0.00620917894283
78.0 -0.00609899263088
78.5 -0.00589496049256
79.0 -0.00573819674023
79.5 -0.00556178514472
80.0 -0.0054791809795
80.5 -0.00524731214509
81.0 -0.0050864502953
81.5 -0.0049942117338
82.0 -0.00483581779921
82.5 -0.00465184376246
83.0 -0.0045673503774
83.5 -0.00444753413977
84.0 -0.00426835364465
84.5 -0.00421050804103
85.0 -0.00408795088013
85.5 -0.00405510483024
86.0 -0.00400772610495
86.5 -0.00386464898392
87.0 -0.00375020208876
87.5 -0.00362275485562
88.0 -0.00361363384107
88.5 -0.00357139462974
89.0 -0.00346530569623
89.5 -0.00342955269059
90.0 -0.00341459147301
90.5 -0.00330454260703
91.0 -0.00324010492891
91.5 -0.00325468330375
92.0 -0.00322379300326
92.5 -0.00315037573903
93.0 -0.00317096297687
93.5 -0.00321480773633
94.0 -0.0030131231503
94.5 -0.00295549149981
95.0 -0.00297341353047
95.5 -0.00299521391268
96.0 -0.00294322269548
96.5 -0.00291954563871
97.0 -0.00294773150073
97.5 -0.00299242959698
98.0 -0.0030123789266
98.5 -0.00305731366233
99.0 -0.00317086310697
99.5 -0.00305155609935
100.0 -0.00284617479568
100.5 -0.0030377323566
101.0 -0.00305819667643
101.5 -0.0031258722271
102.0 -0.0032230589084
102.5 -0.00331752407936
103.0 -0.00323962552056
103.5 -0.0032370102474
104.0 -0.00341449328698
104.5 -0.00333282612437
105.0 -0.00353035935995
105.5 -0.00357209127516
106.0 -0.00365865900324
106.5 -0.00400916033524
107.0 -0.00413122054042
107.5 -0.00410831273614
108.0 -0.00407376477577
108.5 -0.00412623973706
109.0 -0.00430135162629
109.5 -0.00440790687279
110.0 -0.00443983029491
110.5 -0.00490887505726
111.0 -0.00497958289211
111.5 -0.0054817234405
112.0 -0.00566411353679
112.5 -0.00575904374283
113.0 -0.00571517610295
113.5 -0.00588481033651
114.0 -0.00580884849185
114.5 -0.00615437138441
115.0 -0.00589076939438
115.5 -0.00577635989031
116.0 -0.0059680488709
116.5 -0.00607266612164
117.0 -0.00666983273133
117.5 -0.00773616629763
118.0 -0.00784033732771
118.5 -0.00617625283159
119.0 -0.00363867031538
119.5 0.0052094834662
120.0 0.00686847388607
120.5 0.00339237778324
121.0 -0.000893972401002
121.5 -0.00534237582723
122.0 -0.00800337645619
122.5 -0.00802866915188
123.0 -0.00789363289533
123.5 -0.00709333444199
124.0 -0.00676770110141
124.5 -0.0075163597686
125.0 -0.0069562091299
125.5 -0.00633558919601
126.0 -0.00726654241207
126.5 -0.0071370219989
127.0 -0.00677529342035
127.5 -0.00639473821498
128.0 -0.00605454356968
128.5 -0.00586117172835
129.0 -0.00543593793468
129.5 -0.00562181966718
130.0 -0.00509497345276
130.5 -0.00478783826917
131.0 -0.00466106701824
131.5 -0.00430324127878
132.0 -0.00394624900871
132.5 -0.00400092763009
133.0 -0.00396433644826
133.5 -0.00376069333011
134.0 -0.0035764033134
134.5 -0.00341560487974
135.0 -0.00333737479672
135.5 -0.00312499972988
136.0 -0.00298490145877
136.5 -0.00282112832272
137.0 -0.00258525451357
137.5 -0.00251919396623
138.0 -0.00221404975797
138.5 -0.00215414461546
139.0 -0.0022621548661
139.5 -0.002083569478
140.0 -0.00197226198264
140.5 -0.00187952160055
141.0 -0.00171310708514
141.5 -0.00170341467804
142.0 -0.00159573297143
142.5 -0.00159786743492
143.0 -0.00144475833872
143.5 -0.00130324705639
144.0 -0.00126523084263
144.5 -0.00109236750928
145.0 -0.00102169879854
145.5 -0.000931917148999
146.0 -0.000819704227686
146.5 -0.000646900271424
147.0 -0.000711592483762
147.5 -0.000714697854693
148.0 -0.000669674367086
148.5 -0.000597604494675
149.0 -0.00051880480252
149.5 -0.000442148908732
150.0 -0.000296046536938
150.5 -0.000181565809357
151.0 -4.96465409777e-06
151.5 -0.000132504237487
152.0 -9.70280634833e-05
152.5 2.15372896228e-05
153.0 0.000199410684015
153.5 0.000244693385104
154.0 0.000168663031099
154.5 0.000287624562011
155.0 0.00044715564556
155.5 0.000659662567768
156.0 0.000624447118323
156.5 0.00056031086158
157.0 0.000483405332375
157.5 0.000561189994364
158.0 0.000666905693588
158.5 0.000810287209454
159.0 0.000886249999823
159.5 0.00095408633295
160.0 0.00111714871188
160.5 0.00120942899456
161.0 0.00134192609443
161.5 0.00134055053337
162.0 0.00124090971826
162.5 0.00138005483348
163.0 0.00160045540967
163.5 0.00175682763068
164.0 0.00186725883319
164.5 0.00200624464294
165.0 0.00219040404566
165.5 0.00187542726413
166.0 0.00201962878289
166.5 0.00227734299613
167.0 0.00234520573088
167.5 0.00266935846178
168.0 0.00292037549406
168.5 0.00305412365412
169.0 0.00318104850378
169.5 0.00340101993044
170.0 0.00353066514872
170.5 0.00359891243404
171.0 0.00321135536485
171.5 0.00352966479387
172.0 0.00384496590141
172.5 0.0042723976822
173.0 0.00456200219277
173.5 0.00490197968506
174.0 0.0047270622687
174.5 0.00403662173785
175.0 0.00439445745641
175.5 0.00405582650625
176.0 0.00456580809389
176.5 0.00553859680619
177.0 0.00559214097417
177.5 0.00740606317821
178.0 0.00467310639706
178.5 0.00486360703177
179.0 0.000377177514679
179.5 -0.00239326420851
180.0 -0.00359226167812
180.5 -0.00678286615197
181.0 -0.00494545164783
181.5 -0.000345228603123
182.0 -0.000590635151795
182.5 0.000612473662741
183.0 0.000351361915747
183.5 0.000333509747648
184.0 3.26404965136e-05
184.5 0.000134687239438
185.0 0.000925993272602
185.5 0.000558943321579
186.0 0.000598056849867
186.5 0.000464267541759
187.0 0.000382370548607
187.5 0.0001364103165
188.0 -0.000154412510653
188.5 -0.000393415934596
189.0 -0.000546197223329
189.5 -0.000754426470223
190.0 -0.00113825998511
190.5 -0.00160609027688
191.0 -0.00182104827614
191.5 -0.00218482354545
192.0 -0.00271992372227
192.5 -0.0030900502496
193.0 -0.00368238671666
193.5 -0.00429708283156
194.0 -0.00497427754293
194.5 -0.00571129468229
195.0 -0.0066216359952
195.5 -0.008835191383
196.0 -0.0102200261636
196.5 -0.0121141300641
197.0 -0.0145569119447
197.5 -0.0167862555862
198.0 -0.0222047922315
198.5 -0.0298631105624
199.0 -0.0453173203802
199.5 -0.0705104158341
