0.0 0.00360438498071
0.5 0.0194525943181
1.0 0.0287883707889
1.5 0.0229335162309
2.0 0.0187278049361
2.5 0.0153736777801
3.0 0.0127854327617
3.5 0.0103607004982
4.0 0.00818552177917
4.5 0.00581929546834
5.0 0.00388139007482
5.5 0.0022034514481
6.0 0.000436330229036
6.5 -0.00128673823945
7.0 -0.00283922844364
7.5 -0.00452214938737
8.0 -0.00613943451026
8.5 -0.00761449623231
9.0 -0.00912746820088
9.5 -0.0106571709598
10.0 -0.0121822636761
10.5 -0.0136812689743
11.0 -0.0151892667354
11.5 -0.016706211134
12.0 -0.0182240605415
12.5 -0.0196866930185
13.0 -0.0211645258932
13.5 -0.0226514956149
14.0 -0.0241228921515
14.5 -0.0256178919679
15.0 -0.0270564830594
15.5 -0.0285142946834
16.0 -0.029935721775
16.5 -0.0313377817407
17.0 -0.032750271338
17.5 -0.0341539696147
18.0 -0.0355182707917
18.5 -0.0368467094643
19.0 -0.0381514108272
19.5 -0.0394468843816
20.0 -0.0406795145727
20.5 -0.0418838901858
21.0 -0.0430476496633
21.5 -0.0441537110451
22.0 -0.0452307606634
22.5 -0.046245217959
23.0 -0.0472214386562
23.5 -0.048142556991
24.0 -0.0490080001722
24.5 -0.0498367578412
25.0 -0.0505581225584
25.5 -0.0512212769862
26.0 -0.0518268317021
26.5 -0.0523596523626
27.0 -0.0528341340535
27.5 -0.0532128818361
28.0 -0.0535394933653
28.5 -0.0538256537468
29.0 -0.0540121307294
29.5 -0.0541619455974
30.0 -0.0541982264901
30.5 -0.0541740814613
31.0 -0.0540979197279
31.5 -0.0539485608022
32.0 -0.0537358328116
32.5 -0.0534538838857
33.0 -0.0531179733963
33.5 -0.0527392117162
34.0 -0.0523082498816
34.5 -0.0518401698476
35.0 -0.0513190509035
35.5 -0.0507267850009
36.0 -0.050101592397
36.5 -0.049440070275
37.0 -0.0487331100913
37.5 -0.048003306185
38.0 -0.0472477070358
38.5 -0.0464447248431
39.0 -0.0456360086228
39.5 -0.0448226849669
40.0 -0.0439562309859
40.5 -0.043100121705
41.0 -0.0422085490787
41.5 -0.0413151624512
42.0 -0.0404036508108
42.5 -0.0394930957729
43.0 -0.0385876178169
43.5 -0.0376583239806
44.0 -0.0367496677279
44.5 -0.0358487678766
45.0 -0.0349089618477
45.5 -0.0340049353741
46.0 -0.0330924158597
46.5 -0.0321999238227
47.0 -0.0313164454075
47.5 -0.0304273720175
48.0 -0.0295689067421
48.5 -0.0287083304283
49.0 -0.0278625527307
49.5 -0.0270327053435
50.0 -0.0261867808107
50.5 -0.02538174581
51.0 -0.0246027532461
51.5 -0.0238136390243
52.0 -0.0230640499438
52.5 -0.0223160635011
53.0 -0.0216006312618
53.5 -0.0208865089424
54.0 -0.0201913758597
54.5 -0.0195218637886
55.0 -0.0188248719512
55.5 -0.0181673440295
56.0 -0.0175563919384
56.5 -0.016930224246
57.0 -0.0163314775014
57.5 -0.0157431598738
58.0 -0.0152008632878
58.5 -0.0146603129775
59.0 -0.0141145545357
59.5 -0.0135961987932
60.0 -0.0130834616834
60.5 -0.0126078325736
61.0 -0.0121209778078
61.5 -0.0116565242504
62.0 -0.011177524665
62.5 -0.0107534294011
63.0 -0.0103575682162
63.5 -0.00997098711157
64.0 -0.00957836906416
64.5 -0.00915992329755
65.0 -0.00880195535988
65.5 -0.00842743982976
66.0 -0.00808882984435
66.5 -0.007757569918
67.0 -0.00742116860857
67.5 -0.00714941888033
68.0 -0.00683837831885
68.5 -0.00654153818481
69.0 -0.00629508235347
69.5 -0.0060065071647
70.0 -0.00576398059293
70.5 -0.00546843678226
71.0 -0.00523996609805
71.5 -0.00501387353466
72.0 -0.00477664026512
72.5 -0.00454591183995
73.0 -0.00435196581533
73.5 -0.0041900897139
74.0 -0.00401163548262
74.5 -0.00384923596414
75.0 -0.00357342222571
75.5 -0.00346004599952
76.0 -0.00332206544028
76.5 -0.00312595439481
77.0 -0.00298130891974
77.5 -0.00286451671805
78.0 -0.00274004522287
78.5 -0.00257881315109
79.0 -0.00250105621057
79.5 -0.00238597426986
80.0 -0.00232455495979
80.5 -0.00215365826413
81.0 -0.00202741224888
81.5 -0.00197229983905
82.0 -0.0018606899482
82.5 -0.00175279082011
83.0 -0.00170532842792
83.5 -0.00161419201943
84.0 -0.00158132177088
84.5 -0.00145603736482
85.0 -0.0014047715603
85.5 -0.0013265692298
86.0 -0.00128159438795
86.5 -0.00128552577525
87.0 -0.00128220249463
87.5 -0.00116214366721
88.0 -0.00108418375691
88.5 -0.00104665347004
89.0 -0.00108753895019
89.5 -0.00104417975299
90.0 -0.00109134310305
90.5 -0.00110454817402
91.0 -0.00114524812357
91.5 -0.001043947967
92.0 -0.00100575454715
92.5 -0.000934131127149
93.0 -0.000927852456066
93.5 -0.00102805885133
94.0 -0.000990574496196
94.5 -0.00106306442161
95.0 -0.00104273053722
95.5 -0.00095984713144
96.0 -0.00100137981188
96.5 -0.00101571565433
97.0 -0.000991716035628
97.5 -0.000991199639177
98.0 -0.00106064899364
98.5 -0.00115527934049
99.0 -0.00121460050143
99.5 -0.00133259603971
100.0 -0.00137303181515
100.5 -0.00141618615513
101.0 -0.0013882649122
101.5 -0.0014935609498
102.0 -0.00150506737271
102.5 -0.00155829697532
103.0 -0.00162759243552
103.5 -0.0016926586309
104.0 -0.00164572142266
104.5 -0.00168494609229
105.0 -0.00185154538355
105.5 -0.00207718520142
106.0 -0.00213664239648
106.5 -0.00251134676506
107.0 -0.00250498858715
107.5 -0.00257566655999
108.0 -0.00271725371626
108.5 -0.00281471889551
109.0 -0.00299696819894
109.5 -0.00292088242713
110.0 -0.00290200176708
110.5 -0.00312268714865
111.0 -0.00333755692672
111.5 -0.00392404336684
112.0 -0.00404119571131
112.5 -0.00424848335287
113.0 -0.00434564656464
113.5 -0.00433223513436
114.0 -0.003889076156
114.5 -0.00403639990191
115.0 -0.00436899122364
115.5 -0.00409544328905
116.0 -0.00442660733819
116.5 -0.00425452159062
117.0 -0.00436995602601
117.5 -0.00492363750898
118.0 -0.00337639525371
118.5 -0.000485008702995
119.0 0.0029443894486
119.5 0.00743450565298
120.0 0.0035185009944
120.5 -0.00117660788956
121.0 -0.00591659068017
121.5 -0.00947792602733
122.0 -0.0117267973047
122.5 -0.0109280849854
123.0 -0.010294415183
123.5 -0.00919994232436
124.0 -0.00816929254479
124.5 -0.00730909026201
125.0 -0.00679092778304
125.5 -0.00610690946728
126.0 -0.00551379372645
126.5 -0.00618209684326
127.0 -0.0059586745484
127.5 -0.00533939544233
128.0 -0.00495758165691
128.5 -0.00474387186863
129.0 -0.00420354783822
129.5 -0.00370389682352
130.0 -0.00425892745942
130.5 -0.00387920399393
131.0 -0.00375963271626
131.5 -0.00347706328363
132.0 -0.00338535948709
132.5 -0.00322656804639
133.0 -0.00289746639368
133.5 -0.00274937423355
134.0 -0.00262846295728
134.5 -0.00251503698768
135.0 -0.00234015431756
135.5 -0.00193513568525
136.0 -0.00227617259424
136.5 -0.00217477557374
137.0 -0.00186430707915
137.5 -0.00168496206415
138.0 -0.00159182981416
138.5 -0.00172040042779
139.0 -0.00159986801827
139.5 -0.00141266866932
140.0 -0.00116169974577
140.5 -0.00143133557076
141.0 -0.00123117720427
141.5 -0.00113607790898
142.0 -0.000956383125231
142.5 -0.000895217334179
143.0 -0.000739116810669
143.5 -0.00057342318496
144.0 -0.00054129748464
144.5 -0.000610105398028
145.0 -0.00054132738468
145.5 -0.000488398572498
146.0 -0.000442380778952
146.5 -0.000426589189174
147.0 -0.000412854978785
147.5 -0.000357615243472
148.0 -0.000195480190622
148.5 -1.34140463665e-05
149.0 3.70581654317e-05
149.5 0.000134636515814
150.0 0.000272505607016
150.5 5.96973418308e-05
151.0 0.000123911752277
151.5 0.000244916535576
152.0 0.000338932558127
152.5 0.000406324501828
153.0 0.000542732362797
153.5 0.000568182804805
154.0 0.000481025234503
154.5 0.000607849317083
155.0 0.000781948613897
155.5 0.000643090363045
156.0 0.000779575657919
156.5 0.00100098672242
157.0 0.00101942186656
157.5 0.000894519605314
158.0 0.00091463518611
158.5 0.00116151375375
159.0 0.00129609575952
159.5 0.00130617952361
160.0 0.00118013781485
160.5 0.00135615819334
161.0 0.0015555647341
161.5 0.00170685412998
162.0 0.0016641688777
162.5 0.0017244351511
163.0 0.00165297509484
163.5 0.00165633387253
164.0 0.00187884323718
164.5 0.00193912480061
165.0 0.00182270263663
165.5 0.0021108729833
166.0 0.00212288709032
166.5 0.00228785884946
167.0 0.0020368833646
167.5 0.00221730499612
168.0 0.00262702093334
168.5 0.00291639457736
169.0 0.00296605420358
169.5 0.00295210576994
170.0 0.0026426682218
170.5 0.00291363984662
171.0 0.00306978972795
171.5 0.0033777657669
172.0 0.00362413093312
172.5 0.00409583740384
173.0 0.00390946933842
173.5 0.00385599473712
174.0 0.00434175403969
174.5 0.00449061214687
175.0 0.00465275957583
175.5 0.00428987640979
176.0 0.00449390436626
176.5 0.00476252937958
177.0 0.0047615748847
177.5 0.0054830942489
178.0 0.00465696209277
178.5 0.00335214038114
179.0 -4.3390667102e-05
179.5 -0.00244635344687
180.0 -0.0028686128356
180.5 -0.00418655202179
181.0 -0.0014421245283
181.5 -2.48205871429e-05
182.0 0.000660508755544
182.5 0.00109527722923
183.0 0.00218134092493
183.5 0.00255675071911
184.0 0.00204080037645
184.5 0.00196277325909
185.0 0.00191718062696
185.5 0.00146443028149
186.0 0.00215233271742
186.5 0.00183989882149
187.0 0.00160309029476
187.5 0.00137631112078
188.0 0.00108404644138
188.5 0.000732131897792
189.0 0.000359574847209
189.5 4.95126800644e-05
190.0 -5.71283584208e-05
190.5 -0.000639723600244
191.0 -0.000999362498732
191.5 -0.00140451420317
192.0 -0.00178700915542
192.5 -0.00212546970018
193.0 -0.00285214897711
193.5 -0.00335450070027
194.0 -0.00423945256277
194.5 -0.00518272482415
195.0 -0.00609588062468
195.5 -0.00767291762835
196.0 -0.00895569401297
196.5 -0.0102711776775
197.0 -0.0133785170628
197.5 -0.016020462342
198.0 -0.0215376761297
198.5 -0.0279765023957
199.0 -0.0441468284799
199.5 -0.0667365354415
