0.0 0.00323305424957
0.5 0.02966785091
1.0 0.0406809891077
1.5 0.0327823139264
2.0 0.0281348812895
2.5 0.0238633375273
3.0 0.0208182435314
3.5 0.0178711853814
4.0 0.0156802415666
4.5 0.0135384212082
5.0 0.0114020027209
5.5 0.00963123267376
6.0 0.00784712414997
6.5 0.00601282868665
7.0 0.00436307447969
7.5 0.00278214978424
8.0 0.00124572340458
8.5 -0.000294670746248
9.0 -0.00178898355722
9.5 -0.0033009488447
10.0 -0.00482762039611
10.5 -0.00629595079833
11.0 -0.00777209925913
11.5 -0.0092902823798
12.0 -0.0107843856072
12.5 -0.012259041265
13.0 -0.0137454136455
13.5 -0.0152266872951
14.0 -0.0167105259638
14.5 -0.0181748871584
15.0 -0.0196781834162
15.5 -0.0211623676353
16.0 -0.0226063691352
16.5 -0.0240656828321
17.0 -0.025530748686
17.5 -0.0270083054955
18.0 -0.028451707836
18.5 -0.0298971406707
19.0 -0.0313097665345
19.5 -0.0327215800012
20.0 -0.0341070135113
20.5 -0.0354646396184
21.0 -0.0367785240628
21.5 -0.0380830937401
22.0 -0.0393614343152
22.5 -0.0405820133281
23.0 -0.0417732208548
23.5 -0.0429362079117
24.0 -0.044056345879
24.5 -0.0451433280005
25.0 -0.0461446301277
25.5 -0.0471006522628
26.0 -0.0480119459676
26.5 -0.0488457684359
27.0 -0.0496111681059
27.5 -0.0503209786997
28.0 -0.0509763637103
28.5 -0.0515911238498
29.0 -0.0521050490144
29.5 -0.0525813831803
30.0 -0.0529414020976
30.5 -0.0532359292242
31.0 -0.0534798129265
31.5 -0.0536432620837
32.0 -0.0537306888869
32.5 -0.0537557810432
33.0 -0.0537183192574
33.5 -0.0536164181748
34.0 -0.05345548149
34.5 -0.0532512147737
35.0 -0.0529724841581
35.5 -0.052637134724
36.0 -0.0522276569172
36.5 -0.0517637133307
37.0 -0.0512722720718
37.5 -0.0507369938979
38.0 -0.0501470849139
38.5 -0.0495403015657
39.0 -0.0488721882716
39.5 -0.0481805825064
40.0 -0.047465341687
40.5 -0.0466961732127
41.0 -0.045921399097
41.5 -0.0451374759797
42.0 -0.0442987360132
42.5 -0.0434401384583
43.0 -0.0425940772105
43.5 -0.0417314967963
44.0 -0.0408650446064
44.5 -0.0399805076411
45.0 -0.0390795795022
45.5 -0.038198247095
46.0 -0.0373041823018
46.5 -0.0364318902843
47.0 -0.0355444165236
47.5 -0.0346457049624
48.0 -0.0337798438368
48.5 -0.0329139702861
49.0 -0.0320638180001
49.5 -0.0312018273669
50.0 -0.0303378902774
50.5 -0.0295086312904
51.0 -0.0286897931048
51.5 -0.0278814433154
52.0 -0.0270925714713
52.5 -0.02629601628
53.0 -0.0255365131802
53.5 -0.0247916112831
54.0 -0.0240562112408
54.5 -0.0233187334345
55.0 -0.0226004718316
55.5 -0.0219054520928
56.0 -0.0212263408519
56.5 -0.0205551484239
57.0 -0.019919393959
57.5 -0.0192832942849
58.0 -0.0186734375728
58.5 -0.0180708864873
59.0 -0.0174732637763
59.5 -0.0169146346847
60.0 -0.0163565777992
60.5 -0.0157970642418
61.0 -0.015247000733
61.5 -0.0147359712966
62.0 -0.0142681779393
62.5 -0.0137798953992
63.0 -0.0133384444331
63.5 -0.0128916134354
64.0 -0.0124153328516
64.5 -0.0120039102802
65.0 -0.0115743199627
65.5 -0.0112007101823
66.0 -0.0107807899675
66.5 -0.0104033973143
67.0 -0.0100569551147
67.5 -0.00969342643747
68.0 -0.00933045608844
68.5 -0.00902863881314
69.0 -0.00874435546023
69.5 -0.00842030852372
70.0 -0.00814519567416
70.5 -0.00783473180019
71.0 -0.00756404258526
71.5 -0.00729093790495
72.0 -0.00701589331307
72.5 -0.00674205886784
73.0 -0.00653714369171
73.5 -0.00632015507525
74.0 -0.00608861735703
74.5 -0.00589396295537
75.0 -0.00564497352686
75.5 -0.00549733447294
76.0 -0.00525822756301
76.5 -0.00504973217576
77.0 -0.00486341593087
77.5 -0.00470208031965
78.0 -0.0045314167194
78.5 -0.00436601169594
79.0 -0.0042247116318
79.5 -0.00409901010118
80.0 -0.00399877162744
80.5 -0.00387384424567
81.0 -0.00369660210269
81.5 -0.00359795170609
82.0 -0.00347604188585
82.5 -0.00333603902757
83.0 -0.00321601351081
83.5 -0.00313010402028
84.0 -0.00303370209897
84.5 -0.00299635216411
85.0 -0.00284435102167
85.5 -0.00285178758975
86.0 -0.00275559101346
86.5 -0.00266858417523
87.0 -0.00253624785079
87.5 -0.00247550709891
88.0 -0.0025265584018
88.5 -0.00244771247793
89.0 -0.0023007836543
89.5 -0.00233346593828
90.0 -0.00223639930694
90.5 -0.00219265885454
91.0 -0.00218084432843
91.5 -0.00220555486194
92.0 -0.00220725031653
92.5 -0.00214810867491
93.0 -0.00208458263337
93.5 -0.00205131711825
94.0 -0.00204264340952
94.5 -0.0019250030314
95.0 -0.0020476849815
95.5 -0.00201725353366
96.0 -0.00206839636711
96.5 -0.0020931200078
97.0 -0.00213697175471
97.5 -0.00213386204591
98.0 -0.00211736712079
98.5 -0.00218827264289
99.0 -0.00228488541285
99.5 -0.00234981748419
100.0 -0.00228459655274
100.5 -0.00231736729985
101.0 -0.00228103305992
101.5 -0.00238695779385
102.0 -0.00248246574776
102.5 -0.00249919136495
103.0 -0.00243655908142
103.5 -0.00253388135343
104.0 -0.00269995696249
104.5 -0.00267846316107
105.0 -0.00250360087222
105.5 -0.00289567312104
106.0 -0.00298125953031
106.5 -0.00319753904738
107.0 -0.00327801776209
107.5 -0.00345264627199
108.0 -0.00361618738028
108.5 -0.00370893352682
109.0 -0.00392830526767
109.5 -0.00369237370933
110.0 -0.00401235726495
110.5 -0.00421426505153
111.0 -0.00433916457933
111.5 -0.00468220387965
112.0 -0.00475985598939
112.5 -0.00491272385774
113.0 -0.00513365415524
113.5 -0.00547212257007
114.0 -0.00544513404621
114.5 -0.0056854181905
115.0 -0.00582738615917
115.5 -0.00574793704415
116.0 -0.00597546812736
116.5 -0.00621875297254
117.0 -0.00626836613768
117.5 -0.0079607432987
118.0 -0.0060316909985
118.5 -0.00509713711789
119.0 -0.00292840238846
119.5 0.00470173506299
120.0 0.00603592815581
120.5 0.00538845615836
121.0 0.00226425982845
121.5 -0.00285089359367
122.0 -0.00620237887566
122.5 -0.00756371110681
123.0 -0.00705193718315
123.5 -0.00703841566063
124.0 -0.00724202038168
124.5 -0.00717271370566
125.0 -0.00720934146936
125.5 -0.00697089977066
126.0 -0.00687062294746
126.5 -0.00689206661039
127.0 -0.00660235395571
127.5 -0.00627114392057
128.0 -0.00600873970915
128.5 -0.00595452595662
129.0 -0.00550181659788
129.5 -0.00504821681425
130.0 -0.00480900854713
130.5 -0.00464388532293
131.0 -0.00456714092437
131.5 -0.00422434776111
132.0 -0.00404110062138
132.5 -0.0038062190602
133.0 -0.00355135182073
133.5 -0.00329739249291
134.0 -0.00304629989958
134.5 -0.00281299125685
135.0 -0.00314479453455
135.5 -0.00278646186428
136.0 -0.0026549286569
136.5 -0.00255784724937
137.0 -0.00230057519856
137.5 -0.00213085463159
138.0 -0.00209892634371
138.5 -0.00220577035529
139.0 -0.00199227717956
139.5 -0.00177448637103
140.0 -0.00162061511904
140.5 -0.00136402979491
141.0 -0.00148828621863
141.5 -0.00148366298594
142.0 -0.00130086214631
142.5 -0.00110117400357
143.0 -0.00103006365641
143.5 -0.00112550507681
144.0 -0.0010707360791
144.5 -0.000925606922888
145.0 -0.000799318523426
145.5 -0.000682007396064
146.0 -0.000574107635613
146.5 -0.000397912300212
147.0 -0.000455244030812
147.5 -0.000455070631606
148.0 -0.000325126542776
148.5 -0.000186567440515
149.0 -0.000156394790838
149.5 -0.000100492974013
150.0 -3.68155906077e-05
150.5 3.59213546562e-05
151.0 0.000111606667748
151.5 0.000185362981513
152.0 0.00024886690514
152.5 0.000288070100554
153.0 0.000360101715247
153.5 0.000410532292518
154.0 0.000402776131038
154.5 0.000394601212671
155.0 0.000493466446603
155.5 0.000638503217148
156.0 0.000754725909971
156.5 0.0008710103487
157.0 0.00107226563657
157.5 0.00104443803254
158.0 0.000889593089628
158.5 0.000965435485707
159.0 0.00112969714654
159.5 0.00121913330472
160.0 0.00136943781214
160.5 0.00148922141223
161.0 0.00162858278433
161.5 0.00148166006603
162.0 0.00155677478186
162.5 0.0017591652995
163.0 0.00193488902263
163.5 0.00210246981174
164.0 0.00221853057673
164.5 0.00220505082444
165.0 0.00206371240958
165.5 0.00229919930042
166.0 0.00237302831778
166.5 0.00256918949479
167.0 0.00268860534267
167.5 0.00309379308464
168.0 0.00339836754699
168.5 0.00342931872559
169.0 0.00343051776012
169.5 0.00353729376376
170.0 0.00364921610009
170.5 0.00373001267586
171.0 0.00393850397326
171.5 0.00416501913631
172.0 0.00389636009571
172.5 0.00436553014453
173.0 0.00485975364705
173.5 0.00517561895596
174.0 0.0051557391733
174.5 0.00472299667561
175.0 0.00531977878443
175.5 0.00513611219638
176.0 0.00548446474299
176.5 0.00607152483153
177.0 0.00712107341566
177.5 0.00916520435699
178.0 0.00604069555716
178.5 0.00563448568354
179.0 -0.00141303493982
179.5 -0.00431067222073
180.0 -0.0043903881533
180.5 -0.00650769345297
181.0 -0.00477258931107
181.5 -0.00206075787516
182.0 -0.00149855871049
182.5 0.000999758632858
183.0 0.000375407416612
183.5 0.000875463254829
184.0 0.000850494453104
184.5 0.000873969940628
185.0 0.000946780318003
185.5 0.000771504103184
186.0 0.00085959442815
186.5 0.000655903486361
187.0 0.000932015433506
187.5 0.000793919093482
188.0 0.00047297278239
188.5 0.000146756364543
189.0 -0.000198855998832
189.5 -0.000506013287222
190.0 -0.000742732495169
190.5 -0.00126506779587
191.0 -0.0015026333428
191.5 -0.00193784716021
192.0 -0.00241936005115
192.5 -0.00269789280777
193.0 -0.00335513210567
193.5 -0.00407206720546
194.0 -0.00482613177742
194.5 -0.00569157570499
195.0 -0.00675022642989
195.5 -0.00847892115658
196.0 -0.00993603476644
196.5 -0.0115095386213
197.0 -0.0132925436272
197.5 -0.0165198438557
198.0 -0.0226363925545
198.5 -0.0297668627936
199.0 -0.0448808157569
199.5 -0.0697868727494
