0.0 -0.00455959512675
0.5 0.00548326909025
1.0 0.0012567001785
1.5 -0.00322906638796
2.0 -0.00675767920323
2.5 -0.0098780807028
3.0 -0.0119878898585
3.5 -0.0140112700199
4.0 -0.0159316357464
4.5 -0.0177564676269
5.0 -0.0195781884666
5.5 -0.0211488494196
6.0 -0.0228843408932
6.5 -0.0244449932318
7.0 -0.0258438852906
7.5 -0.0273441882803
8.0 -0.0287255469154
8.5 -0.0301121939011
9.0 -0.0314584693463
9.5 -0.0327939609411
10.0 -0.0341233789156
10.5 -0.035392593947
11.0 -0.0366552080116
11.5 -0.0378301669104
12.0 -0.0389729959187
12.5 -0.0401137985049
13.0 -0.0412432123563
13.5 -0.0422548370396
14.0 -0.0432418889869
14.5 -0.0441832587436
15.0 -0.0450668181407
15.5 -0.0459150299577
16.0 -0.0466591219216
16.5 -0.0473599054522
17.0 -0.0480341148089
17.5 -0.0486633182963
18.0 -0.0491722734859
18.5 -0.049635241947
19.0 -0.0500104314714
19.5 -0.0503214941241
20.0 -0.0505875328627
20.5 -0.0507610547578
21.0 -0.0508375896769
21.5 -0.0508574635815
22.0 -0.0508175606994
22.5 -0.0507027006786
23.0 -0.0505326068275
23.5 -0.0502873352525
24.0 -0.0499727395344
24.5 -0.0496090450865
25.0 -0.0491571977981
25.5 -0.0486776441615
26.0 -0.0481117395907
26.5 -0.0474879480125
27.0 -0.0468350945054
27.5 -0.0461356710907
28.0 -0.0453667758858
28.5 -0.0445807660908
29.0 -0.0437526939677
29.5 -0.0429161690455
30.0 -0.0419984424848
30.5 -0.0410894628745
31.0 -0.0401523920932
31.5 -0.0391833994414
32.0 -0.0382217094912
32.5 -0.0372301917952
33.0 -0.0362194731075
33.5 -0.0352049511606
34.0 -0.0341990887485
34.5 -0.0331974743885
35.0 -0.0321778281248
35.5 -0.0311723459208
36.0 -0.0301591166244
36.5 -0.0291494573983
37.0 -0.0281618671515
37.5 -0.0271837501381
38.0 -0.0261996098564
38.5 -0.0252343943129
39.0 -0.0242849492763
39.5 -0.0233825981691
40.0 -0.0224566942281
40.5 -0.0215663841615
41.0 -0.0206725284777
41.5 -0.0198113360591
42.0 -0.0189697086315
42.5 -0.0181362169389
43.0 -0.0173176123371
43.5 -0.0165229100093
44.0 -0.0157529899818
44.5 -0.0149994950928
45.0 -0.0142778218112
45.5 -0.0135611271254
46.0 -0.0128567024447
46.5 -0.0121985197632
47.0 -0.0115447149239
47.5 -0.0108962294019
48.0 -0.0102950669706
48.5 -0.00969643086552
49.0 -0.0091179771168
49.5 -0.00855550979889
50.0 -0.00800457996654
50.5 -0.00749186015005
51.0 -0.00700097329802
51.5 -0.00649829470039
52.0 -0.00603314281034
52.5 -0.00556740398067
53.0 -0.00513361257815
53.5 -0.00470344689269
54.0 -0.00429369252167
54.5 -0.00390955363664
55.0 -0.00349818773145
55.5 -0.00312491626675
56.0 -0.00279173881966
56.5 -0.00243719432174
57.0 -0.00212465183921
57.5 -0.00180241810553
58.0 -0.00150963483666
58.5 -0.00124292107901
59.0 -0.000960801102311
59.5 -0.000678857545072
60.0 -0.000434799373117
60.5 -0.000197890717134
61.0 3.42026784867e-05
61.5 0.000272549890504
62.0 0.000486499056793
62.5 0.000691172748038
63.0 0.000863773003196
63.5 0.00104658267447
64.0 0.00123289198197
64.5 0.00139406554028
65.0 0.00156424493527
65.5 0.00172534845072
66.0 0.00189236390883
66.5 0.00204400032798
67.0 0.00217243026556
67.5 0.0022865681941
68.0 0.00240191049426
68.5 0.00250138728421
69.0 0.0025823790287
69.5 0.00267628056057
70.0 0.00277284039585
70.5 0.00285385462659
71.0 0.00293076537605
71.5 0.00300769704416
72.0 0.00312223147446
72.5 0.00323657706326
73.0 0.00325626776533
73.5 0.00327368278788
74.0 0.00330956632717
74.5 0.00333499566895
75.0 0.00346191700969
75.5 0.00345919636675
76.0 0.00348646971003
76.5 0.00354446423908
77.0 0.00357175471145
77.5 0.00358840986695
78.0 0.00358094536798
78.5 0.00361810664282
79.0 0.00367423452004
79.5 0.00365580678129
80.0 0.00363656590749
80.5 0.00358387546798
81.0 0.00368264374363
81.5 0.00367155712497
82.0 0.00366132347645
82.5 0.00364576553232
83.0 0.00362802906071
83.5 0.00360820428965
84.0 0.00357983370638
84.5 0.00363015059759
85.0 0.00361398677457
85.5 0.00353485544423
86.0 0.00349828771951
86.5 0.00345057582486
87.0 0.00342350386326
87.5 0.00342034774479
88.0 0.00338406743611
88.5 0.00334639990182
89.0 0.00326884296299
89.5 0.00321185647378
90.0 0.00317888544467
90.5 0.00305741201383
91.0 0.00306249413029
91.5 0.00307357016502
92.0 0.00306083651831
92.5 0.00300389582715
93.0 0.00290684663915
93.5 0.00282871236609
94.0 0.00285766997861
94.5 0.00266402371063
95.0 0.00269770806621
95.5 0.00248743701519
96.0 0.00237753103372
96.5 0.00245768439488
97.0 0.00242150336007
97.5 0.00232943231753
98.0 0.00219156906439
98.5 0.00199392619839
99.0 0.00189204581597
99.5 0.00184658769403
100.0 0.00195367743774
100.5 0.00184540508123
101.0 0.00170838073096
101.5 0.00156682784081
102.0 0.00141389329725
102.5 0.0012731186657
103.0 0.0011501339751
103.5 0.0010016117784
104.0 0.00104093581907
104.5 0.000990600549343
105.0 0.000884392769507
105.5 0.000591051310273
106.0 0.000570148939012
106.5 0.000233690707539
107.0 0.000143393433447
107.5 5.78870780359e-05
108.0 -0.000236143472463
108.5 -0.000504168208046
109.0 -0.000484745245835
109.5 -0.000638356051709
110.0 -0.000962173766936
110.5 -0.000938660699482
111.0 -0.00124402377988
111.5 -0.00151989155015
112.0 -0.0016068633086
112.5 -0.00183165018004
113.0 -0.00200749735514
113.5 -0.00239063941628
114.0 -0.00248755413773
114.5 -0.00263183163202
115.0 -0.00122262354444
115.5 -0.00210267370292
116.0 -0.00203878307765
116.5 -0.00190938437665
117.0 -0.00141737195833
117.5 -0.00137952788533
118.0 -0.000393789858151
118.5 -6.32015751023e-05
119.0 0.00032627880978
119.5 0.00727296886743
120.0 0.00875246460143
120.5 0.00603481053446
121.0 0.00258265458478
121.5 -0.00089165442094
122.0 -0.00327722554756
122.5 -0.00383482137948
123.0 -0.00185305947929
123.5 -0.00165431040256
124.0 -0.00247987045844
124.5 -0.00353151148903
125.0 -0.00294680019114
125.5 -0.00309507431939
126.0 -0.00264490605763
126.5 -0.00292447545179
127.0 -0.00291050868034
127.5 -0.00297524441812
128.0 -0.00262539287511
128.5 -0.00217258178463
129.0 -0.00194821393723
129.5 -0.00167104529942
130.0 -0.00176149113422
130.5 -0.00141217018194
131.0 -0.00132550604341
131.5 -0.00150978862134
132.0 -0.00154820881364
132.5 -0.00116399469199
133.0 -0.00109985806517
133.5 -0.00134154697556
134.0 -0.000946756146924
134.5 -0.000779179354659
135.0 -0.000624565036794
135.5 -0.000363102290187
136.0 -0.000270753151078
136.5 -0.000173692779999
137.0 9.08850880066e-06
137.5 7.73195982617e-06
138.0 0.000243987749052
138.5 0.000254686233834
139.0 8.43857847954e-05
139.5 0.000228186785897
140.0 0.000415323595668
140.5 0.000537963219482
141.0 0.000803499808612
141.5 0.000526352603643
142.0 0.000587672747793
142.5 0.000681915507153
143.0 0.000855953298071
143.5 0.00101212657825
144.0 0.00102931906912
144.5 0.000916603863082
145.0 0.000941514725848
145.5 0.00101131990631
146.0 0.00114721548617
146.5 0.00130309804096
147.0 0.00119160915336
147.5 0.00117196403564
148.0 0.00127336647144
148.5 0.00140240023605
149.0 0.0014697976981
149.5 0.00149450254719
150.0 0.00153311987237
150.5 0.00157766598325
151.0 0.0016337092802
151.5 0.00168427524822
152.0 0.00173199840013
152.5 0.00176298204071
153.0 0.0018398000566
153.5 0.00191789193387
154.0 0.00197958526822
154.5 0.00208156309249
155.0 0.00218333556051
155.5 0.00232685210379
156.0 0.00221497983187
156.5 0.00227777432303
157.0 0.0024968176881
157.5 0.00253614396737
158.0 0.00247276972378
158.5 0.00253133993704
159.0 0.00255006539282
159.5 0.00254668318583
160.0 0.00256851723894
160.5 0.0024188047389
161.0 0.00271412653843
161.5 0.00289226286244
162.0 0.00276038055307
162.5 0.00286665490034
163.0 0.00311100889672
163.5 0.00326202126205
164.0 0.00330177645864
164.5 0.00328719031612
165.0 0.00337169104841
165.5 0.0033773867213
166.0 0.00332237150398
166.5 0.00348791287542
167.0 0.00357511349591
167.5 0.00382082078304
168.0 0.00399738116552
168.5 0.00410148203547
169.0 0.00405096543522
169.5 0.00390400951565
170.0 0.00433346061092
170.5 0.00459184071663
171.0 0.0047199568498
171.5 0.00484909190175
172.0 0.00501489096744
172.5 0.00538802024967
173.0 0.00557320207517
173.5 0.0057821187997
174.0 0.00588230910134
174.5 0.00586708092786
175.0 0.00587613969175
175.5 0.00529249657724
176.0 0.00527410249516
176.5 0.00547592393791
177.0 0.00599615344991
177.5 0.00755330226173
178.0 0.00563206551186
178.5 0.00280185734242
179.0 -0.000983014065881
179.5 -0.00331516930696
180.0 -0.0034453955151
180.5 -0.00413667219183
181.0 -0.00144280159803
181.5 0.000120173537468
182.0 0.00146758076809
182.5 0.00152677725727
183.0 0.00205824333739
183.5 0.00250866312464
184.0 0.00194407451102
184.5 0.00178282259675
185.0 0.00169496217106
185.5 0.00129620400689
186.0 0.00207369449902
186.5 0.00187292653756
187.0 0.00171452994387
187.5 0.00149633403568
188.0 0.00118119110736
188.5 0.000936405865303
189.0 0.000550489814202
189.5 0.000228423145913
190.0 6.2786138642e-05
190.5 -0.000388038311783
191.0 -0.000695109674382
191.5 -0.00115482650783
192.0 -0.00156627620721
192.5 -0.00191794190191
193.0 -0.00258717115523
193.5 -0.00317021327557
194.0 -0.00390655964807
194.5 -0.00471777011484
195.0 -0.00567922987464
195.5 -0.00722465653003
196.0 -0.00823491417155
196.5 -0.010715580948
197.0 -0.0130414736746
197.5 -0.0154373981121
198.0 -0.0210214628138
198.5 -0.0271158428883
199.0 -0.0434124224862
199.5 -0.0666202848611
