0.0 0.00928965740396
0.5 0.030377848632
1.0 0.0492420118546
1.5 0.0429576339192
2.0 0.0381021630174
2.5 0.0340840377235
3.0 0.0313512982624
3.5 0.0288268964146
4.0 0.0262538217832
4.5 0.0243357355241
5.0 0.0223171109028
5.5 0.0205772174444
6.0 0.0188243988499
6.5 0.0171694318604
7.0 0.0156312042226
7.5 0.0141041162194
8.0 0.0126100337728
8.5 0.0110318999404
9.0 0.00964133926053
9.5 0.00821234676834
10.0 0.00676180760135
10.5 0.00535008206188
11.0 0.00391911803366
11.5 0.00247235100796
12.0 0.00101321365975
12.5 -0.000397616799114
13.0 -0.00182603700605
13.5 -0.00327489925124
14.0 -0.00472187993872
14.5 -0.0061618092198
15.0 -0.00761040226149
15.5 -0.00908737593018
16.0 -0.0105458736229
16.5 -0.0120054769817
17.0 -0.0134779979324
17.5 -0.0149730165893
18.0 -0.0164463444863
18.5 -0.0179415522794
19.0 -0.0194133584258
19.5 -0.0208915054869
20.0 -0.0223591720234
20.5 -0.0238391698219
21.0 -0.0253011675566
21.5 -0.0267260139857
22.0 -0.0281541370434
22.5 -0.0295775434736
23.0 -0.0309717699489
23.5 -0.0323722192453
24.0 -0.0337523297887
24.5 -0.0350754758612
25.0 -0.0363636879984
25.5 -0.0376365862662
26.0 -0.0388816090802
26.5 -0.0400857194484
27.0 -0.0412587040756
27.5 -0.0423771390095
28.0 -0.0434539889308
28.5 -0.0445050889116
29.0 -0.0454578875645
29.5 -0.0463904056638
30.0 -0.047247502643
30.5 -0.0480508737796
31.0 -0.0487927460811
31.5 -0.0494495375002
32.0 -0.0500526823497
32.5 -0.0505981293097
33.0 -0.0510745855751
33.5 -0.0514814404488
34.0 -0.0518224177377
34.5 -0.0521064685234
35.0 -0.0523054507911
35.5 -0.0524405600661
36.0 -0.0524943870781
36.5 -0.0524788542947
37.0 -0.0524132445114
37.5 -0.0522855761885
38.0 -0.0520863499061
38.5 -0.051845319625
39.0 -0.0515196811848
39.5 -0.0511617894879
40.0 -0.0507544099453
40.5 -0.050271015108
41.0 -0.0497432013722
41.5 -0.0491845028927
42.0 -0.0485788547592
42.5 -0.0479369510926
43.0 -0.0472676567078
43.5 -0.0465640925855
44.0 -0.045839268646
44.5 -0.0450914751046
45.0 -0.0443000939422
45.5 -0.0435009739713
46.0 -0.0426781426947
46.5 -0.0418632717766
47.0 -0.041037849119
47.5 -0.0401820478814
48.0 -0.0393336938429
48.5 -0.0384735104236
49.0 -0.0376237470816
49.5 -0.0367553339074
50.0 -0.035885711818
50.5 -0.0350512051074
51.0 -0.0341870952547
51.5 -0.0333563165824
52.0 -0.0325295714966
52.5 -0.0316968407275
53.0 -0.0308983787249
53.5 -0.0300961163702
54.0 -0.0292967454434
54.5 -0.0285092799171
55.0 -0.0277305300492
55.5 -0.0269679895779
56.0 -0.0262203034094
56.5 -0.0254964793725
57.0 -0.0247969709344
57.5 -0.024084431634
58.0 -0.0234225830848
58.5 -0.0227735156098
59.0 -0.0221046934971
59.5 -0.0214599084508
60.0 -0.0208489844146
60.5 -0.0202324448165
61.0 -0.0196568458862
61.5 -0.0190350993521
62.0 -0.0184695202758
62.5 -0.0179339351628
63.0 -0.0174066799377
63.5 -0.0168930810323
64.0 -0.0163972838621
64.5 -0.0159191531217
65.0 -0.0154326049095
65.5 -0.0149761417939
66.0 -0.0145087563099
66.5 -0.0140380564095
67.0 -0.0136169904316
67.5 -0.0132474831152
68.0 -0.0128399597678
68.5 -0.0124588289737
69.0 -0.0121153593475
69.5 -0.0117572209659
70.0 -0.0113812445236
70.5 -0.011086369956
71.0 -0.0107387494739
71.5 -0.0103723551527
72.0 -0.0100739679031
72.5 -0.00978498804479
73.0 -0.00952113391692
73.5 -0.00924310427707
74.0 -0.00897842359201
74.5 -0.00876789598305
75.0 -0.00847252681636
75.5 -0.00823233930782
76.0 -0.00804432715707
76.5 -0.00772297576327
77.0 -0.00748358443374
77.5 -0.00730937840359
78.0 -0.00712116023722
78.5 -0.00694837136061
79.0 -0.00672803552803
79.5 -0.00657097242177
80.0 -0.0064089651676
80.5 -0.00619017338948
81.0 -0.00606703773263
81.5 -0.00596519984841
82.0 -0.00578788066503
82.5 -0.00560910261439
83.0 -0.00546151396936
83.5 -0.00533871517301
84.0 -0.00524026041458
84.5 -0.00515736212838
85.0 -0.00502210401262
85.5 -0.00493752206119
86.0 -0.00478715684214
86.5 -0.00470905555261
87.0 -0.00462769788097
87.5 -0.00453961985558
88.0 -0.00446432179658
88.5 -0.00426958855877
89.0 -0.00415562592829
89.5 -0.00420735685713
90.0 -0.00405471700552
90.5 -0.00417527886984
91.0 -0.00403058685707
91.5 -0.00394184785099
92.0 -0.003916565053
92.5 -0.00387917731585
93.0 -0.00387815845322
93.5 -0.00386923789829
94.0 -0.00368618012709
94.5 -0.00362327039807
95.0 -0.00368971328692
95.5 -0.0036687281338
96.0 -0.00367578831008
96.5 -0.00357700770373
97.0 -0.00371325451143
97.5 -0.00370068556605
98.0 -0.00360031555662
98.5 -0.0036281443505
99.0 -0.00357089486634
99.5 -0.00366197058187
100.0 -0.00357715685711
100.5 -0.00355221106562
101.0 -0.0036061986534
101.5 -0.00361997605901
102.0 -0.00365954705644
102.5 -0.00379786484592
103.0 -0.00382634991458
103.5 -0.00380412671598
104.0 -0.00382680594291
104.5 -0.00401965626875
105.0 -0.00411121848679
105.5 -0.00413989613628
106.0 -0.00397919872236
106.5 -0.00406408083099
107.0 -0.00402714070055
107.5 -0.0042113397659
108.0 -0.00453544417896
108.5 -0.00464448479051
109.0 -0.00462614975773
109.5 -0.00491089666173
110.0 -0.00515075682549
110.5 -0.00525491974737
111.0 -0.00521427527858
111.5 -0.00539126527613
112.0 -0.00550085497286
112.5 -0.00571687031178
113.0 -0.00585240694659
113.5 -0.00593303567268
114.0 -0.00554939066977
114.5 -0.00575878284432
115.0 -0.00598615592281
115.5 -0.00585825228491
116.0 -0.00611467664446
116.5 -0.00617031257511
117.0 -0.00656342391565
117.5 -0.00751208799565
118.0 -0.00527260634499
118.5 -0.00464666030882
119.0 -0.00352782621029
119.5 0.0040746315177
120.0 0.00499719565644
120.5 0.0014899622811
121.0 -0.00252894915674
121.5 -0.0059199357007
122.0 -0.010863696509
122.5 -0.0104123697996
123.0 -0.00897144858348
123.5 -0.00809018217313
124.0 -0.00833064163317
124.5 -0.00740929578703
125.0 -0.00716643906689
125.5 -0.00670407393085
126.0 -0.00648525681012
126.5 -0.00635247762142
127.0 -0.00680221867601
127.5 -0.0066667534481
128.0 -0.00606888763218
128.5 -0.00596089208581
129.0 -0.00607586970943
129.5 -0.00542307749098
130.0 -0.00481455730096
130.5 -0.00540738960866
131.0 -0.00520225804955
131.5 -0.00473408593447
132.0 -0.00445538703759
132.5 -0.0040656719086
133.0 -0.00401535395854
133.5 -0.00409971718649
134.0 -0.00383084182491
134.5 -0.00366738962716
135.0 -0.00354509310935
135.5 -0.00329560460544
136.0 -0.00317592151292
136.5 -0.00310471028474
137.0 -0.00291959178077
137.5 -0.00277663636553
138.0 -0.00264360594642
138.5 -0.00274579534376
139.0 -0.00257496023947
139.5 -0.00240942626674
140.0 -0.00210222104405
140.5 -0.00233993145881
141.0 -0.00215755727744
141.5 -0.00213917481829
142.0 -0.00198593998755
142.5 -0.00190142964063
143.0 -0.0017516870684
143.5 -0.00167210535593
144.0 -0.00162224007194
144.5 -0.00148605844303
145.0 -0.00142947586818
145.5 -0.00133264423132
146.0 -0.0012382184066
146.5 -0.00107852199469
147.0 -0.00116569081224
147.5 -0.00114869378922
148.0 -0.000915424669869
148.5 -0.000759138858508
149.0 -0.000847988816128
149.5 -0.000773545012051
150.0 -0.000725392480162
150.5 -0.000677902484551
151.0 -0.000635579249365
151.5 -0.000638089075299
152.0 -0.000560778223383
152.5 -0.000442951354154
153.0 -0.000287834720856
153.5 -0.000110637358503
154.0 1.21140100084e-05
154.5 -6.30441431717e-05
155.0 -5.6866516756e-05
155.5 -3.32930655276e-05
156.0 -5.51187669231e-05
156.5 8.4986185275e-05
157.0 0.000360167161638
157.5 0.000406178098334
158.0 0.00037262001845
158.5 0.000459279936194
159.0 0.000464042066678
159.5 0.000480033762834
160.0 0.000587533697054
160.5 0.000582646987343
161.0 0.000660823263122
161.5 0.000596195318607
162.0 0.000726205013109
162.5 0.000935934897157
163.0 0.00109941765611
163.5 0.00123616430665
164.0 0.0013337897341
164.5 0.00137262472497
165.0 0.0014064148297
165.5 0.00112467796068
166.0 0.00130125709266
166.5 0.00153134748727
167.0 0.00167356018893
167.5 0.0018230400491
168.0 0.002053314415
168.5 0.00227748902445
169.0 0.00239391550515
169.5 0.00262513795688
170.0 0.00272290202242
170.5 0.00215444957117
171.0 0.00256654041156
171.5 0.00299979306085
172.0 0.00321313389176
172.5 0.00350220477735
173.0 0.00367006378083
173.5 0.003898694524
174.0 0.00389504016711
174.5 0.00341770317725
175.0 0.00395484700196
175.5 0.00353199142026
176.0 0.0036592967719
176.5 0.00430016963685
177.0 0.00374311351
177.5 0.00416693316244
178.0 0.00428249052599
178.5 0.00228642891264
179.0 -0.00133500707277
179.5 -0.00486577106946
180.0 -0.0061727623691
180.5 -0.00614216001523
181.0 -0.00116784120685
181.5 0.00164162731033
182.0 0.00108404554976
182.5 0.00218129857282
183.0 0.00180532768123
183.5 0.00147186279524
184.0 0.00123695396636
184.5 0.00166539784375
185.0 0.00134431041012
185.5 0.00102475785614
186.0 0.00106306142017
186.5 0.000990200806157
187.0 0.000769130631596
187.5 0.000553691728967
188.0 0.000315265308785
188.5 -1.23147980702e-05
189.0 -0.000318333063674
189.5 -0.000605563237301
190.0 -0.000830278276879
190.5 -0.00122043110596
191.0 -0.00151070105903
191.5 -0.00189285400371
192.0 -0.00234389158675
192.5 -0.00262627334557
193.0 -0.00331010258137
193.5 -0.00405787553113
194.0 -0.00481948116193
194.5 -0.00569229319345
195.0 -0.00672467958408
195.5 -0.00834933052508
196.0 -0.00978418585623
196.5 -0.0115613918001
197.0 -0.0138672025043
197.5 -0.0161955506
198.0 -0.0216483412216
198.5 -0.0292013076375
199.0 -0.04432900319
199.5 -0.0681980030199
