0.0 0.010104403505
0.5 0.0428244260944
1.0 0.0633636052222
1.5 0.0547652225026
2.0 0.0490190920573
2.5 0.0443841654784
3.0 0.0412193988254
3.5 0.0383313433447
4.0 0.0357414406238
4.5 0.0331249711673
5.0 0.0310016285642
5.5 0.0290695246684
6.0 0.0271313969595
6.5 0.0253091466166
7.0 0.023544771668
7.5 0.0217621086608
8.0 0.0201817528055
8.5 0.0185732128381
9.0 0.0170132691906
9.5 0.0154367082791
10.0 0.0138440017934
10.5 0.0123243989295
11.0 0.0107214527435
11.5 0.00917118398141
12.0 0.0076668706851
12.5 0.00611423198012
13.0 0.00454530236755
13.5 0.00303532306946
14.0 0.00150882828194
14.5 -5.32416514929e-05
15.0 -0.00157722035487
15.5 -0.00312308407044
16.0 -0.00462929986744
16.5 -0.00616231730917
17.0 -0.00770189959471
17.5 -0.0092330417448
18.0 -0.0107580013219
18.5 -0.0122758121485
19.0 -0.013795152835
19.5 -0.0153242096215
20.0 -0.0168138435543
20.5 -0.0183008347613
21.0 -0.0197674610136
21.5 -0.0212110402289
22.0 -0.0226586839629
22.5 -0.0240778014062
23.0 -0.0254952225671
23.5 -0.0268934703459
24.0 -0.0282740599126
24.5 -0.0296549743884
25.0 -0.0309713800592
25.5 -0.0322645952171
26.0 -0.0335362923482
26.5 -0.0347484373044
27.0 -0.0359293700377
27.5 -0.0370951006827
28.0 -0.0381969618803
28.5 -0.0392764155095
29.0 -0.0403300480939
29.5 -0.0413510625737
30.0 -0.0422738234541
30.5 -0.0431637958753
31.0 -0.0440175818201
31.5 -0.0448019599674
32.0 -0.0455180690124
32.5 -0.0461868932012
33.0 -0.0468063137561
33.5 -0.047362902929
34.0 -0.04785526216
34.5 -0.0483185034123
35.0 -0.0487008558229
35.5 -0.0489839120961
36.0 -0.0492199413741
36.5 -0.0493862407885
37.0 -0.0494800615748
37.5 -0.0495216856274
38.0 -0.0495098665529
38.5 -0.0494467303218
39.0 -0.0492965304187
39.5 -0.0491109670847
40.0 -0.0488760404428
40.5 -0.0485592219133
41.0 -0.0481887953826
41.5 -0.0477820141256
42.0 -0.0473179643728
42.5 -0.0468076134517
43.0 -0.0462609138146
43.5 -0.0456667016105
44.0 -0.0450428734248
44.5 -0.04439975822
45.0 -0.043685290275
45.5 -0.0429881612668
46.0 -0.0422500060756
46.5 -0.041494640261
47.0 -0.0407209066452
47.5 -0.0399199120901
48.0 -0.0391243814755
48.5 -0.0383028987102
49.0 -0.0374810812593
49.5 -0.0366600592342
50.0 -0.0358049470655
50.5 -0.0349667181898
51.0 -0.0341290418954
51.5 -0.0333017131337
52.0 -0.032488789354
52.5 -0.0316577301016
53.0 -0.0308658449374
53.5 -0.0300709817325
54.0 -0.0292715415311
54.5 -0.0285037301715
55.0 -0.0277275909377
55.5 -0.0269791447246
56.0 -0.0262133244564
56.5 -0.0254773635353
57.0 -0.0247756470517
57.5 -0.0240840020515
58.0 -0.0234054355203
58.5 -0.0227471517633
59.0 -0.0220890613656
59.5 -0.0214420287018
60.0 -0.0208014526756
60.5 -0.0201586302414
61.0 -0.0195684309307
61.5 -0.0189923164136
62.0 -0.0184485031183
62.5 -0.017887072782
63.0 -0.0173552930167
63.5 -0.0168507766744
64.0 -0.0163667381669
64.5 -0.0158924981323
65.0 -0.0154130575805
65.5 -0.0149748603717
66.0 -0.0144729761715
66.5 -0.0140377624667
67.0 -0.013634298843
67.5 -0.013257850907
68.0 -0.0128526828922
68.5 -0.0124730331923
69.0 -0.0121230087485
69.5 -0.0117948389584
70.0 -0.0113970992204
70.5 -0.0110743118678
71.0 -0.0107781756769
71.5 -0.0104228478074
72.0 -0.0101005979549
72.5 -0.00984317785315
73.0 -0.00962091674609
73.5 -0.00934316969269
74.0 -0.00910499345722
74.5 -0.00889371782892
75.0 -0.00851543644659
75.5 -0.0083443197861
76.0 -0.00813905074716
76.5 -0.00791722811345
77.0 -0.00767643838708
77.5 -0.00745307716879
78.0 -0.00727619530741
78.5 -0.00710095662271
79.0 -0.00701812498299
79.5 -0.00678138568298
80.0 -0.00660478939935
80.5 -0.00643340639099
81.0 -0.00623936982693
81.5 -0.00614182920281
82.0 -0.00602333414212
82.5 -0.00583327969949
83.0 -0.00570781070143
83.5 -0.0056063686038
84.0 -0.0055023920872
84.5 -0.00540622656998
85.0 -0.00526184380744
85.5 -0.00518261651479
86.0 -0.005042346643
86.5 -0.00497179316159
87.0 -0.00485121071056
87.5 -0.00472738621867
88.0 -0.00469945998852
88.5 -0.00462162275344
89.0 -0.00460450539682
89.5 -0.00457330596831
90.0 -0.00448933528774
90.5 -0.00438697482877
91.0 -0.00432466381019
91.5 -0.00427293328566
92.0 -0.00428927163643
92.5 -0.00419698770767
93.0 -0.0041326893256
93.5 -0.00417038085165
94.0 -0.00402954362654
94.5 -0.00417603779525
95.0 -0.00403847394945
95.5 -0.00405038067404
96.0 -0.0041350962068
96.5 -0.00403632037779
97.0 -0.00401610524516
97.5 -0.00394362482317
98.0 -0.00392747017123
98.5 -0.00404231160758
99.0 -0.00401457110686
99.5 -0.00400943343177
100.0 -0.00419498162248
100.5 -0.00413117546312
101.0 -0.00398083904922
101.5 -0.00406992859563
102.0 -0.00405967801986
102.5 -0.00420667950502
103.0 -0.00432950826342
103.5 -0.00437261036871
104.0 -0.00447861841726
104.5 -0.00456799165652
105.0 -0.00454000370976
105.5 -0.00451618403846
106.0 -0.00465151277562
106.5 -0.00474433520797
107.0 -0.00491183053018
107.5 -0.00496106285048
108.0 -0.00508421924045
108.5 -0.00521678817387
109.0 -0.00510938601643
109.5 -0.00537643845696
110.0 -0.00568342855224
110.5 -0.00564995824753
111.0 -0.00567789940711
111.5 -0.0059764147863
112.0 -0.00618865949126
112.5 -0.0064399775678
113.0 -0.0066517844032
113.5 -0.00707148596292
114.0 -0.00712752198834
114.5 -0.00706097988909
115.0 -0.00711119154344
115.5 -0.00677939056244
116.0 -0.00648950931566
116.5 -0.00644953230741
117.0 -0.00622301990477
117.5 -0.00720179300943
118.0 -0.00609772506913
118.5 -0.00474376649024
119.0 -0.00362110998086
119.5 0.00330210375161
120.0 0.00463428330518
120.5 0.00215391643229
121.0 0.000122135175587
121.5 -0.00522019827815
122.0 -0.00801117396807
122.5 -0.00725174583995
123.0 -0.00645791861474
123.5 -0.00598228193427
124.0 -0.0058134165531
124.5 -0.00570913196906
125.0 -0.00588097292952
125.5 -0.00575261465301
126.0 -0.0057368501638
126.5 -0.0058170060683
127.0 -0.00561950248412
127.5 -0.00517765039342
128.0 -0.00534358561561
128.5 -0.00557258355815
129.0 -0.00481290198006
129.5 -0.0044906149876
130.0 -0.00421304261277
130.5 -0.00401502110194
131.0 -0.00378321368289
131.5 -0.00402782847451
132.0 -0.00392552868601
132.5 -0.00362778818433
133.0 -0.00340375391343
133.5 -0.0033147921513
134.0 -0.0032095595332
134.5 -0.0030383031547
135.0 -0.00286720975802
135.5 -0.00248190867855
136.0 -0.00280996346346
136.5 -0.00272261050866
137.0 -0.0024396175411
137.5 -0.00227403476862
138.0 -0.00224868974488
138.5 -0.00236995662318
139.0 -0.00217845051629
139.5 -0.0020051400176
140.0 -0.0018908148587
140.5 -0.00177837306623
141.0 -0.0015828232276
141.5 -0.00152608468154
142.0 -0.00125660363978
142.5 -0.00132991546509
143.0 -0.00134784692565
143.5 -0.0012647282008
144.0 -0.00123742121732
144.5 -0.00112758316032
145.0 -0.00113692340879
145.5 -0.00107624581531
146.0 -0.000931495483263
146.5 -0.000757590222364
147.0 -0.000852467611006
147.5 -0.000867260495911
148.0 -0.000725471082488
148.5 -0.000563704805419
149.0 -0.000498767729291
149.5 -0.000416683158462
150.0 -0.000334191316417
150.5 -0.000252978972657
151.0 -0.000168937292083
151.5 -7.01326683349e-05
152.0 1.70233401278e-05
152.5 9.65211580688e-05
153.0 0.00027584239354
153.5 0.000368913677782
154.0 0.00030884811639
154.5 0.000370948672844
155.0 0.000400514866202
155.5 0.00043189221384
156.0 0.000498036792781
156.5 0.000539182457835
157.0 0.000577254663931
157.5 0.000558019113317
158.0 0.000468067273463
158.5 0.000564377341583
159.0 0.000749856326763
159.5 0.000851293442008
160.0 0.00098142125977
160.5 0.00108304977325
161.0 0.00122806756163
161.5 0.00144135264154
162.0 0.00156203152615
162.5 0.00153127126566
163.0 0.00161200795524
163.5 0.00180964626155
164.0 0.00187811381916
164.5 0.00184085784558
165.0 0.00174663381937
165.5 0.00198474674227
166.0 0.00211402598405
166.5 0.0024412449814
167.0 0.00243264222905
167.5 0.00259434088895
168.0 0.00287726947843
168.5 0.00288712551235
169.0 0.00281191405352
169.5 0.00325642890587
170.0 0.00341847664215
170.5 0.003459739299
171.0 0.0036808285838
171.5 0.00387501476443
172.0 0.00421856336037
172.5 0.00421618812025
173.0 0.00431942130334
173.5 0.00476982246741
174.0 0.0051296252125
174.5 0.0052960044537
175.0 0.00525242535414
175.5 0.00463360808071
176.0 0.00465218971893
176.5 0.00500728436741
177.0 0.00421930356023
177.5 0.00537151663163
178.0 0.00194056323771
178.5 0.00150254982567
179.0 -0.00122154432418
179.5 -0.0028486618953
180.0 -0.00185187543411
180.5 -0.00451794406059
181.0 -0.00484473728169
181.5 -0.00193316203239
182.0 -0.000341063910028
182.5 0.00101811452373
183.0 0.000346754342559
183.5 0.000576111011299
184.0 0.000526821379879
184.5 0.000605396621324
185.0 0.000751568837458
185.5 0.00064054112309
186.0 0.000775375263814
186.5 0.000643625607225
187.0 0.000999393120665
187.5 0.000803456812704
188.0 0.000413226057162
188.5 0.00030658056599
189.0 -5.56102377516e-05
189.5 -0.000322852974307
190.0 -0.000550941731888
190.5 -0.000847033738651
191.0 -0.00109452035062
191.5 -0.00141547514433
192.0 -0.00170887454613
192.5 -0.0018719368675
193.0 -0.00246446161674
193.5 -0.00296309465874
194.0 -0.00355437264936
194.5 -0.00419250453675
195.0 -0.00462354085846
195.5 -0.00659568021989
196.0 -0.0075516471443
196.5 -0.00881456961395
197.0 -0.0103954923703
197.5 -0.0113144749664
198.0 -0.0141898952935
198.5 -0.0193042364741
199.0 -0.0297105111276
199.5 -0.0456573813123
