0.0 -0.00298688210782
0.5 0.017814350653
1.0 0.0175303424975
1.5 0.0104488699489
2.0 0.0063583252539
2.5 0.00233695381359
3.0 -0.00041209394351
3.5 -0.0029466216657
4.0 -0.00556245500918
4.5 -0.00746373499247
5.0 -0.00954596635667
5.5 -0.011378308397
6.0 -0.0131981113152
6.5 -0.0150583448432
7.0 -0.0167435278261
7.5 -0.0183735156229
8.0 -0.0199627151869
8.5 -0.0215638817298
9.0 -0.0231106064515
9.5 -0.0246503309322
10.0 -0.0262152463628
10.5 -0.0277273640394
11.0 -0.0292381369188
11.5 -0.0306770680521
12.0 -0.0321092901985
12.5 -0.0335327074221
13.0 -0.0349422695655
13.5 -0.0363471056125
14.0 -0.0376732614921
14.5 -0.0389711857107
15.0 -0.0402304273936
15.5 -0.0414708737153
16.0 -0.042641712967
16.5 -0.0437887269091
17.0 -0.0448951905204
17.5 -0.0459500247641
18.0 -0.0469482814073
18.5 -0.0478831805378
19.0 -0.0487698176672
19.5 -0.0496187870397
20.0 -0.0503699811158
20.5 -0.0510643933732
21.0 -0.0516910841069
21.5 -0.0522323524167
22.0 -0.052719164628
22.5 -0.053129094804
23.0 -0.0534866892128
23.5 -0.0537806753784
24.0 -0.0539942595824
24.5 -0.0541557933984
25.0 -0.0541933559368
25.5 -0.0541931351999
26.0 -0.0541200048641
26.5 -0.0539614423096
27.0 -0.0537444224496
27.5 -0.0534529940234
28.0 -0.0531063049865
28.5 -0.0527136203482
29.0 -0.052269613321
29.5 -0.0517518667948
30.0 -0.0511609440641
30.5 -0.0505333929223
31.0 -0.0498505985532
31.5 -0.049128846581
32.0 -0.0483776315728
32.5 -0.047587228142
33.0 -0.0467610516456
33.5 -0.0458777030607
34.0 -0.0450002558431
34.5 -0.0440808047398
35.0 -0.0431405488749
35.5 -0.0421938008955
36.0 -0.0412180569903
36.5 -0.0402286387116
37.0 -0.0392389916883
37.5 -0.0382315078039
38.0 -0.0372106785466
38.5 -0.036217485157
39.0 -0.035186471302
39.5 -0.034169425466
40.0 -0.0331882256401
40.5 -0.0321752699141
41.0 -0.0311655730303
41.5 -0.0301887949285
42.0 -0.0292170121876
42.5 -0.0282544961013
43.0 -0.0273076594807
43.5 -0.02636421059
44.0 -0.0254441099752
44.5 -0.0245473521565
45.0 -0.0236300597194
45.5 -0.0227660577193
46.0 -0.0219174698858
46.5 -0.0210786058348
47.0 -0.0202722525524
47.5 -0.0194634781059
48.0 -0.0186826394101
48.5 -0.0179153910404
49.0 -0.0171759320918
49.5 -0.0164520108898
50.0 -0.0157206820463
50.5 -0.01503352929
51.0 -0.0143723895373
51.5 -0.0137165601482
52.0 -0.0130914452883
52.5 -0.0124654961395
53.0 -0.0118850207116
53.5 -0.011312661719
54.0 -0.0107579940845
54.5 -0.0102274167769
55.0 -0.0096895847434
55.5 -0.00918507072502
56.0 -0.00868030440979
56.5 -0.00821557552868
57.0 -0.00775662185177
57.5 -0.00730396551768
58.0 -0.00689686600065
58.5 -0.00649517093576
59.0 -0.00609138461757
59.5 -0.00568152023452
60.0 -0.00533792904645
60.5 -0.00496929579027
61.0 -0.00463274090429
61.5 -0.00427250698521
62.0 -0.00395708303551
62.5 -0.00366220544154
63.0 -0.00335254508521
63.5 -0.00308666692279
64.0 -0.00282766083022
64.5 -0.00254785135238
65.0 -0.00230064319166
65.5 -0.00206942714705
66.0 -0.00181432527066
66.5 -0.00159347970168
67.0 -0.00136708601884
67.5 -0.00119488914312
68.0 -0.00101291708469
68.5 -0.000809247149773
69.0 -0.00058575697429
69.5 -0.00046653154056
70.0 -0.000346149420393
70.5 -0.000184742303244
71.0 -1.12750659866e-05
71.5 0.000120183664714
72.0 0.000259071191257
72.5 0.000400717009096
73.0 0.000480389201789
73.5 0.000578742593444
74.0 0.000663434780858
74.5 0.00079184998433
75.0 0.000885538741766
75.5 0.000975302289262
76.0 0.00109856368142
76.5 0.00117508066282
77.0 0.00127696720561
77.5 0.00136645765305
78.0 0.00139900450153
78.5 0.00145801919654
79.0 0.00148378623302
79.5 0.00151880089115
80.0 0.00162246515802
80.5 0.00160556546519
81.0 0.00167586678528
81.5 0.00173885081354
82.0 0.00179426039098
82.5 0.00180560517057
83.0 0.00182580628343
83.5 0.00182549940987
84.0 0.00186755316793
84.5 0.00179815570953
85.0 0.00187714243174
85.5 0.00181840892926
86.0 0.00181211741177
86.5 0.00172225982617
87.0 0.00176427484691
87.5 0.00189400565393
88.0 0.0018588579635
88.5 0.00184433140154
89.0 0.00187124520452
89.5 0.00171866993369
90.0 0.00187139300466
90.5 0.00177290885742
91.0 0.00172523513384
91.5 0.00164783086528
92.0 0.00160504823106
92.5 0.00158886463344
93.0 0.00154196097603
93.5 0.00155064618058
94.0 0.00161824500924
94.5 0.00153112257322
95.0 0.00147157353665
95.5 0.001403766242
96.0 0.00124294376107
96.5 0.0012663638595
97.0 0.00112172198943
97.5 0.00106574826589
98.0 0.00103471145578
98.5 0.00086565502426
99.0 0.000847542557004
99.5 0.000854799922688
100.0 0.000844785788338
100.5 0.00075454118096
101.0 0.000606183715163
101.5 0.000457447394879
102.0 0.000342812139621
102.5 0.000298258457015
103.0 0.000289786332516
103.5 0.000149240483005
104.0 5.01459241065e-06
104.5 -0.000267477703261
105.0 -0.000384609031542
105.5 -0.000487292718148
106.0 -0.000437340343971
106.5 -0.000633859953048
107.0 -0.000635709954345
107.5 -0.000937654019211
108.0 -0.0012737369189
108.5 -0.00134501691244
109.0 -0.00152315129365
109.5 -0.00170089280996
110.0 -0.00166511034472
110.5 -0.00171630950517
111.0 -0.00185954277198
111.5 -0.00219326630793
112.0 -0.00250219278107
112.5 -0.00286591562067
113.0 -0.00311049016085
113.5 -0.00353906814047
114.0 -0.00372165458697
114.5 -0.00395349878748
115.0 -0.00353126956379
115.5 -0.00340426914609
116.0 -0.0038642029883
116.5 -0.00430947660986
117.0 -0.00412819297435
117.5 -0.00501345041117
118.0 -0.00322262044557
118.5 -0.00275807347842
119.0 -0.000972887212271
119.5 0.00573535564251
120.0 0.00582026587813
120.5 0.00579398488878
121.0 0.00550716718719
121.5 0.000698926505166
122.0 -0.00266754372645
122.5 -0.00413902005212
123.0 -0.00296963612149
123.5 -0.00317590987393
124.0 -0.00348447742118
124.5 -0.00340933339774
125.0 -0.00457036725466
125.5 -0.00433927115562
126.0 -0.00398099984815
126.5 -0.00423585353516
127.0 -0.00438614917189
127.5 -0.00417543696526
128.0 -0.00382377337485
128.5 -0.00377602016758
129.0 -0.00344960835977
129.5 -0.00283191248794
130.0 -0.00320214233103
130.5 -0.00275469229589
131.0 -0.00258657218583
131.5 -0.0021870126518
132.0 -0.00200436508239
132.5 -0.00177211699941
133.0 -0.00146581025471
133.5 -0.00138671588215
134.0 -0.00160571460174
134.5 -0.00135658810748
135.0 -0.00124412351943
135.5 -0.00104980156716
136.0 -0.000945368082476
136.5 -0.000802171800327
137.0 -0.000493441626503
137.5 -0.000657008298386
138.0 -0.000642592384242
138.5 -0.00045597695744
139.0 -0.000261904561601
139.5 -7.07098489237e-05
140.0 -0.000318205119427
140.5 -0.00019353167502
141.0 2.02118328048e-05
141.5 6.86455917851e-05
142.0 0.000264445848661
142.5 0.000400158608233
143.0 0.000412388839948
143.5 0.000296239905353
144.0 0.000340063412311
144.5 0.000488449839446
145.0 0.000642876314065
145.5 0.000869031041189
146.0 0.000689970047381
146.5 0.000705107559281
147.0 0.000763204019626
147.5 0.000805830941156
148.0 0.000802148587619
148.5 0.00087138151447
149.0 0.00100827770365
149.5 0.00110489408234
150.0 0.00117618773974
150.5 0.00124494711524
151.0 0.00132757010904
151.5 0.00142838092687
152.0 0.0015810055103
152.5 0.00152678582191
153.0 0.00145556467946
153.5 0.00150273410137
154.0 0.00165871774315
154.5 0.00184372724448
155.0 0.00175383380482
155.5 0.00175608203603
156.0 0.00171104714831
156.5 0.00182626603549
157.0 0.0020678090727
157.5 0.00206412334427
158.0 0.00190714540994
158.5 0.00197680436259
159.0 0.0021559062007
159.5 0.00227827178307
160.0 0.00245192293171
160.5 0.00253411603511
161.0 0.00249788951024
161.5 0.00235572846683
162.0 0.00248238478325
162.5 0.00269111210428
163.0 0.00284243457156
163.5 0.00292896963939
164.0 0.00296291557338
164.5 0.00301334195075
165.0 0.00317475617739
165.5 0.00324951605688
166.0 0.00325942594825
166.5 0.00342459112156
167.0 0.00353489197376
167.5 0.00383294917636
168.0 0.00415783319096
168.5 0.00427318937629
169.0 0.00424133271113
169.5 0.00432779062441
170.0 0.00441979327191
170.5 0.0045202386882
171.0 0.00412317902308
171.5 0.00454952415755
172.0 0.00487128464638
172.5 0.0052528893354
173.0 0.00540456851031
173.5 0.00549702218711
174.0 0.00556383245667
174.5 0.00550015349903
175.0 0.00550675120851
175.5 0.00523893568111
176.0 0.00585167888572
176.5 0.00579463959222
177.0 0.00729930707149
177.5 0.00814148545176
178.0 0.00787895921604
178.5 0.00706309037493
179.0 0.00435043143855
179.5 0.000501785022365
180.0 -0.00258054373985
180.5 -0.00561937981081
181.0 -0.00280247500535
181.5 -0.00104858380413
182.0 -0.00014280282106
182.5 0.000811070138184
183.0 0.000376109848062
183.5 0.000861896719599
184.0 0.0010538504652
184.5 0.00174823372345
185.0 0.00163929453922
185.5 0.00144098511622
186.0 0.00154116608726
186.5 0.00144504941815
187.0 0.00111434063007
187.5 0.00121326344542
188.0 0.00108754377919
188.5 0.000628683261084
189.0 0.000322161536999
189.5 0.000189279448549
190.0 -8.99688756135e-05
190.5 -0.000606994006787
191.0 -0.000891165559068
191.5 -0.00130148985357
192.0 -0.00178683301749
192.5 -0.00211931165859
193.0 -0.00269304039993
193.5 -0.00332079569678
194.0 -0.00405220594243
194.5 -0.00484879494488
195.0 -0.00558552082133
195.5 -0.00789298336178
196.0 -0.0092199000708
196.5 -0.0107750163829
197.0 -0.0130241626135
197.5 -0.0154353126309
198.0 -0.0209644916753
198.5 -0.0283627020363
199.0 -0.0438531954426
199.5 -0.0695932077308
