0.0 -0.00190255148624
0.5 0.0174301807488
1.0 0.0120639074369
1.5 0.00661069801252
2.0 0.00324947381061
2.5 0.000499023537223
3.0 -0.00109375439005
3.5 -0.00261958404733
4.0 -0.00394184351575
4.5 -0.00542745421541
5.0 -0.00647435931599
5.5 -0.00731799209616
6.0 -0.00818641254636
6.5 -0.00898520473893
7.0 -0.00974654042476
7.5 -0.0105548334627
8.0 -0.0111105031871
8.5 -0.0116921312
9.0 -0.0122450224359
9.5 -0.0127732750815
10.0 -0.0132643203642
10.5 -0.0136780204657
11.0 -0.0141716416459
11.5 -0.0145834403423
12.0 -0.0148839295183
12.5 -0.0151958882008
13.0 -0.0154986980338
13.5 -0.0157341987449
14.0 -0.0159505087555
14.5 -0.0162348620704
15.0 -0.0164019158388
15.5 -0.0165692202053
16.0 -0.0166791601604
16.5 -0.0167889833026
17.0 -0.0168704590409
17.5 -0.016967733589
18.0 -0.0170356502024
18.5 -0.0170644333241
19.0 -0.0170676640944
19.5 -0.0170709696927
20.0 -0.0170563207189
20.5 -0.0170254961343
21.0 -0.0169555091749
21.5 -0.016889383593
22.0 -0.0168174472016
22.5 -0.0167095213749
23.0 -0.0166403787701
23.5 -0.016511636954
24.0 -0.0163821102885
24.5 -0.0162685540835
25.0 -0.0161055707908
25.5 -0.0159421413579
26.0 -0.0157822540871
26.5 -0.0155963534541
27.0 -0.015413224822
27.5 -0.0152353175164
28.0 -0.0150212357134
28.5 -0.0148222383344
29.0 -0.0146204534708
29.5 -0.0144204481582
30.0 -0.0141985166188
30.5 -0.0139954573862
31.0 -0.0137738712042
31.5 -0.0135378699492
32.0 -0.0133133101858
32.5 -0.0130690032959
33.0 -0.0128316310312
33.5 -0.0125858514875
34.0 -0.0123408657458
34.5 -0.0121216188399
35.0 -0.0118889031477
35.5 -0.0116436735383
36.0 -0.0113896633579
36.5 -0.0111368651451
37.0 -0.010890026071
37.5 -0.0106526114539
38.0 -0.010416313887
38.5 -0.0101598276431
39.0 -0.00992084444426
39.5 -0.0096928478349
40.0 -0.00945365468832
40.5 -0.00921056116519
41.0 -0.00897126285225
41.5 -0.00874748424346
42.0 -0.00851212793822
42.5 -0.00827234744202
43.0 -0.00804382222468
43.5 -0.00782213926743
44.0 -0.00760793736351
44.5 -0.00736303673682
45.0 -0.00715824677349
45.5 -0.00694143302979
46.0 -0.00671657680939
46.5 -0.00653006422178
47.0 -0.00633413805113
47.5 -0.00611960743023
48.0 -0.00593443553887
48.5 -0.00574380834682
49.0 -0.00555156581588
49.5 -0.00536112679085
50.0 -0.00516539092643
50.5 -0.00500150481789
51.0 -0.00479930615349
51.5 -0.00461997309193
52.0 -0.00446095333178
52.5 -0.00428521954471
53.0 -0.0041405914994
53.5 -0.00398121036759
54.0 -0.00382030445049
54.5 -0.00368708307836
55.0 -0.00351596191397
55.5 -0.00337139385879
56.0 -0.00322933834731
56.5 -0.00307278638792
57.0 -0.00295349115592
57.5 -0.00282395293243
58.0 -0.00272413154178
58.5 -0.00260200477532
59.0 -0.00244832510107
59.5 -0.00237016097957
60.0 -0.00226737744608
60.5 -0.00211096360793
61.0 -0.00202679416658
61.5 -0.00190904826278
62.0 -0.00181016147781
62.5 -0.00172488180826
63.0 -0.00165727264332
63.5 -0.00157063941306
64.0 -0.00147660266397
64.5 -0.00141050551914
65.0 -0.00132375065791
65.5 -0.00122555645027
66.0 -0.00114213989648
66.5 -0.00107787689194
67.0 -0.000983757656611
67.5 -0.000921859968498
68.0 -0.000864556929667
68.5 -0.0008238845541
69.0 -0.000777639004536
69.5 -0.000722638414612
70.0 -0.000665905985354
70.5 -0.000612604989863
71.0 -0.000562222406518
71.5 -0.000506159544164
72.0 -0.000434835176275
72.5 -0.000394133196133
73.0 -0.000384274664567
73.5 -0.000371416072303
74.0 -0.000352100672439
74.5 -0.000348440121115
75.0 -0.000248661256968
75.5 -0.000251304110696
76.0 -0.00022750844502
76.5 -0.000205733294043
77.0 -0.000160454277365
77.5 -0.000132418047967
78.0 -0.000164454079938
78.5 -0.000114637390638
79.0 -6.07853045693e-05
79.5 -9.40226392885e-05
80.0 -8.22657394668e-05
80.5 -7.19567252307e-05
81.0 -6.94386958973e-05
81.5 -4.75169232033e-05
82.0 -3.35741862756e-05
82.5 -1.4693185463e-05
83.0 -2.79591081274e-05
83.5 -3.85427407963e-05
84.0 -9.6732526405e-05
84.5 1.39411692679e-05
85.0 -8.11143630557e-05
85.5 -6.71568539907e-05
86.0 -8.89371554571e-05
86.5 -9.53721503016e-05
87.0 -6.84015859242e-05
87.5 -6.12922118357e-05
88.0 -0.000120763471568
88.5 -0.000116189991811
89.0 -7.81056692958e-05
89.5 -0.000207271183108
90.0 -0.000112217630249
90.5 -0.000187951092517
91.0 -0.000209902263116
91.5 -0.000278088405633
92.0 -0.000316112511804
92.5 -0.000290189161394
93.0 -0.000262442935366
93.5 -0.000249668386754
94.0 -0.000259998265946
94.5 -0.000295125471382
95.0 -0.000434267220118
95.5 -0.000494319100742
96.0 -0.000516256259015
96.5 -0.000419427192138
97.0 -0.000500414459619
97.5 -0.000671360568649
98.0 -0.000684231550217
98.5 -0.000585584274823
99.0 -0.000674440201877
99.5 -0.000805865716622
100.0 -0.000946588588214
100.5 -0.000743414077377
101.0 -0.000989824992935
101.5 -0.00109170857277
102.0 -0.0010447230929
102.5 -0.00111345001878
103.0 -0.00116799463481
103.5 -0.00124800480113
104.0 -0.0013405519644
104.5 -0.00120761959245
105.0 -0.00133960147717
105.5 -0.00136422040503
106.0 -0.00150495972563
106.5 -0.00179955830799
107.0 -0.00169271192662
107.5 -0.00169283043768
108.0 -0.00196924612188
108.5 -0.00216663779052
109.0 -0.0022058120266
109.5 -0.00230426209296
110.0 -0.00251345877961
110.5 -0.00252406661075
111.0 -0.00270205932984
111.5 -0.00311454126717
112.0 -0.00288827463264
112.5 -0.00278597184167
113.0 -0.00288343790163
113.5 -0.00324786221456
114.0 -0.00315320908824
114.5 -0.00304703051977
115.0 -0.00338837352045
115.5 -0.00292557172175
116.0 -0.00246856603712
116.5 -0.00276965069081
117.0 -0.00353491606849
117.5 -0.0049167176925
118.0 -0.00293879344896
118.5 -0.00198368078175
119.0 0.000695065699745
119.5 0.00763444019269
120.0 0.00722094140406
120.5 0.00395759894228
121.0 0.000107223566658
121.5 -0.0036174644007
122.0 -0.00524652433499
122.5 -0.00581760552625
123.0 -0.00486477741796
123.5 -0.0035190874856
124.0 -0.00364744711139
124.5 -0.00486403725874
125.0 -0.00361231969539
125.5 -0.00403803639722
126.0 -0.00343934107953
126.5 -0.00384846715916
127.0 -0.00425086208669
127.5 -0.00416406425565
128.0 -0.00407216910337
128.5 -0.00397298796853
129.0 -0.00351713091217
129.5 -0.00368357315046
130.0 -0.00305819381568
130.5 -0.00334036029113
131.0 -0.00275934245143
131.5 -0.00302443717864
132.0 -0.00320377605086
132.5 -0.00288890477628
133.0 -0.0026162302036
133.5 -0.00269321761451
134.0 -0.00241912197707
134.5 -0.00215409563273
135.0 -0.00186933166771
135.5 -0.00212233173555
136.0 -0.00192467895259
136.5 -0.00176288537077
137.0 -0.00155320000772
137.5 -0.00151537322839
138.0 -0.00135017700956
138.5 -0.00123793688635
139.0 -0.00110953610134
139.5 -0.000952093968422
140.0 -0.000781431733248
140.5 -0.00106337010348
141.0 -0.000869607210802
141.5 -0.000790677393628
142.0 -0.000623288106084
142.5 -0.000573927869596
143.0 -0.000470801382281
143.5 -0.000401336704545
144.0 -0.000318760449206
144.5 -0.000161552389033
145.0 -0.000412186471925
145.5 -0.000327859945167
146.0 -0.000217660047293
146.5 -0.000170299366429
147.0 -0.000110907803916
147.5 -4.46039436754e-05
148.0 7.02555390788e-05
148.5 0.000192995774709
149.0 0.000216568475249
149.5 0.000275929805278
150.0 0.000335389605229
150.5 0.0004208133144
151.0 0.000583615118082
151.5 0.000432225872784
152.0 0.000438412427399
152.5 0.000519321978809
153.0 0.000624762486886
153.5 0.000704106638993
154.0 0.000765981840523
154.5 0.000842999587311
155.0 0.000906149683365
155.5 0.000996786197849
156.0 0.00108959429587
156.5 0.00114891923896
157.0 0.00124172673542
157.5 0.00132857384784
158.0 0.00139320591319
158.5 0.00154826171187
159.0 0.0016492752808
159.5 0.0016906063818
160.0 0.00166810815544
160.5 0.00145794054936
161.0 0.0017114751038
161.5 0.00193600177383
162.0 0.00209410675103
162.5 0.00203004683915
163.0 0.00213513037169
163.5 0.00238896005929
164.0 0.0024455830801
164.5 0.00242755960399
165.0 0.00258254938819
165.5 0.00257936244273
166.0 0.00254268548699
166.5 0.00277572593829
167.0 0.00284742104516
167.5 0.00300992974284
168.0 0.00327932581285
168.5 0.00358941060582
169.0 0.0035475558408
169.5 0.00339401622622
170.0 0.00388569304837
170.5 0.00422583410223
171.0 0.00448047636662
171.5 0.00421410824389
172.0 0.0044287314945
172.5 0.00495899803227
173.0 0.00528063288544
173.5 0.00549146977616
174.0 0.0055610457924
174.5 0.00546670204908
175.0 0.00545691465862
175.5 0.00504359502678
176.0 0.00529810646445
176.5 0.00560040610279
177.0 0.00563812227595
177.5 0.00528497871503
178.0 0.00542625943972
178.5 0.00386065267267
179.0 -0.000155504194794
179.5 -0.00318356891829
180.0 -0.00401050588495
180.5 -0.00553754314127
181.0 -0.00359953721727
181.5 -0.0019488043143
182.0 -0.00101408558477
182.5 -0.000175553580434
183.0 0.000527212236705
183.5 0.00106318239635
184.0 0.00138684126507
184.5 0.00098665808413
185.0 0.000868133051341
185.5 0.000533870401071
186.0 0.00129631637982
186.5 0.00107859010036
187.0 0.000952708030511
187.5 0.000658485053123
188.0 0.000328605059664
188.5 9.16792261165e-05
189.0 -0.000135903914355
189.5 -0.00051251092961
190.0 -0.000840179137256
190.5 -0.00125485021063
191.0 -0.00155239982865
191.5 -0.00198651739778
192.0 -0.00234442761381
192.5 -0.00260395242536
193.0 -0.0034259466359
193.5 -0.00409491555713
194.0 -0.00477727761439
194.5 -0.00558639130142
195.0 -0.00651527182212
195.5 -0.00823635061478
196.0 -0.00953598033924
196.5 -0.0108125031694
197.0 -0.0138554985031
197.5 -0.0164766041296
198.0 -0.0219108456589
198.5 -0.0278402952648
199.0 -0.0439285827733
199.5 -0.0662186093561
