0.0 -0.00778762992672
0.5 0.00806257677628
1.0 -0.00484603994708
1.5 -0.00989741813722
2.0 -0.0129630341153
2.5 -0.0155875159221
3.0 -0.017252619941
3.5 -0.0188717767382
4.0 -0.0206326873241
4.5 -0.0217249686103
5.0 -0.0230177739529
5.5 -0.0242654580338
6.0 -0.0253252134379
6.5 -0.0262982235398
7.0 -0.0271555788894
7.5 -0.0280643329301
8.0 -0.0288773280328
8.5 -0.0297499352163
9.0 -0.0304082144591
9.5 -0.0310926003764
10.0 -0.0317548271161
10.5 -0.0323018804226
11.0 -0.0328385066195
11.5 -0.0333342043494
12.0 -0.0337888542271
12.5 -0.034228954157
13.0 -0.0345414972601
13.5 -0.0348286072925
14.0 -0.0350565931078
14.5 -0.0352142254953
15.0 -0.0353221395076
15.5 -0.0354126679987
16.0 -0.0354328896868
16.5 -0.0353771502529
17.0 -0.0352958962613
17.5 -0.0351655389994
18.0 -0.0350094709902
18.5 -0.0347748925762
19.0 -0.0344970706634
19.5 -0.0341794793928
20.0 -0.033868505245
20.5 -0.0334736851211
21.0 -0.0330229363066
21.5 -0.0325557826395
22.0 -0.0320686726235
22.5 -0.0315574364034
23.0 -0.0310054861205
23.5 -0.0304478070958
24.0 -0.0298586109189
24.5 -0.0292641474347
25.0 -0.028619116446
25.5 -0.0279621771634
26.0 -0.0272951563004
26.5 -0.0266097759348
27.0 -0.0259342086369
27.5 -0.0252537167009
28.0 -0.0245410277113
28.5 -0.0238456917206
29.0 -0.0231532088056
29.5 -0.0224766254655
30.0 -0.0217697837249
30.5 -0.0210818428744
31.0 -0.0203886335198
31.5 -0.0196869894424
32.0 -0.018995873406
32.5 -0.0182993899834
33.0 -0.0176320795777
33.5 -0.016980983615
34.0 -0.0163135294164
34.5 -0.0156769434448
35.0 -0.0150483158194
35.5 -0.0144009521802
36.0 -0.0137816553468
36.5 -0.0131786263093
37.0 -0.0125916443361
37.5 -0.0120156526994
38.0 -0.0114399137995
38.5 -0.0108902238026
39.0 -0.010327806505
39.5 -0.00979414889416
40.0 -0.00929114674526
40.5 -0.00877642043283
41.0 -0.00827907512351
41.5 -0.00781458433286
42.0 -0.00734071200806
42.5 -0.00687392365387
43.0 -0.00643638967447
43.5 -0.00600486871596
44.0 -0.00558678512658
44.5 -0.00517402740168
45.0 -0.00476796246954
45.5 -0.00438740508412
46.0 -0.00401356512567
46.5 -0.00366774557892
47.0 -0.00332250497988
47.5 -0.00297520233591
48.0 -0.00265671132436
48.5 -0.00233302132988
49.0 -0.0020317775499
49.5 -0.00172606530123
50.0 -0.00142498402211
50.5 -0.00115769539747
51.0 -0.000886544243055
51.5 -0.000647471764966
52.0 -0.000395817734558
52.5 -0.0001348726831
53.0 7.62997769232e-05
53.5 0.000281152968654
54.0 0.000482477102345
54.5 0.000685813935032
55.0 0.000913255305727
55.5 0.00108526837006
56.0 0.00125158076331
56.5 0.00142872741483
57.0 0.00158898060611
57.5 0.00175349948284
58.0 0.00188245480413
58.5 0.0020224921682
59.0 0.00217246843829
59.5 0.00228595500792
60.0 0.00240291168461
60.5 0.00255785418062
61.0 0.00267398406354
61.5 0.00278285892212
62.0 0.00286319468809
62.5 0.00296539952631
63.0 0.00304918937952
63.5 0.00312347310143
64.0 0.00318957126591
64.5 0.00324816439129
65.0 0.00332043123307
65.5 0.00336479754245
66.0 0.00347391348573
66.5 0.00352860525351
67.0 0.00357497555285
67.5 0.0036202501108
68.0 0.00364597548991
68.5 0.00368312619352
69.0 0.00375350512968
69.5 0.00375431032919
70.0 0.00377819930091
70.5 0.00381455840822
71.0 0.00382944527229
71.5 0.00389570139505
72.0 0.00393706278938
72.5 0.00394106063942
73.0 0.00392693465582
73.5 0.00391069393012
74.0 0.00391787189237
74.5 0.00391730485919
75.0 0.00392880145762
75.5 0.00391791935729
76.0 0.00392155064837
76.5 0.00394787608252
77.0 0.00394217428654
77.5 0.003929674829
78.0 0.00390353337139
78.5 0.00389366639724
79.0 0.0038325215362
79.5 0.00380005445967
80.0 0.00373175497148
80.5 0.00378306984283
81.0 0.00377960390501
81.5 0.00369264348179
82.0 0.00372195715952
82.5 0.00373989411076
83.0 0.00367254505614
83.5 0.00365284208535
84.0 0.00358781460843
84.5 0.00347655963155
85.0 0.00356113964165
85.5 0.00349289084539
86.0 0.00347752501744
86.5 0.00343223602252
87.0 0.00338020872016
87.5 0.0033528457575
88.0 0.00323966367615
88.5 0.00318430246089
89.0 0.00326601521667
89.5 0.0031684917826
90.0 0.00308417209573
90.5 0.0029634358394
91.0 0.00291802170711
91.5 0.00286268147076
92.0 0.00276478788015
92.5 0.00276117310506
93.0 0.00273401526019
93.5 0.00263348310973
94.0 0.00266900931589
94.5 0.0025817556077
95.0 0.00251007021272
95.5 0.00234636200945
96.0 0.00235649802067
96.5 0.00231409809188
97.0 0.00219575106818
97.5 0.00207559267984
98.0 0.00207519523965
98.5 0.00214880054848
99.0 0.00207200610399
99.5 0.00188965036195
100.0 0.00200465822277
100.5 0.00175090803049
101.0 0.00156520301478
101.5 0.00155867327295
102.0 0.00141196035293
102.5 0.00130153617269
103.0 0.00126529614926
103.5 0.00104853403312
104.0 0.000896347896067
104.5 0.000927123943818
105.0 0.000761709432759
105.5 0.000584758079547
106.0 0.00069518535328
106.5 0.00044375463834
107.0 0.000254978052865
107.5 0.000109083247246
108.0 -6.24480985252e-05
108.5 -0.000159581912641
109.0 -0.000163590422112
109.5 -0.000240644204858
110.0 -0.000331825704897
110.5 -0.000647875664548
111.0 -0.000902207237772
111.5 -0.00112541462875
112.0 -0.00122866676481
112.5 -0.0016374723056
113.0 -0.00195197290452
113.5 -0.00231056415312
114.0 -0.00245907320436
114.5 -0.0024645823776
115.0 -0.00286137522193
115.5 -0.00240231653018
116.0 -0.00303380040032
116.5 -0.00252950669578
117.0 -0.00278696768117
117.5 -0.00473794195403
118.0 -0.00264802263732
118.5 -0.00126030002173
119.0 0.0009839917074
119.5 0.00996706554668
120.0 0.0118582397164
120.5 0.00863280585797
121.0 0.00401935249624
121.5 -0.00102681187259
122.0 -0.00136886070665
122.5 -0.00428570757458
123.0 -0.00294507648852
123.5 -0.00249734746731
124.0 -0.00264726134672
124.5 -0.00198538948554
125.0 -0.00215041269168
125.5 -0.00289844414394
126.0 -0.00282224165743
126.5 -0.00248151766216
127.0 -0.00296528541946
127.5 -0.00286403794004
128.0 -0.00268515400887
128.5 -0.00274431052041
129.0 -0.00224608967952
129.5 -0.00199386937501
130.0 -0.00208474148724
130.5 -0.00181864298601
131.0 -0.00166268563906
131.5 -0.00153438129481
132.0 -0.00130222925711
132.5 -0.00137349737096
133.0 -0.00147386572894
133.5 -0.00124519894037
134.0 -0.000917984979587
134.5 -0.000987117938891
135.0 -0.000894929804595
135.5 -0.000929682211883
136.0 -0.000616415473587
136.5 -0.000597297377386
137.0 -0.000434039849377
137.5 -0.000633276151142
138.0 -0.000507030423083
138.5 -0.000301167509214
139.0 -0.00018356087682
139.5 -3.43413252502e-05
140.0 6.01661196917e-05
140.5 0.000121921917611
141.0 0.000235235929857
141.5 0.000252381093254
142.0 0.000559248862121
142.5 0.000478436273653
143.0 0.000449169804165
143.5 0.000580450511256
144.0 0.00069024786451
144.5 0.000909632669421
145.0 0.00106468914059
145.5 0.000862082341142
146.0 0.000914158776338
146.5 0.000916784204605
147.0 0.000981997436543
147.5 0.00116526541997
148.0 0.00122818896171
148.5 0.0012124836773
149.0 0.00129330483173
149.5 0.00146292128973
150.0 0.00164239062611
150.5 0.00150968872977
151.0 0.00155613770096
151.5 0.00161428157511
152.0 0.00165322274335
152.5 0.00166606485088
153.0 0.0017237873194
153.5 0.0017754022765
154.0 0.00179963250546
154.5 0.00184388946498
155.0 0.00184615060003
155.5 0.00178246354895
156.0 0.00196048843683
156.5 0.00211659151038
157.0 0.00232277602902
157.5 0.00232591533857
158.0 0.00220138714277
158.5 0.00230070438649
159.0 0.00251948098304
159.5 0.00268326919025
160.0 0.00282947397192
160.5 0.00279187313016
161.0 0.00278559231544
161.5 0.00267401465229
162.0 0.00285822286538
162.5 0.00312937842813
163.0 0.00320377839706
163.5 0.00306389154461
164.0 0.00296409511355
164.5 0.00317569714468
165.0 0.00336324179228
165.5 0.00346088405458
166.0 0.00348210469037
166.5 0.00364555441237
167.0 0.00372853637511
167.5 0.00414222775705
168.0 0.00448803288605
168.5 0.00435971226386
169.0 0.00413887064637
169.5 0.00441356411293
170.0 0.00454235772008
170.5 0.00459046426739
171.0 0.00476365955568
171.5 0.00496442382965
172.0 0.00510169997925
172.5 0.00541882401565
173.0 0.0056573071748
173.5 0.00575701124363
174.0 0.00588105469559
174.5 0.00591342650684
175.0 0.00607744893
175.5 0.00609705192601
176.0 0.00700749356052
176.5 0.00688012449898
177.0 0.0079061063133
177.5 0.00947624695696
178.0 0.00771048448919
178.5 0.00537466848994
179.0 0.000492203716263
179.5 -0.000541898972799
180.0 -0.00033214125996
180.5 -0.00297743266508
181.0 -0.00247600723687
181.5 -0.000840912328528
182.0 0.000214678308254
182.5 0.00138241005656
183.0 0.00121413922774
183.5 0.00222217229746
184.0 0.00264764990857
184.5 0.00229364974308
185.0 0.00224167885202
185.5 0.00204945673005
186.0 0.00204845276571
186.5 0.00175946230597
187.0 0.00206461374646
187.5 0.00183583333271
188.0 0.00142273175346
188.5 0.0012728489439
189.0 0.00104246705124
189.5 0.000791381675938
190.0 0.000564021480358
190.5 0.000218294947487
191.0 5.3847608541e-06
191.5 -0.000365113726048
192.0 -0.000724002820505
192.5 -0.000976664768999
193.0 -0.00146024405892
193.5 -0.00197623419123
194.0 -0.00256726624562
194.5 -0.00317396504158
195.0 -0.00379567814699
195.5 -0.00473878473466
196.0 -0.00632731403118
196.5 -0.00738956821789
197.0 -0.00879425436241
197.5 -0.00995122008105
198.0 -0.0138174262838
198.5 -0.0190121963089
199.0 -0.028499352506
199.5 -0.0447607596494
