0.0 -0.0059812561865
0.5 0.00816592547693
1.0 -0.00392355704441
1.5 -0.00953476615416
2.0 -0.0124617041138
2.5 -0.0153955060422
3.0 -0.0172310471475
3.5 -0.0188993953067
4.0 -0.0204237659801
4.5 -0.0221550706149
5.0 -0.0234264849039
5.5 -0.0245456128035
6.0 -0.0258588589268
6.5 -0.0269969736157
7.0 -0.0279484000495
7.5 -0.0289683765333
8.0 -0.0298712643753
8.5 -0.0307637957155
9.0 -0.031608269578
9.5 -0.0324265566284
10.0 -0.033174173953
10.5 -0.0339495664809
11.0 -0.034616993655
11.5 -0.0352208211604
12.0 -0.0358053474723
12.5 -0.036317460469
13.0 -0.036780533708
13.5 -0.0371907511942
14.0 -0.0375731586344
14.5 -0.0378751609244
15.0 -0.0380969821629
15.5 -0.0382893712151
16.0 -0.038399805073
16.5 -0.0384577924736
17.0 -0.0384508957718
17.5 -0.0384232545297
18.0 -0.0383755085635
18.5 -0.0382144011791
19.0 -0.0380111112985
19.5 -0.0377827356306
20.0 -0.0374765684718
20.5 -0.0371313157099
21.0 -0.0367378329815
21.5 -0.0362882300988
22.0 -0.0358145697685
22.5 -0.0353022622834
23.0 -0.0347847267557
23.5 -0.034204618526
24.0 -0.0336026555189
24.5 -0.0329982256317
25.0 -0.0323307728825
25.5 -0.0316453709471
26.0 -0.0309497432549
26.5 -0.0302345309717
27.0 -0.0295197215339
27.5 -0.0287752635195
28.0 -0.0280137741215
28.5 -0.0272570230225
29.0 -0.0264942832508
29.5 -0.0257754709722
30.0 -0.0249927156154
30.5 -0.0242205021288
31.0 -0.0234663642257
31.5 -0.0226946293227
32.0 -0.0219182990578
32.5 -0.0211581944816
33.0 -0.020409818391
33.5 -0.019666776401
34.0 -0.0189289861523
34.5 -0.0182250307108
35.0 -0.0175088669043
35.5 -0.0168100948186
36.0 -0.0161103048817
36.5 -0.0154159295213
37.0 -0.0147427072584
37.5 -0.0140879757639
38.0 -0.0134473556175
38.5 -0.0128297503386
39.0 -0.0121985681058
39.5 -0.0116005333978
40.0 -0.0110074785101
40.5 -0.0104435174378
41.0 -0.00987440029492
41.5 -0.00932838110401
42.0 -0.00879235206011
42.5 -0.00828064312699
43.0 -0.00778866373116
43.5 -0.00728454983152
44.0 -0.00680619353479
44.5 -0.00634136307398
45.0 -0.00590241221587
45.5 -0.00546429902042
46.0 -0.00503157026402
46.5 -0.00463476203549
47.0 -0.00423329685538
47.5 -0.00383151807728
48.0 -0.00347664374593
48.5 -0.00311740743518
49.0 -0.00276886953725
49.5 -0.00244782938618
50.0 -0.00207747287739
50.5 -0.00177839902133
51.0 -0.00147758217259
51.5 -0.00120275057202
52.0 -0.000926311125131
52.5 -0.000643764114418
53.0 -0.000396439305428
53.5 -0.000144721937581
54.0 8.64801147493e-05
54.5 0.000315654761518
55.0 0.000557656083869
55.5 0.0007745313352
56.0 0.000967939418407
56.5 0.00116495710607
57.0 0.00134990407809
57.5 0.00154219371882
58.0 0.00170733912538
58.5 0.00185507008938
59.0 0.00201320883763
59.5 0.00216235785971
60.0 0.0023481044022
60.5 0.00247677372951
61.0 0.0025842007602
61.5 0.00272957154483
62.0 0.00284338966843
62.5 0.00292646748211
63.0 0.00302726354872
63.5 0.00311607259995
64.0 0.00319633158585
64.5 0.00331229089675
65.0 0.00338796781285
65.5 0.0034602600582
66.0 0.00352410218939
66.5 0.00361856057697
67.0 0.00371939317983
67.5 0.00376195725135
68.0 0.00380669746247
68.5 0.00382576130008
69.0 0.0038656815285
69.5 0.00389712577439
70.0 0.00393413452112
70.5 0.00399073382448
71.0 0.00403011755122
71.5 0.00403693656362
72.0 0.00409212848576
72.5 0.00415537557919
73.0 0.00413757365755
73.5 0.00412343746333
74.0 0.00413516480182
74.5 0.00413941935326
75.0 0.00413849687758
75.5 0.00413626185319
76.0 0.00415243312294
76.5 0.00415476538597
77.0 0.00416024843292
77.5 0.00419534717848
78.0 0.00420531903956
78.5 0.0041369859104
79.0 0.00409664764747
79.5 0.00408619325668
80.0 0.00406275656328
80.5 0.0040377829557
81.0 0.00402130115758
81.5 0.00403307528013
82.0 0.00404305164132
82.5 0.00403594820104
83.0 0.00399866920604
83.5 0.00395238559285
84.0 0.00388501664862
84.5 0.00384943859822
85.0 0.00383574644343
85.5 0.00376309899961
86.0 0.00372362721695
86.5 0.00367294184007
87.0 0.00363181468755
87.5 0.0035881447542
88.0 0.00356915110358
88.5 0.00361559585448
89.0 0.00355762879043
89.5 0.00340397368696
90.0 0.00332782994493
90.5 0.00333287900902
91.0 0.00325538289174
91.5 0.00321745081883
92.0 0.00317554360426
92.5 0.00312515093206
93.0 0.00305711415036
93.5 0.00298638470621
94.0 0.00301499185166
94.5 0.00292239376117
95.0 0.00283217257267
95.5 0.00265956468667
96.0 0.00270543835683
96.5 0.00273952532049
97.0 0.00252592076957
97.5 0.00245576605623
98.0 0.00241839312787
98.5 0.00225677991702
99.0 0.00230895454833
99.5 0.0021329283883
100.0 0.00188945192267
100.5 0.00203716596245
101.0 0.00187672421909
101.5 0.00191497301289
102.0 0.00175781162783
102.5 0.00157745374788
103.0 0.00156214489166
103.5 0.00147533595292
104.0 0.00140264759245
104.5 0.0013732450388
105.0 0.00142631472913
105.5 0.00120698440777
106.0 0.00102679338502
106.5 0.000691806731254
107.0 0.000657132676359
107.5 0.000657490317614
108.0 0.000429247730615
108.5 8.91926185886e-05
109.0 -5.11676949984e-05
109.5 -6.50652945708e-05
110.0 -0.000295465427712
110.5 -0.000159491620543
111.0 -0.00048404755109
111.5 -0.000706396138675
112.0 -0.00063930667114
112.5 -0.000829930183784
113.0 -0.00127318338974
113.5 -0.00145928671746
114.0 -0.000824797193147
114.5 -0.00147891106516
115.0 -0.00123357678383
115.5 -0.00124947363587
116.0 -0.00156368993503
116.5 -0.00184169427982
117.0 -0.0025121933822
117.5 -0.00331696225551
118.0 -0.00110494265542
118.5 -0.00061784532474
119.0 0.00375648474484
119.5 0.0117330776481
120.0 0.010044855313
120.5 0.00648146831828
121.0 0.00226609564362
121.5 -0.00144377474803
122.0 -0.00310433512774
122.5 -0.00297935219533
123.0 -0.00239993062914
123.5 -0.0021595186156
124.0 -0.00167926121289
124.5 -0.00178961115354
125.0 -0.00276547366441
125.5 -0.00270629362731
126.0 -0.00261129441922
126.5 -0.00269754842461
127.0 -0.00249336577369
127.5 -0.00244274523354
128.0 -0.00237027848455
128.5 -0.00238427918246
129.0 -0.00225132567364
129.5 -0.0020389379036
130.0 -0.00222537477591
130.5 -0.00113321052464
131.0 -0.00177209396509
131.5 -0.00168576660707
132.0 -0.00149426289565
132.5 -0.00144516775905
133.0 -0.00145368583922
133.5 -0.00129715341883
134.0 -0.000982271455719
134.5 -0.0010500567242
135.0 -0.000936535616908
135.5 -0.0009014364826
136.0 -0.000524626257054
136.5 -0.000648488998724
137.0 -0.000612565073627
137.5 -0.000528327748697
138.0 -0.000193677987458
138.5 -0.00017051232502
139.0 -0.00035677746629
139.5 -0.000150177565505
140.0 2.21481241489e-05
140.5 9.79948743733e-05
141.0 0.000243170027264
141.5 0.000290968475202
142.0 0.000550760350755
142.5 0.000437567833309
143.0 0.000431812378546
143.5 0.000622183079427
144.0 0.000694558895564
144.5 0.000579882663185
145.0 0.000652526626001
145.5 0.000803040589368
146.0 0.000893789576295
146.5 0.00101600774909
147.0 0.000883251387345
147.5 0.00085707580958
148.0 0.000949632107816
148.5 0.00109901493071
149.0 0.00124839008855
149.5 0.00130991695848
150.0 0.00111068750155
150.5 0.00117108215789
151.0 0.0012779727601
151.5 0.00136513664817
152.0 0.00143832424496
152.5 0.00149877135651
153.0 0.00163797527012
153.5 0.00168828601671
154.0 0.00159389214484
154.5 0.00155478716719
155.0 0.00146596774701
155.5 0.00154741957211
156.0 0.00171371308807
156.5 0.00177882880136
157.0 0.00186650980332
157.5 0.00194383358342
158.0 0.00199451497775
158.5 0.00214114145152
159.0 0.00224031903421
159.5 0.00227791818444
160.0 0.00225777515162
160.5 0.00205369313632
161.0 0.0022835122609
161.5 0.00249932707327
162.0 0.00265902062483
162.5 0.00270076132954
163.0 0.00270532254547
163.5 0.00270821121051
164.0 0.00270031142621
164.5 0.00275509229392
165.0 0.0029216795937
165.5 0.00290230619655
166.0 0.00283560334127
166.5 0.00306840122406
167.0 0.00310027406141
167.5 0.00302990762763
168.0 0.0032317682868
168.5 0.00367905701209
169.0 0.00382149330669
169.5 0.00390623665822
170.0 0.00399698471459
170.5 0.00349087312685
171.0 0.00385784497882
171.5 0.00422899466011
172.0 0.0044758228541
172.5 0.00481475938703
173.0 0.00490801643083
173.5 0.00499392838121
174.0 0.00498077347052
174.5 0.00487751856978
175.0 0.00483051663308
175.5 0.00419662678166
176.0 0.00406493145337
176.5 0.00395863431974
177.0 0.00373154012738
177.5 0.00463694256757
178.0 0.00290117128148
178.5 0.0016620905496
179.0 -0.000804320737359
179.5 -0.00275593784966
180.0 -0.00277970364023
180.5 -0.00385623818944
181.0 -0.00155056944267
181.5 0.000403640921562
182.0 0.00140194896413
182.5 0.00199795578553
183.0 0.00318433793721
183.5 0.00366778555851
184.0 0.00323292316916
184.5 0.00306080184387
185.0 0.00302045401379
185.5 0.00284538512422
186.0 0.00293427283795
186.5 0.00285735512743
187.0 0.00269728742174
187.5 0.00247776322168
188.0 0.00220594574816
188.5 0.00208573454098
189.0 0.00168710232683
189.5 0.00135909570163
190.0 0.00109337866371
190.5 0.000714912715139
191.0 0.000446636568341
191.5 5.08202438709e-05
192.0 -0.000251274209703
192.5 -0.000428421200567
193.0 -0.00110770717264
193.5 -0.00153360582685
194.0 -0.00219396721586
194.5 -0.00288558273745
195.0 -0.00352310995987
195.5 -0.00482063562099
196.0 -0.00582310327133
196.5 -0.00705697027537
197.0 -0.00861715150128
197.5 -0.0098645220998
198.0 -0.0138214678399
198.5 -0.0193310493561
199.0 -0.0291639016141
199.5 -0.0462598113421
