0.0 -0.00543451935758
0.5 0.0105687028208
1.0 -0.000785252715403
1.5 -0.00559514837387
2.0 -0.00854901459817
2.5 -0.011072588172
3.0 -0.0124875221344
3.5 -0.0139299551062
4.0 -0.0155409281357
4.5 -0.0165124976687
5.0 -0.017595808914
5.5 -0.0184438298978
6.0 -0.019286782496
6.5 -0.0200492693314
7.0 -0.0207640204553
7.5 -0.0215392612136
8.0 -0.0220461078967
8.5 -0.022565920361
9.0 -0.0230313895469
9.5 -0.0234671965359
10.0 -0.0238788299278
10.5 -0.0242003533978
11.0 -0.0245031694162
11.5 -0.0247747533452
12.0 -0.0250151098229
12.5 -0.025244070389
13.0 -0.0253741081518
13.5 -0.025457911422
14.0 -0.0255279497265
14.5 -0.0255251839971
15.0 -0.0255551843985
15.5 -0.0254980002689
16.0 -0.025387184606
16.5 -0.0252759044712
17.0 -0.0251375104761
17.5 -0.0249655417089
18.0 -0.0247531034205
18.5 -0.0245375233766
19.0 -0.0242751027349
19.5 -0.0239930220585
20.0 -0.0236736945416
20.5 -0.0233357795156
21.0 -0.0230117531089
21.5 -0.0226353389821
22.0 -0.02224774454
22.5 -0.021859650301
23.0 -0.0214443071182
23.5 -0.0210306586118
24.0 -0.0206154781086
24.5 -0.0202161993879
25.0 -0.0197604809493
25.5 -0.0193048225977
26.0 -0.0188369853958
26.5 -0.0183679106334
27.0 -0.0179142025243
27.5 -0.0174268184713
28.0 -0.0169481677635
28.5 -0.016483455372
29.0 -0.0160166434698
29.5 -0.015578386708
30.0 -0.015101467108
30.5 -0.0146342051838
31.0 -0.0141758884262
31.5 -0.0137192889281
32.0 -0.0132677213164
32.5 -0.012796905045
33.0 -0.0123414971312
33.5 -0.0119021171515
34.0 -0.0114875292905
34.5 -0.0110585428168
35.0 -0.010634088717
35.5 -0.0102235124265
36.0 -0.00980316625355
36.5 -0.0093919337932
37.0 -0.00900211467253
37.5 -0.00861950435605
38.0 -0.00823326153292
38.5 -0.00786528606236
39.0 -0.00747947924698
39.5 -0.00711723575581
40.0 -0.00675950571458
40.5 -0.00641763226801
41.0 -0.0060837938937
41.5 -0.00577273119993
42.0 -0.00544555557032
42.5 -0.0051256211998
43.0 -0.00482619787484
43.5 -0.00451127003296
44.0 -0.00421868930929
44.5 -0.00394703819662
45.0 -0.00368792867679
45.5 -0.00341417250567
46.0 -0.00315195293737
46.5 -0.00292134679953
47.0 -0.00268036191266
47.5 -0.00242492878004
48.0 -0.00219700203589
48.5 -0.00196206908299
49.0 -0.00174160130476
49.5 -0.00154548870675
50.0 -0.00132572453154
50.5 -0.00114172185055
51.0 -0.000968143764052
51.5 -0.000772306950831
52.0 -0.000593454560125
52.5 -0.000414012200107
53.0 -0.000277305748956
53.5 -0.000118059042038
54.0 4.84339433875e-05
54.5 0.000190833337468
55.0 0.00034747846032
55.5 0.00050933033072
56.0 0.000637391672214
56.5 0.000763328672583
57.0 0.000871930668406
57.5 0.000993479337643
58.0 0.00109516100959
58.5 0.00119799091478
59.0 0.0013025091276
59.5 0.00137246568824
60.0 0.00148836069282
60.5 0.00158051944466
61.0 0.00165803575688
61.5 0.0017345454431
62.0 0.00181054281126
62.5 0.00189904298726
63.0 0.00193637633278
63.5 0.00199577939868
64.0 0.00206425303019
64.5 0.00209656834494
65.0 0.00214918267715
65.5 0.00221290987191
66.0 0.00225750657946
66.5 0.00233593213129
67.0 0.002381947846
67.5 0.00239775574551
68.0 0.00242418085472
68.5 0.002435435424
69.0 0.00244982664783
69.5 0.0025278636103
70.0 0.00252759922027
70.5 0.00255154134893
71.0 0.00257721571307
71.5 0.00259260531404
72.0 0.00261953225444
72.5 0.00263947837041
73.0 0.00263434668945
73.5 0.00263999411362
74.0 0.00262998585335
74.5 0.00261515822234
75.0 0.00260763720549
75.5 0.00260846068421
76.0 0.00263123870042
76.5 0.00262711362987
77.0 0.00259151964272
77.5 0.00260128708306
78.0 0.00264889329306
78.5 0.00262851949956
79.0 0.0025815754963
79.5 0.00255755861963
80.0 0.00254266735765
80.5 0.00249951627407
81.0 0.00246914811461
81.5 0.00248352840799
82.0 0.00249771317942
82.5 0.00249018802348
83.0 0.00242873844084
83.5 0.00238777241655
84.0 0.00239766539819
84.5 0.00235872055445
85.0 0.00232887094198
85.5 0.00225165487207
86.0 0.00218870736618
86.5 0.00219825401485
87.0 0.00218870239515
87.5 0.00214360495375
88.0 0.00206826900715
88.5 0.00208205021677
89.0 0.00205567632248
89.5 0.00190098422693
90.0 0.00199614595163
90.5 0.00190536212949
91.0 0.00183232583298
91.5 0.00182269970438
92.0 0.00178183436721
92.5 0.00176106518642
93.0 0.00171070009802
93.5 0.00162441213125
94.0 0.00160790185744
94.5 0.00144587475088
95.0 0.00154845924752
95.5 0.00150908247205
96.0 0.00132749353553
96.5 0.00133405092533
97.0 0.00118551828133
97.5 0.00112691023766
98.0 0.00118320233267
98.5 0.00111937225753
99.0 0.00099104673313
99.5 0.000971696760026
100.0 0.000975422311008
100.5 0.000836760868324
101.0 0.000816701356797
101.5 0.000615532561632
102.0 0.000554012153792
102.5 0.000502729845422
103.0 0.000504135717449
103.5 0.000429034157378
104.0 0.000205964804792
104.5 4.21784268667e-06
105.0 5.80864281829e-05
105.5 0.000110187704216
106.0 -9.08930514569e-05
106.5 -0.000348284000545
107.0 -0.000423089557792
107.5 -0.000503497981121
108.0 -0.000655369712263
108.5 -0.000743309507193
109.0 -0.000700995953345
109.5 -0.000894872132136
110.0 -0.0011562788571
110.5 -0.00155583684482
111.0 -0.00160705584323
111.5 -0.00160720960076
112.0 -0.00194905274323
112.5 -0.00228360684629
113.0 -0.00218066865895
113.5 -0.00228013337171
114.0 -0.00227161167714
114.5 -0.00248219316957
115.0 -0.00268056963951
115.5 -0.00212730949249
116.0 -0.00250962975132
116.5 -0.00281364609029
117.0 -0.00286288345963
117.5 -0.00411841134297
118.0 -0.00141861173587
118.5 0.00083751082056
119.0 0.00398549826139
119.5 0.00899525020819
120.0 0.0066806626578
120.5 0.00582227269454
121.0 0.00389237308113
121.5 0.00102557077059
122.0 -0.000821102134012
122.5 -0.00426874617415
123.0 -0.00310890917581
123.5 -0.00286552836121
124.0 -0.00309103509642
124.5 -0.00318296092378
125.0 -0.00341734327851
125.5 -0.00324466540263
126.0 -0.00365399496206
126.5 -0.00337388057352
127.0 -0.00340160700777
127.5 -0.00327351229801
128.0 -0.00304953512983
128.5 -0.00308015592008
129.0 -0.00275596966401
129.5 -0.00256542825153
130.0 -0.00241541528177
130.5 -0.00282051285035
131.0 -0.00233782010561
131.5 -0.00224231689358
132.0 -0.00200173770466
132.5 -0.00186937830579
133.0 -0.00171440331921
133.5 -0.00164362294117
134.0 -0.00162977224731
134.5 -0.00170256842091
135.0 -0.00109359400486
135.5 -0.00147725438188
136.0 -0.00146420382947
136.5 -0.00136035239472
137.0 -0.00106612100488
137.5 -0.0008480346346
138.0 -0.000694962608062
138.5 -0.000816368656746
139.0 -0.000677001569052
139.5 -0.000558428752285
140.0 -0.000396814704647
140.5 -0.000288995475202
141.0 -8.79435057968e-05
141.5 5.85855538588e-05
142.0 1.07886719061e-05
142.5 -7.09612789631e-05
143.0 2.29497682085e-05
143.5 0.000101790178556
144.0 0.000194220110556
144.5 0.0003350965788
145.0 0.000396114648649
145.5 0.000505438411983
146.0 0.000692910827636
146.5 0.000540796618916
147.0 0.000540433327461
147.5 0.000599732268771
148.0 0.000613934170674
148.5 0.000673512426063
149.0 0.000795865968213
149.5 0.000946122697579
150.0 0.00110867589393
150.5 0.000939497302369
151.0 0.000903963868928
151.5 0.000967733844981
152.0 0.00107556289399
152.5 0.0011448676871
153.0 0.00122827258083
153.5 0.00130232629804
154.0 0.00136314098594
154.5 0.00143803323406
155.0 0.00149529473686
155.5 0.00158397123205
156.0 0.0016948157202
156.5 0.00184805539342
157.0 0.00180540115523
157.5 0.00166247877028
158.0 0.00166935885433
158.5 0.0018670587886
159.0 0.0019395401779
159.5 0.00199261601214
160.0 0.0021409245809
160.5 0.00226130169547
161.0 0.0023734592973
161.5 0.00219700376404
162.0 0.00232066087359
162.5 0.00249654495217
163.0 0.00265056403022
163.5 0.00276403027448
164.0 0.00284603368297
164.5 0.00297400445336
165.0 0.00311877126659
165.5 0.00278252346549
166.0 0.00292624718752
166.5 0.00326692854171
167.0 0.00339203586616
167.5 0.00329491073396
168.0 0.00345339384776
168.5 0.00379935639809
169.0 0.00391790743875
169.5 0.00412942491676
170.0 0.00441574133505
170.5 0.00447679586512
171.0 0.00465192014445
171.5 0.00488688927985
172.0 0.00464410249278
172.5 0.00519663750127
173.0 0.0057623630513
173.5 0.00575209214459
174.0 0.00566508757822
174.5 0.00627016751039
175.0 0.00654027469456
175.5 0.00619839347361
176.0 0.00658472522379
176.5 0.00750477705004
177.0 0.0072418520992
177.5 0.00790331687294
178.0 0.00807293152198
178.5 0.00525529727145
179.0 -0.00201686410156
179.5 -0.00368079099644
180.0 -0.00156707624335
180.5 -0.00133298951226
181.0 0.000462295673515
181.5 0.000646080390666
182.0 0.000301747252124
182.5 0.000669647420096
183.0 0.0013487929869
183.5 0.0015505082272
184.0 0.00130933196245
184.5 0.00119392283483
185.0 0.00115597415875
185.5 0.00175337421565
186.0 0.00163979855041
186.5 0.00147521399103
187.0 0.00139001515697
187.5 0.00115882977909
188.0 0.000892309000406
188.5 0.000764876148025
189.0 0.000637634315794
189.5 0.000340092269056
190.0 9.89836225642e-05
190.5 -0.000146751932689
191.0 -0.000287347508291
191.5 -0.000570537765995
192.0 -0.00102639844596
192.5 -0.00133955993655
193.0 -0.00190082096718
193.5 -0.00231730312693
194.0 -0.00288321090531
194.5 -0.00347942337176
195.0 -0.00418461116993
195.5 -0.00541445817302
196.0 -0.00602066702741
196.5 -0.0079827014423
197.0 -0.00943404853524
197.5 -0.00978256908139
198.0 -0.0140714835738
198.5 -0.01971887926
199.0 -0.0292462995426
199.5 -0.04496980342
