0.0 0.00946725218298
0.5 0.0317756051961
1.0 0.0520137986258
1.5 0.0451896425806
2.0 0.0403564435609
2.5 0.0367177167255
3.0 0.0338766082908
3.5 0.0310287518576
4.0 0.0289303728125
4.5 0.0268345669104
5.0 0.02476828402
5.5 0.0230043438018
6.0 0.0211236132475
6.5 0.0194446569836
7.0 0.0179484027439
7.5 0.016391368925
8.0 0.0149328511444
8.5 0.0134583897919
9.0 0.0120250001631
9.5 0.0104610302365
10.0 0.00901418315495
10.5 0.00762182339425
11.0 0.0061961134726
11.5 0.00474960222615
12.0 0.00334350068139
12.5 0.0019012106723
13.0 0.00045014130388
13.5 -0.000979676336959
14.0 -0.00247256921175
14.5 -0.00391117427153
15.0 -0.00535036391601
15.5 -0.00683192539838
16.0 -0.00830471994185
16.5 -0.009757257387
17.0 -0.011240948365
17.5 -0.0127359166377
18.0 -0.0142280681063
18.5 -0.0157153979871
19.0 -0.0171955639343
19.5 -0.0186873049215
20.0 -0.0201648654212
20.5 -0.0216482097311
21.0 -0.0231050223574
21.5 -0.0245557099141
22.0 -0.0260065779242
22.5 -0.0274335812872
23.0 -0.0288550715217
23.5 -0.0302651047329
24.0 -0.0316564694684
24.5 -0.0330417528017
25.0 -0.0343542243612
25.5 -0.0356599967307
26.0 -0.0369362959079
26.5 -0.0381703642455
27.0 -0.0393762031865
27.5 -0.0405345240499
28.0 -0.0416529638714
28.5 -0.0427325227227
29.0 -0.0437698018055
29.5 -0.0447644801399
30.0 -0.0456860511929
30.5 -0.0465623685704
31.0 -0.0473759301338
31.5 -0.0481136984384
32.0 -0.0488043103742
32.5 -0.0494108672765
33.0 -0.0499600527235
33.5 -0.0504676092308
34.0 -0.0508825537105
34.5 -0.0512550939202
35.0 -0.0515478764968
35.5 -0.0517474155179
36.0 -0.0518951533746
36.5 -0.0519711092029
37.0 -0.0519778338014
37.5 -0.0519379362183
38.0 -0.0518322074333
38.5 -0.0516375588584
39.0 -0.0513975032025
39.5 -0.0511105278967
40.0 -0.05075484838
40.5 -0.0503445616888
41.0 -0.0498917460281
41.5 -0.0494071229275
42.0 -0.0488508056895
42.5 -0.0482569571398
43.0 -0.0476437699803
43.5 -0.0469707744763
44.0 -0.0462806589929
44.5 -0.0455603620706
45.0 -0.0448024858665
45.5 -0.0440359876672
46.0 -0.0432383307491
46.5 -0.0424476308722
47.0 -0.0416278246733
47.5 -0.0407839581422
48.0 -0.0399574424486
48.5 -0.039106687803
49.0 -0.0382557723883
49.5 -0.0374039446597
50.0 -0.0365355416858
50.5 -0.0356913885719
51.0 -0.0348413412482
51.5 -0.0339993423867
52.0 -0.0331772347619
52.5 -0.0323418279451
53.0 -0.0315410484206
53.5 -0.0307335179041
54.0 -0.0299279108955
54.5 -0.0291554739451
55.0 -0.0283400974234
55.5 -0.0275712584901
56.0 -0.026840674739
56.5 -0.0260871194471
57.0 -0.0253798739192
57.5 -0.0246874133715
58.0 -0.0239967275879
58.5 -0.0233060527873
59.0 -0.0226435369543
59.5 -0.022011453064
60.0 -0.0213767905424
60.5 -0.0207384927956
61.0 -0.0201494593001
61.5 -0.0195429864681
62.0 -0.0189746459193
62.5 -0.0184483517396
63.0 -0.0179137104011
63.5 -0.0173907693278
64.0 -0.0168782522159
64.5 -0.0163691374949
65.0 -0.0158974718767
65.5 -0.0154136783955
66.0 -0.0149531231744
66.5 -0.0145241235904
67.0 -0.0140777973599
67.5 -0.0136817757021
68.0 -0.013267019437
68.5 -0.0128854413342
69.0 -0.0125206569875
69.5 -0.0121659133266
70.0 -0.0118172133993
70.5 -0.0114831847114
71.0 -0.0110950035336
71.5 -0.0107965365397
72.0 -0.0104766948013
72.5 -0.010170197935
73.0 -0.00988364464948
73.5 -0.00960239298123
74.0 -0.00937664353267
74.5 -0.00911708330633
75.0 -0.00886115288891
75.5 -0.00859636732739
76.0 -0.00832216677869
76.5 -0.00808462337179
77.0 -0.00788273672358
77.5 -0.00769380484923
78.0 -0.00749817143847
78.5 -0.00733465879516
79.0 -0.00713280280026
79.5 -0.00689967869793
80.0 -0.0067334412923
80.5 -0.00658110768547
81.0 -0.00646359521559
81.5 -0.00626498449443
82.0 -0.00605975091501
82.5 -0.00592049608144
83.0 -0.00583235511512
83.5 -0.00569492629367
84.0 -0.00557147172398
84.5 -0.00548538752637
85.0 -0.00539742361442
85.5 -0.00524388998709
86.0 -0.00513053246195
86.5 -0.00498461933697
87.0 -0.00492841434508
87.5 -0.00488860398609
88.0 -0.00482566779143
88.5 -0.00467112646668
89.0 -0.00455019343663
89.5 -0.00447276356238
90.0 -0.00459721082165
90.5 -0.00449873230783
91.0 -0.00438276187787
91.5 -0.00422391586326
92.0 -0.00421997576444
92.5 -0.00416093464039
93.0 -0.0041013461267
93.5 -0.00409360144975
94.0 -0.00395184473438
94.5 -0.00408771212795
95.0 -0.00406980459746
95.5 -0.00410531312015
96.0 -0.00408194908064
96.5 -0.00398139837155
97.0 -0.00398007575789
97.5 -0.0039767210052
98.0 -0.00393830301045
98.5 -0.0039023008847
99.0 -0.00386210801778
99.5 -0.00390889449955
100.0 -0.00392771492947
100.5 -0.00377832728358
101.0 -0.00396770502154
101.5 -0.00416165634773
102.0 -0.00414302609762
102.5 -0.00416177000697
103.0 -0.00425935284608
103.5 -0.00441501926571
104.0 -0.00434089535283
104.5 -0.00411411040979
105.0 -0.00440167552722
105.5 -0.00455705257868
106.0 -0.00468321926983
106.5 -0.00466661339603
107.0 -0.00470235912329
107.5 -0.00488812940854
108.0 -0.00507952131399
108.5 -0.00529916390361
109.0 -0.00548815893702
109.5 -0.00530977099363
110.0 -0.00550964444685
110.5 -0.00565166010492
111.0 -0.00581456012082
111.5 -0.00625629162682
112.0 -0.00641454034491
112.5 -0.00650052346965
113.0 -0.00662124640519
113.5 -0.00690569097503
114.0 -0.00677932196162
114.5 -0.00718211717822
115.0 -0.00653148997482
115.5 -0.00676163511319
116.0 -0.00705031211427
116.5 -0.00705343276849
117.0 -0.00727408996966
117.5 -0.00737881347301
118.0 -0.00630221189522
118.5 -0.0051552505418
119.0 -0.00234794330436
119.5 0.00644224476981
120.0 0.00707700986558
120.5 0.0016446664275
121.0 -0.00347422448388
121.5 -0.00585969775115
122.0 -0.00712880736219
122.5 -0.00800458220179
123.0 -0.00824538290507
123.5 -0.00709862617764
124.0 -0.00662368121309
124.5 -0.00650853178374
125.0 -0.0065703789942
125.5 -0.00618778623203
126.0 -0.00609484115184
126.5 -0.00615452676108
127.0 -0.00601807452773
127.5 -0.00578343007207
128.0 -0.00562226993389
128.5 -0.00544183559217
129.0 -0.00491705409353
129.5 -0.00446401279431
130.0 -0.00499061475191
130.5 -0.00457226707677
131.0 -0.00441220008912
131.5 -0.0040942020107
132.0 -0.00399042377768
132.5 -0.00385163568973
133.0 -0.00355717722488
133.5 -0.00339504625921
134.0 -0.00309608332454
134.5 -0.00286670531436
135.0 -0.0032250238125
135.5 -0.00291859870899
136.0 -0.0028044114052
136.5 -0.00270482666773
137.0 -0.00249523011027
137.5 -0.00234273696813
138.0 -0.00225177106078
138.5 -0.00237633398273
139.0 -0.00221941832102
139.5 -0.00210402026427
140.0 -0.0018815835681
140.5 -0.00163775005169
141.0 -0.00179779063468
141.5 -0.00177568568328
142.0 -0.00145536696189
142.5 -0.00152642197811
143.0 -0.00153600647808
143.5 -0.00137320797494
144.0 -0.0012072465323
144.5 -0.000976331638526
145.0 -0.00117118320223
145.5 -0.00108365451402
146.0 -0.00102758124948
146.5 -0.00100406385621
147.0 -0.000978680514992
147.5 -0.000901659956512
148.0 -0.000772975463514
148.5 -0.00053784017747
149.0 -0.00038015145577
149.5 -0.000507211058984
150.0 -0.000471513234424
150.5 -0.000491688071426
151.0 -0.000409260030729
151.5 -0.000262412903074
152.0 -0.000138607450894
152.5 3.53985200263e-07
153.0 4.76539076182e-05
153.5 -5.28219081453e-06
154.0 -2.56993820589e-05
154.5 -2.04483487707e-05
155.0 9.25230672895e-05
155.5 0.000233879483879
156.0 0.000478448477999
156.5 0.000385408520071
157.0 0.000283350389235
157.5 0.000371251444431
158.0 0.000502473196629
158.5 0.000681118390411
159.0 0.000809785238065
159.5 0.000926894075381
160.0 0.00104859982501
160.5 0.00100290807094
161.0 0.000991371150647
161.5 0.000865845815561
162.0 0.0010375414366
162.5 0.00124457388289
163.0 0.00144008179526
163.5 0.00160450320064
164.0 0.00154383836554
164.5 0.00134663771927
165.0 0.00168008082068
165.5 0.00174647465484
166.0 0.00175072594097
166.5 0.00204591104424
167.0 0.00223879603125
167.5 0.00250123941931
168.0 0.00248122015269
168.5 0.00249890689724
169.0 0.00276313713016
169.5 0.00297391106523
170.0 0.00315040517594
170.5 0.0033570641102
171.0 0.00351189920123
171.5 0.00365862664266
172.0 0.00377084327276
172.5 0.00408466122504
173.0 0.00432048695797
173.5 0.00458480238653
174.0 0.00474845888279
174.5 0.00483741274232
175.0 0.0050785306194
175.5 0.00495400848384
176.0 0.00403157403115
176.5 0.0045351388079
177.0 0.00458358410555
177.5 0.00515812160053
178.0 0.00323522909942
178.5 0.00206493729738
179.0 -0.00256821710697
179.5 -0.0054878098903
180.0 -0.00627003960207
180.5 -0.00811797607577
181.0 -0.00580772647093
181.5 -0.00356569475707
182.0 -0.00274532646736
182.5 0.000890299354921
183.0 0.000965067871391
183.5 0.000931843684143
184.0 0.000874188423722
184.5 0.00141512701359
185.0 0.00105221405032
185.5 0.000666761627912
186.0 0.000657620377964
186.5 0.000456912222575
187.0 0.000227429027348
187.5 -6.22383472262e-05
188.0 -0.000449409352143
188.5 -0.000470369405022
189.0 -0.000722297671885
189.5 -0.00114183233552
190.0 -0.00145752743306
190.5 -0.00186869706351
191.0 -0.00213808363337
191.5 -0.00256181822613
192.0 -0.00298090223893
192.5 -0.00331996147411
193.0 -0.00391743699124
193.5 -0.00450845112022
194.0 -0.00532032787196
194.5 -0.00650027013765
195.0 -0.00742576822377
195.5 -0.00910561855562
196.0 -0.0104660519708
196.5 -0.0122541343065
197.0 -0.0146103125135
197.5 -0.0169142462567
198.0 -0.0223558574018
198.5 -0.0299109760236
199.0 -0.0451604099409
199.5 -0.0699036250121
