0.0 -0.0064798529206
0.5 0.00883512636378
1.0 -0.00411802122872
1.5 -0.00908933226977
2.0 -0.0122072286735
2.5 -0.0147957836336
3.0 -0.0162655174288
3.5 -0.0177978997873
4.0 -0.0195244809449
4.5 -0.0205491060995
5.0 -0.0217845355089
5.5 -0.0227617284886
6.0 -0.0238950739952
6.5 -0.0248324294365
7.0 -0.0255663762988
7.5 -0.0263406218316
8.0 -0.0270627098148
8.5 -0.0278495152771
9.0 -0.0283986291232
9.5 -0.0289772638371
10.0 -0.0295335118067
10.5 -0.0299809697543
11.0 -0.0304819347422
11.5 -0.0308784676557
12.0 -0.031204656038
12.5 -0.0314655609307
13.0 -0.0316802950152
13.5 -0.0318487171193
14.0 -0.0319744480732
14.5 -0.0321317632281
15.0 -0.0321532837715
15.5 -0.0321569638494
16.0 -0.0320844911864
16.5 -0.0319869701785
17.0 -0.0318243570556
17.5 -0.031641698288
18.0 -0.031431667757
18.5 -0.0311751524291
19.0 -0.0308728559821
19.5 -0.0305476851116
20.0 -0.0301645118828
20.5 -0.0297451758
21.0 -0.0293357459288
21.5 -0.0288914111976
22.0 -0.0284182012278
22.5 -0.0278915916712
23.0 -0.0273878965526
23.5 -0.0268414684729
24.0 -0.0262869372699
24.5 -0.0257382204826
25.0 -0.0251362614569
25.5 -0.0245307108654
26.0 -0.0239253025858
26.5 -0.0233083308797
27.0 -0.0227013674759
27.5 -0.0220585777301
28.0 -0.0214246170573
28.5 -0.0208163980441
29.0 -0.0201783784373
29.5 -0.0195705237034
30.0 -0.0189310318771
30.5 -0.0182982096856
31.0 -0.0176815512253
31.5 -0.0170692358581
32.0 -0.0164571223642
32.5 -0.01585415918
33.0 -0.015261092336
33.5 -0.0146796067061
34.0 -0.0140846412051
34.5 -0.0135405262293
35.0 -0.0129937316175
35.5 -0.0124303384197
36.0 -0.0118869244674
36.5 -0.011347797554
37.0 -0.0108129909131
37.5 -0.0103030071862
38.0 -0.00980648321725
38.5 -0.0093145833863
39.0 -0.00882909558762
39.5 -0.00835605510516
40.0 -0.00790082027521
40.5 -0.00747214733851
41.0 -0.00703138686269
41.5 -0.00661151458827
42.0 -0.00620331483805
42.5 -0.0057971686217
43.0 -0.00539779977086
43.5 -0.00501549247431
44.0 -0.00465141205325
44.5 -0.00426942954821
45.0 -0.00393086739514
45.5 -0.00359202247709
46.0 -0.00325825671164
46.5 -0.00295269672833
47.0 -0.00264989303839
47.5 -0.00234456404987
48.0 -0.0020717784743
48.5 -0.00178570632143
49.0 -0.00150296886823
49.5 -0.00124248528673
50.0 -0.000972394640129
50.5 -0.000746057480356
51.0 -0.000493440337085
51.5 -0.000264028282226
52.0 -6.15401908668e-05
52.5 0.00015097941608
53.0 0.000341164479739
53.5 0.00053906082281
54.0 0.000724464075979
54.5 0.000890200303541
55.0 0.0010914044205
55.5 0.00126578360132
56.0 0.00141650024322
56.5 0.00156212934586
57.0 0.00170900817603
57.5 0.00185489163923
58.0 0.0019515831456
58.5 0.00208220138554
59.0 0.00224607635914
59.5 0.00233998202575
60.0 0.00244404900512
60.5 0.0025346003407
61.0 0.00263748188556
61.5 0.00272187013862
62.0 0.00282979814778
62.5 0.00289988599736
63.0 0.00296426328488
63.5 0.00303684017286
64.0 0.00310719617653
64.5 0.00316052673305
65.0 0.00322865754632
65.5 0.00328926760671
66.0 0.0033522143387
66.5 0.00339855962753
67.0 0.00346547668899
67.5 0.00350930542246
68.0 0.00353091170343
68.5 0.00355792911796
69.0 0.00358138531429
69.5 0.00358606488927
70.0 0.00360009312
70.5 0.0036240448959
71.0 0.00371549425959
71.5 0.00373679346861
72.0 0.00375655437527
72.5 0.00376991178102
73.0 0.00373989207065
73.5 0.00372151497395
74.0 0.00378358624181
74.5 0.00375969168312
75.0 0.0037510589813
75.5 0.00373588911447
76.0 0.00373159111857
76.5 0.00370048329556
77.0 0.00375113929034
77.5 0.00376927629473
78.0 0.00370290367404
78.5 0.00371632322074
79.0 0.00368278563494
79.5 0.00364757396877
80.0 0.00365055965066
80.5 0.00363760237276
81.0 0.00363059940712
81.5 0.00356309611115
82.0 0.00353439999968
82.5 0.00350956233584
83.0 0.00346811598334
83.5 0.003514274506
84.0 0.00347381980067
84.5 0.00338841053481
85.0 0.00332316601898
85.5 0.00334032264907
86.0 0.00329548586823
86.5 0.00317927221001
87.0 0.00317543009771
87.5 0.00321170898714
88.0 0.00314156247416
88.5 0.00310388724801
89.0 0.00309673309932
89.5 0.00297529196508
90.0 0.00295270167286
90.5 0.00286657710773
91.0 0.00277141062815
91.5 0.00276339332885
92.0 0.00273363366624
92.5 0.002727942825
93.0 0.00267503784438
93.5 0.00258543340981
94.0 0.00262996474196
94.5 0.00256993078244
95.0 0.00247379217115
95.5 0.00251674742781
96.0 0.00240118740663
96.5 0.00231419480996
97.0 0.00219250647504
97.5 0.00216467109421
98.0 0.0020721291639
98.5 0.00189560723231
99.0 0.00194756449309
99.5 0.00175896064924
100.0 0.00170223827695
100.5 0.00181321295918
101.0 0.00181635186317
101.5 0.00167068376881
102.0 0.00151022315044
102.5 0.00128975687423
103.0 0.001197194555
103.5 0.00115265249744
104.0 0.00108785437197
104.5 0.00098885820622
105.0 0.000793646883821
105.5 0.00111796214085
106.0 0.000867270534762
106.5 0.00069037337051
107.0 0.000602990149645
107.5 0.000364123866291
108.0 3.03999595133e-05
108.5 -0.00010030397921
109.0 -6.22385407212e-07
109.5 -0.00013496237424
110.0 -0.000244855915575
110.5 -0.000506707752635
111.0 -4.78896309701e-05
111.5 -0.00045868666232
112.0 -0.000697529343121
112.5 -0.000926455348718
113.0 -0.00120819519343
113.5 -0.00158137711428
114.0 -0.00147924209497
114.5 -0.00169531448033
115.0 -0.000273321377037
115.5 -0.00120505218595
116.0 -0.00149084696754
116.5 -0.00186300445078
117.0 -0.00155950264602
117.5 -0.00241963901178
118.0 0.000516202030667
118.5 0.00280874708702
119.0 0.00668758618639
119.5 0.0122148132456
120.0 0.00890543066811
120.5 0.00554326672518
121.0 0.00272465143934
121.5 0.000364995847335
122.0 -0.0038645073237
122.5 -0.00594039246862
123.0 -0.00426086022321
123.5 -0.00337324677294
124.0 -0.00318923720117
124.5 -0.00361727945838
125.0 -0.00275996961901
125.5 -0.00290558921455
126.0 -0.00335387865096
126.5 -0.00354119465493
127.0 -0.00349766302588
127.5 -0.00314034726989
128.0 -0.00289512346797
128.5 -0.00305957644034
129.0 -0.00284767814445
129.5 -0.00278251600782
130.0 -0.00249907603479
130.5 -0.0023247942191
131.0 -0.00242484354
131.5 -0.00230164306681
132.0 -0.00182804459396
132.5 -0.00160094052113
133.0 -0.00156352768874
133.5 -0.00167096984421
134.0 -0.00156307899556
134.5 -0.00134743710239
135.0 -0.00132711991268
135.5 -0.0011418702234
136.0 -0.00138390470407
136.5 -0.00106246689647
137.0 -0.000993585370896
137.5 -0.000998456161636
138.0 -0.000647529737886
138.5 -0.000548310220822
139.0 -0.000683651105195
139.5 -0.000471064974157
140.0 -0.000371517819243
140.5 -0.000317679719679
141.0 -0.000180546679331
141.5 -7.10105335173e-05
142.0 0.000234319717428
142.5 0.000146451326435
143.0 0.000120128232467
143.5 0.000199726430621
144.0 0.000220654275481
144.5 0.000308825702358
145.0 0.000293965580477
145.5 0.000345374833056
146.0 0.000457694264064
146.5 0.00053338201522
147.0 0.000642776046492
147.5 0.000813329420126
148.0 0.000801432444714
148.5 0.000740571479257
149.0 0.00081285746861
149.5 0.000900796461684
150.0 0.00107109680397
150.5 0.000867499068885
151.0 0.000939575851371
151.5 0.0010466013264
152.0 0.00113147255839
152.5 0.00118166235093
153.0 0.0012689555693
153.5 0.00138754939264
154.0 0.00142770903896
154.5 0.00130040456172
155.0 0.00137626832091
155.5 0.0014820372099
156.0 0.00165230400799
156.5 0.00180770976677
157.0 0.00176063513533
157.5 0.00161928792937
158.0 0.00166269687675
158.5 0.00192165482644
159.0 0.0020399494462
159.5 0.00206904136473
160.0 0.00204755096282
160.5 0.00202106957309
161.0 0.0019178147179
161.5 0.0021828961883
162.0 0.00234204473592
162.5 0.0022652567424
163.0 0.00230484387971
163.5 0.00248799549581
164.0 0.00255907293167
164.5 0.00263437472663
165.0 0.00284231833893
165.5 0.00288232037823
166.0 0.0029497081311
166.5 0.00323449689672
167.0 0.00321203496678
167.5 0.00307907938176
168.0 0.0032944975002
168.5 0.00367960933514
169.0 0.00357209016743
169.5 0.00331396089503
170.0 0.00365328686808
170.5 0.00374407274781
171.0 0.0039047384365
171.5 0.00411973574879
172.0 0.00437347662474
172.5 0.00477528872966
173.0 0.00497626062111
173.5 0.00528030278814
174.0 0.00550830874046
174.5 0.00547326245645
175.0 0.00546228107487
175.5 0.00494909875948
176.0 0.00493599941595
176.5 0.00477232169709
177.0 0.00455319591974
177.5 0.00559385994008
178.0 0.00456224165886
178.5 0.00382841550612
179.0 -0.000330688676598
179.5 -0.003696759389
180.0 -0.00356135763914
180.5 -0.00325592940413
181.0 -0.000124399003397
181.5 0.00112848610135
182.0 0.00119923922524
182.5 0.00118090633069
183.0 0.00191511624762
183.5 0.00234021691244
184.0 0.00219265862333
184.5 0.002166412067
185.0 0.00220363882765
185.5 0.00183076999868
186.0 0.00259870648287
186.5 0.00242484354091
187.0 0.00209484846555
187.5 0.00193579738058
188.0 0.00175614866959
188.5 0.00147568945852
189.0 0.00125161373886
189.5 0.000907935175547
190.0 0.0006212560926
190.5 0.000222737254461
191.0 2.73178839194e-05
191.5 -0.000296370849981
192.0 -0.000610617455649
192.5 -0.000966317844231
193.0 -0.0015252981147
193.5 -0.00191207190267
194.0 -0.00244009135965
194.5 -0.00312751658267
195.0 -0.00421120457494
195.5 -0.00546073073791
196.0 -0.00635103218629
196.5 -0.00756668404713
197.0 -0.00907372716476
197.5 -0.010177284799
198.0 -0.0132518210529
198.5 -0.0185185175076
199.0 -0.0291633345289
199.5 -0.0455057071626
