0.0 -0.00283582948584
0.5 0.00451718934206
1.0 -0.00238300215197
1.5 -0.00531747888541
2.0 -0.0079210448658
2.5 -0.0101796874476
3.0 -0.0110334883434
3.5 -0.0121134219487
4.0 -0.0131600502061
4.5 -0.0141283426591
5.0 -0.0151146172115
5.5 -0.0158855095242
6.0 -0.0166818986435
6.5 -0.0173538326213
7.0 -0.0179979751149
7.5 -0.0186650063966
8.0 -0.019089094957
8.5 -0.0195399806484
9.0 -0.0199558612015
9.5 -0.0204914868103
10.0 -0.0208150548271
10.5 -0.021121132907
11.0 -0.0214164185139
11.5 -0.0216602672532
12.0 -0.0218578744888
12.5 -0.0220415142554
13.0 -0.02219955982
13.5 -0.0222912844352
14.0 -0.0223645965341
14.5 -0.0224872754323
15.0 -0.0224504647314
15.5 -0.0224271158019
16.0 -0.0223658325185
16.5 -0.0222787076031
17.0 -0.0221710886555
17.5 -0.0220471298622
18.0 -0.0218972167111
18.5 -0.0217125455639
19.0 -0.0215016914638
19.5 -0.0213512657999
20.0 -0.0211018039283
20.5 -0.0208480752487
21.0 -0.0205759732339
21.5 -0.0202702918261
22.0 -0.0199620425196
22.5 -0.0196508868817
23.0 -0.0193554903704
23.5 -0.0190215512236
24.0 -0.0186780306871
24.5 -0.0183241407696
25.0 -0.0179781354532
25.5 -0.0176072524616
26.0 -0.0172296866064
26.5 -0.0168474951183
27.0 -0.0164777647333
27.5 -0.0160739274534
28.0 -0.0156844186687
28.5 -0.0153106533386
29.0 -0.0149451284069
29.5 -0.0145632197397
30.0 -0.0141724232772
30.5 -0.0137937811554
31.0 -0.0134045975297
31.5 -0.0130082007499
32.0 -0.0126299928324
32.5 -0.0122367666379
33.0 -0.0118575253001
33.5 -0.0114945203672
34.0 -0.0111074587577
34.5 -0.0107507985752
35.0 -0.0104085171981
35.5 -0.0100464827164
36.0 -0.00970421978458
36.5 -0.00935836949115
37.0 -0.00900899760655
37.5 -0.00867378968982
38.0 -0.00834872790489
38.5 -0.0080313620626
39.0 -0.00769440186087
39.5 -0.00738766480105
40.0 -0.00708743993911
40.5 -0.00676945947247
41.0 -0.00646157521878
41.5 -0.00617351627988
42.0 -0.00588389202128
42.5 -0.00560005192832
43.0 -0.00532897675093
43.5 -0.00506065573982
44.0 -0.00480312113158
44.5 -0.00454996645424
45.0 -0.00428928176351
45.5 -0.00404375116034
46.0 -0.00380409031535
46.5 -0.00358475659381
47.0 -0.00337208135527
47.5 -0.00315015481327
48.0 -0.00294993980149
48.5 -0.00274164891371
49.0 -0.00255168234848
49.5 -0.00237055086629
50.0 -0.00214596568318
50.5 -0.00196582512017
51.0 -0.00180005767226
51.5 -0.00160343645439
52.0 -0.00144062779475
52.5 -0.00127726369456
53.0 -0.00114084283087
53.5 -0.000999729443638
54.0 -0.000859625818295
54.5 -0.000733914396644
55.0 -0.000582415773867
55.5 -0.000457563718632
56.0 -0.000297143309753
56.5 -0.00019350076481
57.0 -8.23054333186e-05
57.5 4.5889581358e-05
58.0 0.000132366989535
58.5 0.000228863469607
59.0 0.000342213824393
59.5 0.000422489786482
60.0 0.000546225848526
60.5 0.000631205251532
61.0 0.000688768770296
61.5 0.000816797506612
62.0 0.000895800625566
62.5 0.000944161966837
63.0 0.000982999569951
63.5 0.00104540282868
64.0 0.00111582971083
64.5 0.00115760672879
65.0 0.00125603686414
65.5 0.00128263421474
66.0 0.0013533751006
66.5 0.00140836470263
67.0 0.00144672028036
67.5 0.00147920955672
68.0 0.00151878940625
68.5 0.00154217935076
69.0 0.00154803801493
69.5 0.00162932065678
70.0 0.00163292185371
70.5 0.00164414427531
71.0 0.00166344887794
71.5 0.00170541991925
72.0 0.00173759254978
72.5 0.00175174940811
73.0 0.00173924374505
73.5 0.00174643405174
74.0 0.00174181580744
74.5 0.00171823437576
75.0 0.00179065782972
75.5 0.00175566241731
76.0 0.00172967255534
76.5 0.00178374931073
77.0 0.00182549991313
77.5 0.00182286883402
78.0 0.00180172247369
78.5 0.00179331381005
79.0 0.00173451808449
79.5 0.00167130659913
80.0 0.00175736755402
80.5 0.00172748887227
81.0 0.00171180102357
81.5 0.00166045166733
82.0 0.00165505885237
82.5 0.00164991526175
83.0 0.00162183328213
83.5 0.00167156894329
84.0 0.00161996061694
84.5 0.00155668616541
85.0 0.001571568285
85.5 0.00152900502803
86.0 0.00151457887431
86.5 0.00148818063013
87.0 0.00148821543713
87.5 0.00150481360928
88.0 0.00142362904735
88.5 0.00137865160017
89.0 0.001427052447
89.5 0.00135596023263
90.0 0.00136002376319
90.5 0.00120238467984
91.0 0.00111995919943
91.5 0.0010142745187
92.0 0.00108745678221
92.5 0.00111305148194
93.0 0.00101761210787
93.5 0.000966836517218
94.0 0.000962042398406
94.5 0.000862358494278
95.0 0.000790881214098
95.5 0.000772576472624
96.0 0.000602077708024
96.5 0.000630785646727
97.0 0.000628508269504
97.5 0.000587973021403
98.0 0.000569927677422
98.5 0.00048120984539
99.0 0.000304228632903
99.5 0.000350236564501
100.0 0.000220318722988
100.5 0.00018305660064
101.0 5.76376787862e-05
101.5 -7.47940992412e-05
102.0 -0.000127795944792
102.5 -0.000193887002531
103.0 -0.000233340930038
103.5 -0.000324090236958
104.0 -0.000400492058738
104.5 -0.00050991423992
105.0 -0.000586913215813
105.5 -0.00062416654773
106.0 -0.000639382007591
106.5 -0.000592388299516
107.0 -0.000858440278307
107.5 -0.00110393352004
108.0 -0.0012974498871
108.5 -0.00133402549995
109.0 -0.00112388625362
109.5 -0.00142952913507
110.0 -0.00164666021792
110.5 -0.00186984063308
111.0 -0.00193674242939
111.5 -0.00245107490015
112.0 -0.00249455366215
112.5 -0.00268202490108
113.0 -0.00297159192169
113.5 -0.00323633965948
114.0 -0.00307517958346
114.5 -0.00331533067576
115.0 -0.00268711367572
115.5 -0.00335082439116
116.0 -0.00320121498204
116.5 -0.0034146485946
117.0 -0.00369591301775
117.5 -0.00573383127234
118.0 -0.00403619718426
118.5 -0.0028073234671
119.0 0.00103021597921
119.5 0.0108219945508
120.0 0.0117587242715
120.5 0.00925228215831
121.0 0.00624302521969
121.5 -0.000824664193232
122.0 -0.00223942205946
122.5 -0.00545144301569
123.0 -0.00367274052735
123.5 -0.00347894935888
124.0 -0.00380197879015
124.5 -0.00290545818034
125.0 -0.00324614108152
125.5 -0.00500209378835
126.0 -0.00376705106068
126.5 -0.00339436262335
127.0 -0.00415589776108
127.5 -0.00403175077268
128.0 -0.00370943674267
128.5 -0.0036791563531
129.0 -0.00301947185656
129.5 -0.00297707167918
130.0 -0.0028637274919
130.5 -0.00319509089406
131.0 -0.00268216678072
131.5 -0.00243644572995
132.0 -0.00231601697066
132.5 -0.00199594679054
133.0 -0.00198649045751
133.5 -0.00220105989239
134.0 -0.00202537606089
134.5 -0.0020455775798
135.0 -0.00173734436025
135.5 -0.00122163076146
136.0 -0.00149605943947
136.5 -0.00135612252994
137.0 -0.00113577701579
137.5 -0.00115440375618
138.0 -0.000942293647224
138.5 -0.000749203293065
139.0 -0.000635992566174
139.5 -0.000812211453081
140.0 -0.000657995067336
140.5 -0.000475020191463
141.0 -0.000252822246445
141.5 -0.000111108087864
142.0 -0.000151129575226
142.5 -0.000188479272245
143.0 -5.58316634294e-05
143.5 1.1491013824e-05
144.0 3.34070420305e-05
144.5 0.000239404842802
145.0 0.000460905195865
145.5 0.000287671913733
146.0 0.000351414875696
146.5 0.000375883362269
147.0 0.00041948981543
147.5 0.000467771577563
148.0 0.000481542204267
148.5 0.000560230550539
149.0 0.000720743341086
149.5 0.000857465007652
150.0 0.000688039421004
150.5 0.000783427506816
151.0 0.000933113296514
151.5 0.00105216844255
152.0 0.00120008121234
152.5 0.00111618646301
153.0 0.00109202612506
153.5 0.00121611970046
154.0 0.00134437565752
154.5 0.0015107046908
155.0 0.00168928847329
155.5 0.00158777535637
156.0 0.00165026111303
156.5 0.00165459492082
157.0 0.0016876368367
157.5 0.00169607817493
158.0 0.00161973902045
158.5 0.00172373832003
159.0 0.00194838414536
159.5 0.00210824934919
160.0 0.0022403745517
160.5 0.00216296479292
161.0 0.00204286934265
161.5 0.00227426167146
162.0 0.00246000332864
162.5 0.0027040389234
163.0 0.00267293980945
163.5 0.00261888385624
164.0 0.00280536060414
164.5 0.00298640445262
165.0 0.0031930416767
165.5 0.00320192571785
166.0 0.00289339771719
166.5 0.00329442649772
167.0 0.00354444377056
167.5 0.00370043283647
168.0 0.00388128686904
168.5 0.00410608858175
169.0 0.00403815998987
169.5 0.00387318926471
170.0 0.00433468831563
170.5 0.00454091265745
171.0 0.0047414693524
171.5 0.00503112592325
172.0 0.00528066053276
172.5 0.00573716506028
173.0 0.00600832114392
173.5 0.00639003865196
174.0 0.00687941866221
174.5 0.00689422316098
175.0 0.00613912978287
175.5 0.00603554672954
176.0 0.00625242591379
176.5 0.00671838736903
177.0 0.00717803577891
177.5 0.00976329780099
178.0 0.00910877894373
178.5 0.00700703762575
179.0 0.00132620445055
179.5 -0.00448820610995
180.0 -0.00700875046547
180.5 -0.00746490489684
181.0 -0.00291089479232
181.5 -0.00102129313605
182.0 0.00012734895067
182.5 0.000695766327823
183.0 0.00103295709202
183.5 0.00125315912113
184.0 0.00101653388093
184.5 0.00099573640901
185.0 0.00108213177977
185.5 0.000861744848706
186.0 0.000948303347585
186.5 0.000887665022248
187.0 0.000720453359477
187.5 0.000540602858052
188.0 0.000279519341717
188.5 0.000102607765726
189.0 -0.000197217595797
189.5 -0.0004809623629
190.0 -0.000752173134316
190.5 -0.00118909237332
191.0 -0.0013819801907
191.5 -0.00176873249769
192.0 -0.00219383001259
192.5 -0.00248942806425
193.0 -0.00317170221203
193.5 -0.00390599286054
194.0 -0.004609534808
194.5 -0.00541931867792
195.0 -0.00621761437655
195.5 -0.00765662231159
196.0 -0.00971200029065
196.5 -0.0114130430686
197.0 -0.0137619291245
197.5 -0.016315991479
198.0 -0.0221459247595
198.5 -0.0297387284214
199.0 -0.0448616517267
199.5 -0.0701876849423
