0.0 0.00944797597475
0.5 0.0415287827203
1.0 0.0611216687573
1.5 0.0528012004791
2.0 0.0471992691986
2.5 0.0425698145185
3.0 0.0392919147287
3.5 0.0361927270886
4.0 0.0338437707572
4.5 0.0316017423296
5.0 0.02936793876
5.5 0.0275052360667
6.0 0.0256317517392
6.5 0.023857682517
7.0 0.0221764232751
7.5 0.0204351626485
8.0 0.0189146238216
8.5 0.017375335826
9.0 0.0158790462159
9.5 0.0143719235058
10.0 0.012743062926
10.5 0.0112670342437
11.0 0.00977662783149
11.5 0.00827592047574
12.0 0.00678285043963
12.5 0.00528300885592
13.0 0.00379476555358
13.5 0.00229732101628
14.0 0.000803587751932
14.5 -0.000675865634355
15.0 -0.00220260794143
15.5 -0.00372044812833
16.0 -0.00520601355012
16.5 -0.00671215845045
17.0 -0.00819837190621
17.5 -0.00970441346116
18.0 -0.0112173405579
18.5 -0.0127431432052
19.0 -0.0142407529443
19.5 -0.0157409417678
20.0 -0.0172250334829
20.5 -0.0187205617888
21.0 -0.0202008575687
21.5 -0.0216548783082
22.0 -0.0231171583606
22.5 -0.024565941684
23.0 -0.0259822384358
23.5 -0.027396130844
24.0 -0.0288027056111
24.5 -0.0301808238219
25.0 -0.0315041822384
25.5 -0.0328193209343
26.0 -0.0341003324841
26.5 -0.0353509890139
27.0 -0.0365842843361
27.5 -0.0377701501065
28.0 -0.0389158905186
28.5 -0.0400342179508
29.0 -0.0411203577494
29.5 -0.0421468442533
30.0 -0.0430913897355
30.5 -0.0440161743876
31.0 -0.0448827287617
31.5 -0.045685106858
32.0 -0.0464328126808
32.5 -0.0470993674686
33.0 -0.0477273943145
33.5 -0.0483148636063
34.0 -0.0488121229471
34.5 -0.0492676175754
35.0 -0.0496566366503
35.5 -0.0499547409271
36.0 -0.0501961544055
36.5 -0.0503627931561
37.0 -0.0504571098325
37.5 -0.0504990464405
38.0 -0.0504832131243
38.5 -0.0504104576576
39.0 -0.0502464144472
39.5 -0.0500415316042
40.0 -0.0497749132232
40.5 -0.049471449924
41.0 -0.0490894366474
41.5 -0.0486639621778
42.0 -0.0481878474588
42.5 -0.0476764747538
43.0 -0.0471262660248
43.5 -0.0465121528232
44.0 -0.0458797716017
44.5 -0.0452172045712
45.0 -0.0445331410253
45.5 -0.0438082333618
46.0 -0.0430468536534
46.5 -0.0422888793005
47.0 -0.0414980067066
47.5 -0.040677884083
48.0 -0.0398703847102
48.5 -0.0390400584846
49.0 -0.038216363013
49.5 -0.0373842988666
50.0 -0.0365164063413
50.5 -0.0356707859068
51.0 -0.0348305669553
51.5 -0.0340085875737
52.0 -0.0331782179057
52.5 -0.0323377623016
53.0 -0.0315419333441
53.5 -0.0307351825394
54.0 -0.02992825679
54.5 -0.0291653121531
55.0 -0.028360604611
55.5 -0.0275846502943
56.0 -0.0268335409161
56.5 -0.0261121321541
57.0 -0.02537783862
57.5 -0.0246512990972
58.0 -0.0239719200146
58.5 -0.0233088046361
59.0 -0.0226393075797
59.5 -0.0219852439793
60.0 -0.0213409725504
60.5 -0.0207243495548
61.0 -0.0201447101179
61.5 -0.0195181596246
62.0 -0.0189435157369
62.5 -0.0184216097868
63.0 -0.0178859729794
63.5 -0.0173686623858
64.0 -0.0168621971092
64.5 -0.016357067232
65.0 -0.0158890038178
65.5 -0.01540876172
66.0 -0.014939391726
66.5 -0.0144977841935
67.0 -0.0140974546404
67.5 -0.0136527648967
68.0 -0.0132378760256
68.5 -0.0128749546837
69.0 -0.0125031452872
69.5 -0.0121357640097
70.0 -0.011778026591
70.5 -0.0114395174037
71.0 -0.0111180346249
71.5 -0.0107893791039
72.0 -0.0104831365563
72.5 -0.0101635394636
73.0 -0.00989483706079
73.5 -0.00962753873444
74.0 -0.00934224498776
74.5 -0.00910972780749
75.0 -0.00887143767423
75.5 -0.00864981925243
76.0 -0.00843220008274
76.5 -0.00819383873971
77.0 -0.00793693500416
77.5 -0.00768838361368
78.0 -0.00750426588652
78.5 -0.00730114108879
79.0 -0.00715043956297
79.5 -0.00699722431119
80.0 -0.00683095891235
80.5 -0.00663416536952
81.0 -0.00647227346729
81.5 -0.00633428126669
82.0 -0.00617558782091
82.5 -0.0060416661535
83.0 -0.00586479892919
83.5 -0.00571645476946
84.0 -0.00563763925909
84.5 -0.00550972915056
85.0 -0.00541210998801
85.5 -0.00533174796338
86.0 -0.00521509195429
86.5 -0.00510217520411
87.0 -0.00497948206108
87.5 -0.00485347178764
88.0 -0.00479260088726
88.5 -0.00470429873466
89.0 -0.00457918479624
89.5 -0.00457227791381
90.0 -0.00454015374982
90.5 -0.004470422885
91.0 -0.00442706782691
91.5 -0.00437425791088
92.0 -0.00424602103801
92.5 -0.00419743172019
93.0 -0.0042845770205
93.5 -0.00428691015645
94.0 -0.00408135154688
94.5 -0.00404266819125
95.0 -0.00391314232056
95.5 -0.00397902905916
96.0 -0.00396759112563
96.5 -0.00394936760619
97.0 -0.00406279207331
97.5 -0.00401525146749
98.0 -0.00392164937006
98.5 -0.00398841646488
99.0 -0.00397018348147
99.5 -0.00398278645487
100.0 -0.00402133771905
100.5 -0.00387698021844
101.0 -0.00390367530643
101.5 -0.00409773647341
102.0 -0.00420514119935
102.5 -0.00416232929515
103.0 -0.00413086651523
103.5 -0.004227081244
104.0 -0.00417929085713
104.5 -0.00429310206444
105.0 -0.00422104807716
105.5 -0.00403205257653
106.0 -0.00441054552834
106.5 -0.00474756232038
107.0 -0.00478512870662
107.5 -0.00474893391071
108.0 -0.004804985181
108.5 -0.0048680073111
109.0 -0.00498215062998
109.5 -0.00523134608687
110.0 -0.00517398077027
110.5 -0.00547915009614
111.0 -0.00543549174649
111.5 -0.00575481010362
112.0 -0.00579449290581
112.5 -0.00591181779562
113.0 -0.00598060494903
113.5 -0.00626930267622
114.0 -0.00625536702549
114.5 -0.0061117213731
115.0 -0.00635727802761
115.5 -0.00561828990421
116.0 -0.00619095340151
116.5 -0.00622254007106
117.0 -0.00615855601167
117.5 -0.00664265913805
118.0 -0.00521462370909
118.5 -0.00238480089629
119.0 0.00114105683842
119.5 0.00554763828436
120.0 0.00248463338455
120.5 -0.000909979152965
121.0 -0.00449991891497
121.5 -0.00735240763349
122.0 -0.00953585439041
122.5 -0.00995024817939
123.0 -0.00802243265082
123.5 -0.00767940435146
124.0 -0.00777644543359
124.5 -0.00763953436943
125.0 -0.00764554948933
125.5 -0.00741651093374
126.0 -0.00733065518509
126.5 -0.00731223822788
127.0 -0.00710835441635
127.5 -0.00676895392617
128.0 -0.00648010738021
128.5 -0.00632554078864
129.0 -0.00592163526093
129.5 -0.006099704851
130.0 -0.00558861895883
130.5 -0.00535624530185
131.0 -0.00523797576326
131.5 -0.0048724357164
132.0 -0.00471139377279
132.5 -0.00450853481045
133.0 -0.0042738278913
133.5 -0.0041556539577
134.0 -0.00402232041817
134.5 -0.00386076549727
135.0 -0.00373517071777
135.5 -0.0035369764751
136.0 -0.00343723495101
136.5 -0.00328587094127
137.0 -0.00290886069825
137.5 -0.00305978154028
138.0 -0.00304163751258
138.5 -0.00290031437427
139.0 -0.00276033605454
139.5 -0.00260485074809
140.0 -0.00246209858028
140.5 -0.00234626674843
141.0 -0.00218048738235
141.5 -0.0021431170074
142.0 -0.00196427596916
142.5 -0.00188838937294
143.0 -0.00166480596198
143.5 -0.0016045029026
144.0 -0.00178880773524
144.5 -0.00162771491719
145.0 -0.00156633868133
145.5 -0.00140714988602
146.0 -0.00126993430688
146.5 -0.00107840064492
147.0 -0.00112549133413
147.5 -0.0011051883003
148.0 -0.00103241753789
148.5 -0.000936119321867
149.0 -0.00084853763639
149.5 -0.000831341704013
150.0 -0.000808118171311
150.5 -0.000683091018561
151.0 -0.00042177490155
151.5 -0.000465629669935
152.0 -0.00044780864293
152.5 -0.000429708159416
153.0 -0.000418210189524
153.5 -0.000370902249598
154.0 -0.00022932509585
154.5 -5.66111178717e-05
155.0 9.93654248092e-05
155.5 -3.96226200596e-05
156.0 9.8466693121e-05
156.5 0.000320347341564
157.0 0.000338861568547
157.5 0.000213186981828
158.0 0.000242840845381
158.5 0.000465664599268
159.0 0.000543272422256
159.5 0.00060828217239
160.0 0.000761328660605
160.5 0.00086041050174
161.0 0.00103865997731
161.5 0.00117179831481
162.0 0.00106088740335
162.5 0.00117790915377
163.0 0.0014334633421
163.5 0.00161177478851
164.0 0.00165688953953
164.5 0.00163371751952
165.0 0.00174352931337
165.5 0.00175103768906
166.0 0.00172798345449
166.5 0.0016968715569
167.0 0.00180598285969
167.5 0.00220308670594
168.0 0.00249968387572
168.5 0.00264961016739
169.0 0.00272464610016
169.5 0.0029291299224
170.0 0.00326413886791
170.5 0.00335612629887
171.0 0.00352838428786
171.5 0.00325021019243
172.0 0.00345753717569
172.5 0.00398360454695
173.0 0.00435546802647
173.5 0.00479404423128
174.0 0.00512756004827
174.5 0.00523490935242
175.0 0.00542108339086
175.5 0.00409775857921
176.0 0.0047385719655
176.5 0.00514074847902
177.0 0.00533415039089
177.5 0.00608300766945
178.0 0.00516402383563
178.5 0.00355897442955
179.0 -0.000378605047175
179.5 -0.00350048197541
180.0 -0.00461634871861
180.5 -0.00594074314922
181.0 -0.0031047373554
181.5 -0.000593469358577
182.0 0.000738555357444
182.5 0.00267474232136
183.0 0.00209486120377
183.5 0.00172431607237
184.0 0.00138870140903
184.5 0.00166983494746
185.0 0.00125723924077
185.5 0.00100307674786
186.0 0.00113049142557
186.5 0.00107584405617
187.0 0.000931327846274
187.5 0.000725668364908
188.0 0.000448870073157
188.5 0.000248625111837
189.0 0.00013632791449
189.5 -2.09029020795e-05
190.0 -0.000353529475518
190.5 -0.0007009161111
191.0 -0.000896439931708
191.5 -0.0012597771175
192.0 -0.00154460442155
192.5 -0.00168181225966
193.0 -0.00232795017288
193.5 -0.00273953490132
194.0 -0.00338941712886
194.5 -0.004008249446
195.0 -0.00443974352696
195.5 -0.00641620774495
196.0 -0.00736524874182
196.5 -0.00862001068492
197.0 -0.0103265544666
197.5 -0.0116609775495
198.0 -0.0146305748272
198.5 -0.0199093639052
199.0 -0.030673648046
199.5 -0.0466590951784
