0.0 -0.000860598995621
0.5 0.00995068132719
1.0 0.00947743510261
1.5 0.0041924100115
2.0 0.000276958235546
2.5 -0.00279559274941
3.0 -0.00509102939875
3.5 -0.00739638263467
4.0 -0.00957738086968
4.5 -0.0116137521866
5.0 -0.0136082547083
5.5 -0.0153215607675
6.0 -0.0172516689879
6.5 -0.018985942379
7.0 -0.0205254549299
7.5 -0.0221334125587
8.0 -0.0236665537486
8.5 -0.0252228179476
9.0 -0.0267472806597
9.5 -0.0282417207302
10.0 -0.0298271185965
10.5 -0.0312586369136
11.0 -0.0326948988126
11.5 -0.0341228540062
12.0 -0.0354801426042
12.5 -0.0368461246655
13.0 -0.0381850250659
13.5 -0.039482303967
14.0 -0.0407425720026
14.5 -0.0419463906928
15.0 -0.0431530797958
15.5 -0.0443005614863
16.0 -0.0453849986671
16.5 -0.0463933847295
17.0 -0.0473672171938
17.5 -0.0482904756158
18.0 -0.0491803205079
18.5 -0.0499903001945
19.0 -0.0507160217766
19.5 -0.0513872199393
20.0 -0.0520038689205
20.5 -0.0525340158715
21.0 -0.0529659217434
21.5 -0.0533350817753
22.0 -0.0536557799568
22.5 -0.0539113858963
23.0 -0.0540665889277
23.5 -0.0541727400534
24.0 -0.054219843471
24.5 -0.0541843756557
25.0 -0.0540456350848
25.5 -0.0538618484467
26.0 -0.0535830823288
26.5 -0.0532254671497
27.0 -0.0528380714189
27.5 -0.0523955124343
28.0 -0.0518576345511
28.5 -0.0512893414867
29.0 -0.0506878076715
29.5 -0.05004178931
30.0 -0.0493018175157
30.5 -0.0485228782085
31.0 -0.0477082655331
31.5 -0.0468459772271
32.0 -0.0459587767617
32.5 -0.0450450610758
33.0 -0.04410519711
33.5 -0.0431230432439
34.0 -0.0421745719073
34.5 -0.0411720597899
35.0 -0.0401479664812
35.5 -0.0391196250132
36.0 -0.0380866166791
36.5 -0.0370416456384
37.0 -0.0359878458538
37.5 -0.0349457465825
38.0 -0.0339210762821
38.5 -0.032902793025
39.0 -0.0318575078495
39.5 -0.0308381368117
40.0 -0.0298305683032
40.5 -0.0288261585935
41.0 -0.0278347033355
41.5 -0.0268686883975
42.0 -0.0259012188485
42.5 -0.0249414041101
43.0 -0.0240043149455
43.5 -0.0230861440559
44.0 -0.0221971502713
44.5 -0.021303105484
45.0 -0.0204545274015
45.5 -0.0196140145969
46.0 -0.0187831395747
46.5 -0.0179940372099
47.0 -0.0172125806435
47.5 -0.016438838778
48.0 -0.0157114425354
48.5 -0.0149894753378
49.0 -0.0142917827424
49.5 -0.0136148817337
50.0 -0.0129243377481
50.5 -0.01230284922
51.0 -0.0116608516777
51.5 -0.0110736218913
52.0 -0.0104951233878
52.5 -0.00991011020664
53.0 -0.00937829667953
53.5 -0.00884919567071
54.0 -0.00833350031064
54.5 -0.00785675285164
55.0 -0.00734309255888
55.5 -0.00687947143865
56.0 -0.00644588408084
56.5 -0.00601181256892
57.0 -0.00561296989234
57.5 -0.00521179840374
58.0 -0.0048346949996
58.5 -0.00445227371176
59.0 -0.00408910480874
59.5 -0.003753750287
60.0 -0.0034195859718
60.5 -0.00309771046419
61.0 -0.00276086582141
61.5 -0.00249672557553
62.0 -0.00225439492023
62.5 -0.00197205913498
63.0 -0.00172432182793
63.5 -0.00147038223862
64.0 -0.00121306030194
64.5 -0.000992297006626
65.0 -0.000789159790973
65.5 -0.000522135858697
66.0 -0.000324148231554
66.5 -0.000134052878032
67.0 5.29990303964e-05
67.5 0.000198594819036
68.0 0.000370370464445
68.5 0.000507909245357
69.0 0.000700930912336
69.5 0.000781296550203
70.0 0.000937812833918
70.5 0.00104460350229
71.0 0.00121265598673
71.5 0.00135570884009
72.0 0.00142820161593
72.5 0.00155378058455
73.0 0.00164971414354
73.5 0.00170590309924
74.0 0.00176339587752
74.5 0.00183526108864
75.0 0.00190368141737
75.5 0.00204228883037
76.0 0.00211461333566
76.5 0.00219808877641
77.0 0.00224094807403
77.5 0.00226656903451
78.0 0.00230808472623
78.5 0.00231654035012
79.0 0.00233992428959
79.5 0.00245656958071
80.0 0.00246553615096
80.5 0.00241149583282
81.0 0.00250574628303
81.5 0.0025236688942
82.0 0.00254390929976
82.5 0.00255494758525
83.0 0.00258983792157
83.5 0.00256848970045
84.0 0.00251568942566
84.5 0.00259720507834
85.0 0.0025661590908
85.5 0.00251523534287
86.0 0.00250020197994
86.5 0.00247819930593
87.0 0.00249020056744
87.5 0.00251821802003
88.0 0.00247715920661
88.5 0.00246222643172
89.0 0.00249445292908
89.5 0.00241785863995
90.0 0.00241958882492
90.5 0.00228005348848
91.0 0.0022683080741
91.5 0.00229886233863
92.0 0.00226186267322
92.5 0.00218834845034
93.0 0.00217029578362
93.5 0.00218036873784
94.0 0.00206622734764
94.5 0.00197921538531
95.0 0.00182788653392
95.5 0.00180891848757
96.0 0.00173239985559
96.5 0.00176689845233
97.0 0.00166079415117
97.5 0.00147058730621
98.0 0.00139847443565
98.5 0.00141884133663
99.0 0.00135861256657
99.5 0.00125491962229
100.0 0.00124024378719
100.5 0.00119501584305
101.0 0.00104027781324
101.5 0.000854038943018
102.0 0.000950563403173
102.5 0.000813424358029
103.0 0.000556519239844
103.5 0.000494052900898
104.0 0.000558487048856
104.5 9.46116341467e-05
105.0 0.00013679187358
105.5 9.81197951546e-05
106.0 6.09951240804e-05
106.5 -0.000334681229297
107.0 -0.000424736408917
107.5 -0.000570850536327
108.0 -0.000830613637078
108.5 -0.00103859381537
109.0 -0.00128769812705
109.5 -0.00157288294071
110.0 -0.00150418964551
110.5 -0.00167389293017
111.0 -0.00187333422493
111.5 -0.00223311083275
112.0 -0.00239843036693
112.5 -0.00265972192602
113.0 -0.00302486217024
113.5 -0.00326890298695
114.0 -0.00271583989351
114.5 -0.00315249976393
115.0 -0.00317199508859
115.5 -0.0033188081598
116.0 -0.00369021124295
116.5 -0.00401997004997
117.0 -0.00409344396053
117.5 -0.00409698784118
118.0 -0.00340893915512
118.5 -8.28969155009e-05
119.0 0.00360822663701
119.5 0.0110271754535
120.0 0.0108303934522
120.5 0.00647392553697
121.0 0.00214066447435
121.5 0.000352135329678
122.0 -0.000836366988622
122.5 -0.00229129953576
123.0 -0.00373833374374
123.5 -0.00366264718861
124.0 -0.00402915560991
124.5 -0.00524060147043
125.0 -0.00478370192506
125.5 -0.00423415326762
126.0 -0.00382154257893
126.5 -0.00394730188003
127.0 -0.00384186743685
127.5 -0.00370848765843
128.0 -0.00351245436299
128.5 -0.00302130703533
129.0 -0.00271416970614
129.5 -0.00344799475906
130.0 -0.00280869649091
130.5 -0.00281765688479
131.0 -0.00253451476559
131.5 -0.00208626389718
132.0 -0.00186788837906
132.5 -0.00162153283041
133.0 -0.00134207481667
133.5 -0.0011910344054
134.0 -0.00100316592928
134.5 -0.000843452097371
135.0 -0.00119290192688
135.5 -0.000873191188255
136.0 -0.000766585156612
136.5 -0.000692122533504
137.0 -0.000542917153755
137.5 -0.000536575192719
138.0 -0.000312890115971
138.5 -0.000238929449424
139.0 -0.000154508549574
139.5 -6.88493522212e-05
140.0 7.92192636858e-05
140.5 0.000305773798509
141.0 0.000139121155698
141.5 0.000163182358211
142.0 0.000496229263312
142.5 0.000440649244874
143.0 0.000424352625888
143.5 0.00051049189965
144.0 0.000502314435598
144.5 0.000622005246287
145.0 0.000628341357261
145.5 0.000656783716765
146.0 0.00066003779692
146.5 0.000637910530372
147.0 0.000686493920684
147.5 0.000804461903298
148.0 0.00091215840363
148.5 0.00103620677479
149.0 0.00114498528356
149.5 0.00124287635291
150.0 0.00140839026013
150.5 0.00126042276789
151.0 0.0012942901258
151.5 0.00133204156576
152.0 0.00136306529479
152.5 0.00136711708709
153.0 0.00140097992906
153.5 0.00140383941095
154.0 0.00140592647996
154.5 0.00156390380476
155.0 0.00172486204362
155.5 0.0015386751559
156.0 0.00164433397489
156.5 0.00177181944133
157.0 0.0018954325711
157.5 0.00197341685557
158.0 0.00205674973697
158.5 0.00224145100706
159.0 0.0022820146578
159.5 0.00218142177721
160.0 0.00219732290395
160.5 0.00216415468325
161.0 0.00218603591456
161.5 0.00207935336605
162.0 0.00217808510148
162.5 0.00237218720847
163.0 0.00253229371494
163.5 0.00265230128328
164.0 0.00270317038787
164.5 0.00276762888035
165.0 0.00300730028992
165.5 0.00306901966091
166.0 0.00295945909333
166.5 0.0030569601039
167.0 0.0027789867066
167.5 0.00302771788348
168.0 0.00337318954281
168.5 0.00349261691217
169.0 0.00357619858328
169.5 0.00371535322412
170.0 0.00381991467859
170.5 0.00386755475934
171.0 0.00405211511286
171.5 0.00427211603409
172.0 0.00443555484242
172.5 0.00484587996509
173.0 0.00517897868774
173.5 0.00496398084557
174.0 0.00455958110871
174.5 0.00476918925258
175.0 0.00487561352375
175.5 0.00452048011988
176.0 0.00482281964642
176.5 0.00524137827355
177.0 0.00541668521667
177.5 0.00507819659613
178.0 0.00489468903247
178.5 0.00253018442467
179.0 -0.00197501282045
179.5 -0.00463790587438
180.0 -0.00337188884238
180.5 -0.00199131790255
181.0 0.00119100465305
181.5 0.00199727704543
182.0 0.00266789707268
182.5 0.00260732892826
183.0 0.00247385865502
183.5 0.00249072758072
184.0 0.00223478270185
184.5 0.00210528591764
185.0 0.00203466447944
185.5 0.00245669415931
186.0 0.00224412351257
186.5 0.00209019670227
187.0 0.00178477174191
187.5 0.0016050419231
188.0 0.00139507413223
188.5 0.00108252769648
189.0 0.000775926380754
189.5 0.000495742423624
190.0 0.000267170499185
190.5 -0.000243712167332
191.0 -0.000500542205771
191.5 -0.000871929653613
192.0 -0.00130015732533
192.5 -0.00175999216582
193.0 -0.0024447077992
193.5 -0.0029786351062
194.0 -0.0037660861814
194.5 -0.00470654692964
195.0 -0.00561569943687
195.5 -0.00724202284941
196.0 -0.00826838483057
196.5 -0.010786761396
197.0 -0.0131773873099
197.5 -0.0152978292483
198.0 -0.020543536907
198.5 -0.0277921370314
199.0 -0.0429449054512
199.5 -0.067117545228
