0.0 -0.00485862626942
0.5 0.00293819551233
1.0 -0.00494502879079
1.5 -0.00896922268204
2.0 -0.012056370392
2.5 -0.0148044742824
3.0 -0.0165394475947
3.5 -0.0182696381412
4.0 -0.0201986417775
4.5 -0.0215647214268
5.0 -0.0230825425286
5.5 -0.024381715856
6.0 -0.0257197750028
6.5 -0.0271137864708
7.0 -0.0283513656075
7.5 -0.0295282556572
8.0 -0.030642905266
8.5 -0.0317499979333
9.0 -0.0328239359869
9.5 -0.0338766348337
10.0 -0.0348890140351
10.5 -0.0358537314203
11.0 -0.0368061283978
11.5 -0.0376790117323
12.0 -0.0385316050068
12.5 -0.0393094348419
13.0 -0.0400608721461
13.5 -0.0408212257541
14.0 -0.0414585605852
14.5 -0.0420288702244
15.0 -0.042525508056
15.5 -0.0430639150151
16.0 -0.0434799568061
16.5 -0.0438035475936
17.0 -0.0440947833427
17.5 -0.0443461692852
18.0 -0.0445081985306
18.5 -0.044625097939
19.0 -0.044655874897
19.5 -0.0446304497659
20.0 -0.0445375249464
20.5 -0.0443796186817
21.0 -0.0441748727652
21.5 -0.0439143452114
22.0 -0.0436012781529
22.5 -0.0432008452743
23.0 -0.0427825169857
23.5 -0.0423177304252
24.0 -0.0418038210575
24.5 -0.0412478566607
25.0 -0.0406129690427
25.5 -0.0399447532454
26.0 -0.0392782513613
26.5 -0.0385627660558
27.0 -0.037812791345
27.5 -0.0370054838266
28.0 -0.0361986668851
28.5 -0.0353989790369
29.0 -0.0345521440314
29.5 -0.0337206229133
30.0 -0.032838683451
30.5 -0.0319526332734
31.0 -0.0310736490741
31.5 -0.0301676674697
32.0 -0.0292690735298
32.5 -0.0283863789879
33.0 -0.0274993236073
33.5 -0.0265976144851
34.0 -0.0257359751599
34.5 -0.0248601995316
35.0 -0.0239836470491
35.5 -0.0231288073994
36.0 -0.0222680342728
36.5 -0.0214109465141
37.0 -0.0205859233796
37.5 -0.0197774687753
38.0 -0.0189658289716
38.5 -0.018162957254
39.0 -0.0173871644661
39.5 -0.0166408706573
40.0 -0.0158913566252
40.5 -0.0151624480711
41.0 -0.0144540213744
41.5 -0.0137711275653
42.0 -0.0130879580771
42.5 -0.0124179541701
43.0 -0.0117779732092
43.5 -0.0111541600758
44.0 -0.01054204762
44.5 -0.00993430932047
45.0 -0.00934419203157
45.5 -0.00879750428719
46.0 -0.00825110567062
46.5 -0.00772114469438
47.0 -0.00721045419727
47.5 -0.00671174188529
48.0 -0.00625268920302
48.5 -0.00578624402215
49.0 -0.00533158548504
49.5 -0.00491164404835
50.0 -0.00445789299332
50.5 -0.00405453370093
51.0 -0.00367293853173
51.5 -0.0032797290924
52.0 -0.00291907135287
52.5 -0.0025624262333
53.0 -0.00224005186393
53.5 -0.00191652595594
54.0 -0.00160214013024
54.5 -0.00130863783734
55.0 -0.00100811522954
55.5 -0.000725525007759
56.0 -0.000434656008558
56.5 -0.000171743297283
57.0 5.8291455705e-05
57.5 0.000312149366264
58.0 0.000526153329522
58.5 0.00072385503136
59.0 0.000933910851462
59.5 0.0011200665039
60.0 0.00131636126671
60.5 0.00154295570198
61.0 0.00171715814633
61.5 0.00188740943577
62.0 0.00205971282673
62.5 0.00220792075644
63.0 0.00232441927831
63.5 0.00245219526103
64.0 0.00258712328513
64.5 0.00270200655656
65.0 0.00281454452787
65.5 0.00291414357395
66.0 0.00304331122975
66.5 0.00315577634796
67.0 0.00325215929215
67.5 0.00333281569862
68.0 0.00340577002999
68.5 0.00345860765326
69.0 0.00353339800965
69.5 0.00359575072245
70.0 0.00365320626448
70.5 0.00373116062588
71.0 0.00379540898919
71.5 0.00384422985336
72.0 0.00390354336562
72.5 0.00395063777683
73.0 0.00396452171598
73.5 0.00396913270448
74.0 0.00399547354704
74.5 0.00401521914691
75.0 0.00402776437811
75.5 0.00403353786569
76.0 0.00403184672006
76.5 0.00409120935048
77.0 0.00413448485513
77.5 0.00413449853237
78.0 0.00411731858092
78.5 0.00411370274925
79.0 0.00408605341905
79.5 0.00407580264337
80.0 0.00404440048419
80.5 0.0041072521224
81.0 0.00409784667222
81.5 0.00400539338947
82.0 0.00403806377689
82.5 0.00408596866331
83.0 0.00402092462284
83.5 0.00398461920366
84.0 0.00399845155198
84.5 0.00395427919464
85.0 0.00390998632989
85.5 0.0038595141746
86.0 0.00385752214694
86.5 0.00378909607529
87.0 0.00370749781553
87.5 0.00374514432245
88.0 0.00371791714067
88.5 0.00366348382337
89.0 0.00364909448416
89.5 0.00352813334148
90.0 0.00350888966858
90.5 0.00338613564564
91.0 0.00340860363395
91.5 0.00336459584156
92.0 0.00330828965675
92.5 0.00330333548905
93.0 0.00324060939809
93.5 0.00309129380903
94.0 0.00304481558866
94.5 0.00308236614596
95.0 0.00304626771496
95.5 0.00291795506853
96.0 0.00290743622194
96.5 0.00281370474727
97.0 0.00261702926247
97.5 0.00249781124806
98.0 0.00244421142871
98.5 0.00237060754975
99.0 0.00236152670533
99.5 0.00247131555752
100.0 0.00246998115731
100.5 0.00220720629612
101.0 0.00204329436633
101.5 0.00187984884436
102.0 0.00178240305504
102.5 0.00172767368472
103.0 0.00169022235312
103.5 0.00153343357296
104.0 0.00141335759864
104.5 0.00135451462717
105.0 0.00120572027961
105.5 0.00126900287385
106.0 0.00120370993699
106.5 0.000963874035797
107.0 0.000767902212083
107.5 0.00060180461913
108.0 0.000308364544409
108.5 0.000154898671333
109.0 0.000327059565308
109.5 -2.25051709748e-05
110.0 -6.21403859711e-05
110.5 -0.000133907786811
111.0 -0.000569879378475
111.5 -0.00115336314824
112.0 -0.00117501575406
112.5 -0.00112667719389
113.0 -0.00124624029556
113.5 -0.00169095336132
114.0 -0.00181742247455
114.5 -0.00216422222232
115.0 -0.00194450730451
115.5 -0.00217073987818
116.0 -0.00214775216386
116.5 -0.00209625053067
117.0 -0.00192739852855
117.5 -0.00258416114107
118.0 -0.00120867035328
118.5 0.000688261807539
119.0 0.00354756053387
119.5 0.011300448008
120.0 0.0123437081828
120.5 0.0108033428949
121.0 0.00756655679379
121.5 -0.000829069590949
122.0 -0.00222611573123
122.5 -0.00513597826179
123.0 -0.00401402739284
123.5 -0.00358220321463
124.0 -0.00340310351213
124.5 -0.00437682185863
125.0 -0.00395398062352
125.5 -0.00345492613174
126.0 -0.00375189345915
126.5 -0.00407516229345
127.0 -0.00381710931691
127.5 -0.00323421970778
128.0 -0.00331177546624
128.5 -0.00362350033528
129.0 -0.0030128008661
129.5 -0.00290827544843
130.0 -0.00289186980195
130.5 -0.00186109583036
131.0 -0.00259909435866
131.5 -0.00231295466031
132.0 -0.00206621631897
132.5 -0.0017900082476
133.0 -0.00168974808386
133.5 -0.00167007927461
134.0 -0.00152456910693
134.5 -0.00142302387776
135.0 -0.00139467848661
135.5 -0.00132150304569
136.0 -0.0010894350982
136.5 -0.000848309079746
137.0 -0.000465665158465
137.5 -0.00058224509652
138.0 -0.000566628505812
138.5 -0.000397712575186
139.0 -0.000278431616451
139.5 -0.000180970882361
140.0 -0.000118291884238
140.5 -6.20362921211e-06
141.0 0.000356200387369
141.5 0.000125785378479
142.0 0.000217111328915
142.5 0.000329503645421
143.0 0.000489485332704
143.5 0.000577049984583
144.0 0.000639042423272
144.5 0.000806418929125
145.0 0.000889795337072
145.5 0.00107904992559
146.0 0.000901727905924
146.5 0.000915477526048
147.0 0.000971238135234
147.5 0.001022927168
148.0 0.00102660431991
148.5 0.00108394632385
149.0 0.0012095131403
149.5 0.00131008315738
150.0 0.00138368776084
150.5 0.00145051944253
151.0 0.00151869316015
151.5 0.00160201076996
152.0 0.00167009638375
152.5 0.00171322190061
153.0 0.0018097453356
153.5 0.00195123038822
154.0 0.00201570892488
154.5 0.00188287171407
155.0 0.00196905014131
155.5 0.00213180775594
156.0 0.00233106186614
156.5 0.00225509303321
157.0 0.00218100658751
157.5 0.00227825227473
158.0 0.00243806584063
158.5 0.0025009768014
159.0 0.00240501623309
159.5 0.00254698178748
160.0 0.00273423949693
160.5 0.00287618321065
161.0 0.00300396844645
161.5 0.00299238351966
162.0 0.00302346895858
162.5 0.00295798292375
163.0 0.00310004141097
163.5 0.0033794679804
164.0 0.00337722743729
164.5 0.00322900213298
165.0 0.00365133907058
165.5 0.00379537768569
166.0 0.00341633171711
166.5 0.00370299784909
167.0 0.00394843650356
167.5 0.00418806070734
168.0 0.00452184963876
168.5 0.00483910950317
169.0 0.00481238216773
169.5 0.00461897254235
170.0 0.00497752177777
170.5 0.00514822814014
171.0 0.00538984501284
171.5 0.00567094920949
172.0 0.00599237502186
172.5 0.00638219745143
173.0 0.00657729718969
173.5 0.00679183792489
174.0 0.00670325273697
174.5 0.0060868600867
175.0 0.00640959838357
175.5 0.00569338483122
176.0 0.00564695613498
176.5 0.00469301860686
177.0 0.00522042867357
177.5 0.00694958503398
178.0 0.00373253658513
178.5 0.0033990969978
179.0 -0.0037364840595
179.5 -0.00658989074135
180.0 -0.00464215448804
180.5 -0.00471690714831
181.0 -0.00209874057235
181.5 0.00132787438302
182.0 0.00266727958841
182.5 0.00363972124045
183.0 0.00391144111799
183.5 0.00357337187104
184.0 0.00292238954974
184.5 0.00274739711951
185.0 0.00330864747005
185.5 0.00270909061443
186.0 0.0027012904475
186.5 0.00260994651447
187.0 0.00246253555021
187.5 0.00219768634877
188.0 0.00182558344586
188.5 0.00184432906657
189.0 0.00166135729124
189.5 0.00136723909155
190.0 0.00117977396775
190.5 0.000698040344787
191.0 0.000423149165172
191.5 9.24178342387e-05
192.0 -0.000196835565433
192.5 -0.000422012191223
193.0 -0.00101909109864
193.5 -0.00137199121453
194.0 -0.00207825901923
194.5 -0.00272952588855
195.0 -0.00324100501933
195.5 -0.00506403072043
196.0 -0.00586535509564
196.5 -0.00645146026403
197.0 -0.00863955854443
197.5 -0.00999388376847
198.0 -0.0138423277985
198.5 -0.0191818335886
199.0 -0.028861475556
199.5 -0.0453443250819
