48	 8	 008
49	 8	 008
47	 8	 008
50	 8	 008
46	 8	 008
51	 8	 008
45	 8	 008
52	 8	 008
44	 8	 008
53	 8	 008
43	 8	 008
54	 8	 008
42	 8	 008
55	 8	 008
41	 8	 008
56	 8	 008
40	 8	 008
57	 9	 009
39	 9	 009
58	 9	 009
38	 9	 009
59	 9	 009
37	 9	 009
60	 9	 009
36	 9	 009
61	 10	 010
35	 10	 010
62	 10	 010
34	 10	 010
63	 10	 010
33	 10	 010
64	 10	 010
32	 11	 011
65	 11	 011
31	 11	 011
66	 11	 011
30	 11	 011
29	 12	 012
67	 12	 012
68	 13	 013
28	 13	 013
69	 15	 015
27	 16	 016
48	 35	 027
47	 35	 027
49	 35	 027
46	 35	 027
50	 35	 027
45	 35	 027
51	 35	 027
44	 35	 027
52	 35	 027
43	 35	 027
53	 35	 027
42	 35	 027
54	 35	 027
41	 35	 027
55	 35	 027
56	 35	 027
40	 35	 027
57	 35	 026
39	 35	 026
58	 35	 026
38	 35	 026
59	 36	 027
37	 36	 027
60	 36	 027
36	 36	 027
61	 36	 026
35	 36	 026
62	 36	 026
34	 36	 026
63	 36	 026
33	 36	 026
64	 36	 026
32	 36	 025
65	 37	 026
31	 37	 026
66	 37	 026
30	 37	 026
67	 37	 025
29	 37	 025
68	 37	 024
28	 37	 024
75	 37	 037
21	 37	 037
69	 37	 022
70	 37	 037
27	 37	 021
26	 37	 037
71	 38	 038
25	 38	 038
72	 38	 038
24	 38	 038
73	 38	 038
23	 38	 038
74	 38	 038
22	 38	 038
48	 42	 007
47	 42	 007
49	 42	 007
50	 42	 007
46	 42	 007
51	 42	 007
45	 42	 007
52	 42	 007
44	 42	 007
53	 42	 007
43	 42	 007
54	 42	 007
42	 42	 007
55	 42	 007
41	 42	 007
56	 42	 007
40	 43	 008
57	 43	 008
39	 43	 008
58	 43	 008
38	 43	 008
59	 43	 007
37	 43	 007
60	 43	 007
36	 43	 007
61	 43	 007
35	 43	 007
62	 44	 008
34	 44	 008
63	 44	 008
33	 44	 008
64	 44	 008
32	 44	 008
65	 44	 007
31	 44	 007
66	 44	 007
30	 44	 007
67	 44	 007
29	 45	 008
47	 59	 017
48	 59	 017
49	 59	 017
46	 59	 017
50	 59	 017
45	 59	 017
51	 59	 017
44	 59	 017
52	 59	 017
43	 59	 017
53	 59	 017
54	 59	 017
42	 59	 017
55	 59	 017
41	 59	 017
56	 59	 017
40	 59	 016
57	 59	 016
39	 59	 016
68	 59	 022
28	 59	 022
75	 59	 022
58	 59	 016
38	 59	 016
69	 59	 022
27	 59	 022
37	 59	 016
59	 59	 016
70	 59	 022
26	 59	 022
60	 59	 016
36	 59	 016
71	 59	 021
25	 59	 021
61	 59	 016
35	 59	 016
72	 59	 021
24	 59	 021
62	 59	 015
34	 59	 015
21	 59	 022
73	 60	 022
23	 60	 022
30	 60	 016
31	 60	 016
65	 60	 016
66	 60	 016
29	 60	 015
32	 60	 016
33	 60	 016
63	 60	 016
64	 60	 016
67	 60	 016
74	 60	 022
22	 60	 022
48	 64	 005
49	 64	 005
47	 64	 005
46	 64	 005
50	 64	 005
45	 64	 005
51	 64	 005
44	 64	 005
52	 64	 005
53	 64	 005
43	 64	 005
54	 64	 005
42	 64	 005
68	 64	 005
28	 64	 005
41	 64	 005
55	 64	 005
75	 64	 005
56	 64	 005
40	 65	 005
57	 65	 006
39	 65	 006
69	 65	 006
27	 65	 006
58	 65	 006
38	 65	 006
70	 65	 006
26	 65	 006
59	 65	 006
37	 65	 006
71	 65	 006
25	 65	 006
60	 65	 006
36	 65	 006
72	 65	 006
24	 65	 006
61	 65	 006
35	 65	 006
73	 65	 005
23	 65	 005
62	 65	 006
34	 65	 006
63	 65	 005
33	 65	 005
74	 65	 005
22	 65	 005
32	 65	 005
64	 65	 005
29	 65	 005
30	 65	 005
67	 65	 005
66	 65	 005
21	 65	 006
31	 65	 005
65	 65	 005
48	 72	 008
47	 72	 008
49	 72	 008
46	 72	 008
50	 72	 008
51	 72	 008
75	 72	 008
45	 72	 008
52	 72	 008
44	 72	 008
53	 72	 008
43	 72	 008
54	 72	 008
42	 72	 008
68	 72	 008
28	 72	 008
55	 72	 008
41	 72	 008
56	 72	 008
40	 72	 007
57	 73	 007
39	 73	 008
69	 73	 008
27	 73	 008
38	 73	 008
58	 73	 008
70	 73	 008
59	 73	 008
26	 73	 008
37	 73	 008
60	 73	 008
36	 73	 008
61	 73	 008
35	 73	 008
71	 73	 008
25	 73	 008
34	 73	 008
62	 73	 008
72	 73	 008
24	 73	 008
63	 73	 008
33	 73	 008
64	 73	 008
32	 73	 008
30	 73	 008
31	 73	 008
65	 73	 008
66	 73	 008
67	 73	 008
29	 73	 008
73	 73	 008
23	 73	 008
74	 73	 008
22	 73	 008
47	 79	 007
48	 79	 007
49	 79	 007
46	 79	 007
50	 79	 007
75	 79	 007
45	 79	 007
51	 79	 007
52	 79	 007
44	 79	 007
53	 79	 007
43	 79	 007
54	 79	 007
42	 79	 007
41	 79	 007
55	 79	 007
68	 79	 007
28	 79	 007
56	 79	 007
40	 79	 007
39	 80	 007
57	 80	 007
21	 80	 015
58	 80	 007
69	 80	 007
27	 80	 007
38	 80	 007
37	 80	 007
59	 80	 007
70	 80	 007
26	 80	 007
60	 80	 007
36	 80	 007
25	 80	 007
71	 80	 007
35	 80	 007
61	 80	 007
72	 80	 007
24	 80	 007
62	 80	 007
34	 80	 007
73	 80	 007
23	 80	 007
63	 80	 007
33	 80	 007
74	 80	 007
22	 80	 007
29	 80	 007
67	 80	 007
30	 80	 007
66	 80	 007
31	 80	 007
64	 80	 007
65	 80	 007
32	 80	 007
48	 87	 008
47	 87	 008
49	 87	 008
46	 87	 008
50	 87	 008
45	 87	 008
51	 87	 008
44	 87	 008
52	 87	 008
53	 87	 008
43	 87	 008
54	 87	 008
42	 87	 008
75	 87	 008
55	 87	 008
41	 87	 008
68	 87	 008
28	 87	 008
56	 87	 008
40	 87	 008
57	 87	 007
39	 87	 007
38	 87	 007
58	 87	 007
37	 87	 007
59	 87	 007
60	 87	 007
36	 87	 007
69	 87	 007
35	 87	 007
61	 87	 007
27	 87	 007
34	 87	 007
62	 87	 007
63	 87	 007
33	 87	 007
70	 88	 007
26	 88	 008
32	 88	 008
64	 88	 008
30	 88	 008
31	 88	 008
65	 88	 008
66	 88	 008
67	 88	 008
25	 88	 008
29	 88	 008
71	 88	 008
24	 88	 008
72	 88	 008
73	 88	 008
23	 88	 008
22	 88	 008
74	 88	 008
48	 94	 007
47	 94	 007
49	 94	 007
46	 94	 007
50	 94	 007
51	 94	 007
45	 94	 007
52	 94	 007
44	 94	 007
43	 94	 007
53	 94	 007
42	 94	 007
54	 94	 007
55	 94	 007
41	 94	 007
40	 94	 007
56	 94	 007
68	 94	 007
28	 94	 007
39	 94	 007
57	 94	 007
21	 94	 014
58	 94	 007
38	 94	 007
59	 95	 007
37	 95	 008
36	 95	 008
60	 95	 008
69	 95	 008
27	 95	 008
61	 95	 008
35	 95	 008
70	 95	 007
26	 95	 007
25	 95	 007
34	 95	 008
62	 95	 008
71	 95	 007
72	 95	 007
24	 95	 007
29	 95	 007
67	 95	 007
23	 95	 007
30	 95	 007
63	 95	 008
66	 95	 007
73	 95	 007
33	 95	 008
31	 95	 007
65	 95	 007
32	 95	 007
64	 95	 007
74	 95	 007
22	 95	 007
75	 95	 008
48	 100	 006
47	 100	 006
49	 100	 006
50	 100	 006
46	 100	 006
51	 101	 007
45	 101	 007
52	 101	 007
44	 101	 007
43	 101	 007
53	 101	 007
54	 101	 007
42	 101	 007
55	 101	 007
41	 101	 007
40	 101	 007
56	 101	 007
57	 101	 007
39	 101	 007
58	 101	 007
68	 101	 007
38	 101	 007
28	 101	 007
37	 101	 006
59	 101	 006
60	 101	 006
36	 101	 006
61	 101	 006
35	 101	 006
62	 101	 006
34	 101	 006
69	 101	 006
27	 101	 006
70	 101	 006
26	 101	 006
63	 101	 006
33	 101	 006
25	 101	 006
71	 101	 006
24	 101	 006
72	 101	 006
32	 101	 006
64	 101	 006
31	 101	 006
65	 101	 006
73	 101	 006
23	 101	 006
30	 101	 006
66	 101	 006
74	 101	 006
22	 101	 006
29	 101	 006
67	 101	 006
75	 102	 007
21	 103	 009
48	 108	 008
49	 108	 008
47	 108	 008
46	 108	 008
50	 108	 008
51	 108	 007
45	 108	 007
52	 108	 007
44	 108	 007
53	 108	 007
43	 108	 007
54	 108	 007
42	 108	 007
55	 108	 007
41	 108	 007
40	 108	 007
56	 108	 007
57	 109	 008
39	 109	 008
68	 109	 008
28	 109	 008
58	 109	 008
38	 109	 008
37	 109	 008
59	 109	 008
69	 109	 008
27	 109	 008
36	 109	 008
60	 109	 008
26	 109	 008
70	 109	 008
35	 109	 008
61	 109	 008
34	 109	 008
62	 109	 008
25	 109	 008
30	 109	 008
31	 109	 008
63	 109	 008
66	 109	 008
71	 109	 008
33	 109	 008
65	 109	 008
32	 109	 008
64	 109	 008
29	 109	 008
67	 109	 008
72	 109	 008
24	 109	 008
73	 109	 008
23	 109	 008
74	 109	 008
22	 109	 008
48	 115	 007
49	 116	 007
47	 116	 008
46	 116	 008
50	 116	 008
51	 116	 008
45	 116	 008
52	 116	 008
44	 116	 008
53	 116	 008
43	 116	 008
54	 116	 008
42	 116	 008
55	 116	 008
41	 116	 008
56	 116	 008
40	 116	 008
39	 116	 007
57	 116	 007
58	 116	 007
38	 116	 007
37	 116	 007
59	 116	 007
60	 116	 007
36	 116	 007
35	 116	 007
61	 116	 007
68	 116	 007
34	 116	 007
62	 116	 007
28	 116	 007
63	 116	 007
33	 116	 007
64	 116	 007
32	 116	 007
65	 116	 007
69	 116	 007
25	 116	 007
26	 116	 007
27	 116	 007
31	 116	 007
70	 116	 007
71	 116	 007
72	 116	 007
24	 116	 007
23	 116	 007
73	 116	 007
22	 116	 007
74	 116	 007
66	 116	 007
30	 116	 007
67	 116	 007
29	 116	 007
75	 116	 014
21	 118	 015
48	 122	 007
47	 122	 006
49	 122	 006
46	 122	 006
50	 122	 006
51	 122	 006
45	 123	 006
52	 123	 007
44	 123	 007
53	 123	 007
43	 123	 007
54	 123	 007
42	 123	 007
55	 123	 007
41	 123	 007
56	 123	 007
40	 123	 007
57	 123	 007
39	 123	 007
68	 123	 007
28	 123	 007
58	 123	 007
38	 123	 007
34	 123	 007
35	 123	 007
36	 123	 007
37	 123	 007
59	 123	 007
60	 123	 007
61	 123	 007
62	 123	 007
33	 123	 007
63	 123	 007
32	 123	 007
64	 123	 007
27	 123	 007
31	 123	 007
65	 123	 007
69	 123	 007
66	 123	 007
30	 123	 007
70	 123	 007
26	 123	 007
29	 123	 007
67	 123	 007
71	 123	 007
25	 123	 007
22	 123	 007
74	 123	 007
23	 123	 007
73	 123	 007
24	 123	 007
72	 123	 007
48	 130	 008
47	 130	 008
49	 130	 008
50	 130	 008
46	 130	 008
45	 130	 007
51	 130	 008
52	 130	 007
44	 130	 007
53	 130	 007
43	 130	 007
54	 131	 008
42	 131	 008
55	 131	 008
41	 131	 008
56	 131	 008
40	 131	 008
57	 131	 008
39	 131	 008
58	 131	 008
38	 131	 008
36	 131	 008
37	 131	 008
59	 131	 008
60	 131	 008
35	 131	 008
61	 131	 008
62	 131	 008
34	 131	 008
63	 131	 008
33	 131	 008
68	 131	 008
28	 131	 008
64	 131	 008
32	 131	 008
27	 131	 008
69	 131	 008
26	 131	 008
70	 131	 008
25	 131	 008
65	 131	 008
71	 131	 008
22	 131	 008
23	 131	 008
24	 131	 008
31	 131	 008
72	 131	 008
73	 131	 008
74	 131	 008
75	 131	 015
30	 131	 008
66	 131	 008
29	 131	 008
67	 131	 008
48	 137	 007
49	 137	 007
47	 137	 007
50	 137	 007
46	 137	 007
51	 137	 007
45	 137	 007
52	 137	 007
44	 137	 007
53	 137	 007
43	 137	 007
54	 137	 006
42	 137	 006
55	 137	 006
41	 137	 006
40	 137	 006
56	 137	 006
33	 137	 006
34	 137	 006
35	 137	 006
39	 137	 006
57	 137	 006
61	 137	 006
62	 137	 006
63	 137	 006
32	 137	 006
36	 137	 006
37	 137	 006
38	 137	 006
58	 137	 006
59	 137	 006
60	 137	 006
64	 137	 006
31	 137	 006
65	 137	 006
68	 137	 006
28	 137	 006
30	 137	 006
66	 137	 006
67	 137	 006
29	 137	 006
22	 137	 006
23	 137	 006
74	 137	 006
73	 137	 006
24	 137	 006
27	 137	 006
69	 137	 006
72	 137	 006
25	 137	 006
71	 137	 006
26	 137	 006
70	 137	 006
21	 138	 020
75	 139	 008
48	 144	 007
49	 144	 007
47	 144	 007
50	 144	 007
46	 144	 007
51	 144	 007
45	 144	 007
52	 144	 007
44	 144	 007
53	 144	 007
43	 144	 007
54	 144	 007
42	 144	 007
55	 144	 007
41	 144	 007
40	 144	 007
56	 144	 007
39	 144	 007
57	 144	 007
38	 144	 007
58	 144	 007
59	 144	 007
37	 144	 007
68	 144	 007
36	 144	 007
60	 144	 007
28	 144	 007
61	 145	 007
35	 145	 008
27	 145	 008
69	 145	 008
26	 145	 008
29	 145	 008
30	 145	 008
66	 145	 008
67	 145	 008
70	 145	 008
25	 145	 008
31	 145	 008
65	 145	 008
71	 145	 008
24	 145	 008
32	 145	 008
64	 145	 008
72	 145	 008
34	 145	 008
62	 145	 008
33	 145	 008
73	 145	 008
23	 145	 008
63	 145	 008
22	 145	 008
74	 145	 008
48	 151	 007
49	 151	 007
47	 151	 007
50	 151	 007
46	 151	 007
51	 151	 007
45	 151	 007
52	 151	 007
44	 151	 007
53	 151	 007
43	 151	 007
42	 151	 007
54	 151	 007
41	 151	 007
55	 151	 007
40	 151	 007
56	 151	 007
39	 151	 007
57	 151	 007
58	 151	 007
37	 151	 007
38	 151	 007
59	 151	 007
36	 151	 007
60	 151	 007
35	 151	 006
61	 151	 006
62	 151	 006
34	 151	 006
32	 151	 006
33	 151	 006
63	 151	 006
64	 151	 006
31	 151	 006
65	 151	 006
24	 152	 007
68	 152	 008
72	 152	 007
23	 152	 007
25	 152	 007
28	 152	 008
30	 152	 007
66	 152	 007
71	 152	 007
73	 152	 007
26	 152	 007
69	 152	 007
70	 152	 007
74	 152	 007
22	 152	 007
27	 152	 007
29	 152	 007
67	 152	 007
75	 152	 013
21	 153	 015
48	 153	 002
49	 153	 002
47	 153	 002
50	 156	 005
46	 156	 005
51	 157	 006
45	 157	 006
52	 157	 006
44	 157	 006
53	 157	 006
43	 157	 006
54	 157	 006
42	 157	 006
55	 157	 006
41	 157	 006
47	 157	 004
40	 157	 006
56	 157	 006
37	 157	 006
39	 157	 006
49	 157	 004
57	 157	 006
58	 157	 006
59	 157	 006
60	 157	 006
36	 157	 006
38	 157	 006
61	 157	 006
35	 157	 006
34	 157	 006
62	 157	 006
31	 157	 006
32	 157	 006
33	 157	 006
63	 157	 006
64	 157	 006
65	 157	 006
30	 157	 005
48	 157	 004
66	 157	 005
68	 157	 005
28	 157	 005
23	 158	 006
24	 158	 006
29	 158	 006
67	 158	 006
73	 158	 006
72	 158	 006
22	 158	 006
74	 158	 006
25	 158	 006
71	 158	 006
69	 158	 006
27	 158	 006
26	 158	 006
70	 158	 006
50	 158	 002
46	 158	 002
47	 159	 002
51	 159	 002
49	 159	 002
45	 159	 002
75	 160	 008
52	 160	 003
44	 160	 003
48	 160	 003
21	 160	 007
53	 161	 004
43	 161	 004
54	 165	 008
42	 165	 008
55	 165	 008
41	 165	 008
40	 165	 008
56	 165	 008
39	 166	 009
57	 166	 009
37	 166	 009
38	 166	 009
58	 166	 009
59	 166	 009
36	 166	 009
60	 166	 009
35	 166	 009
61	 166	 009
62	 166	 009
34	 166	 009
63	 166	 009
33	 166	 009
50	 166	 008
24	 166	 008
72	 167	 009
73	 167	 009
64	 167	 010
68	 167	 010
23	 167	 009
32	 167	 010
28	 168	 011
25	 168	 010
65	 169	 012
71	 169	 011
31	 169	 012
74	 172	 014
22	 172	 014
66	 172	 015
30	 172	 015
46	 172	 014
26	 172	 014
70	 172	 014
69	 172	 014
67	 172	 014
27	 172	 014
29	 172	 014
51	 172	 013
45	 173	 013
48	 173	 013
52	 173	 013
44	 173	 013
47	 173	 014
49	 173	 014
53	 173	 012
43	 173	 012
54	 173	 008
42	 173	 008
50	 173	 007
55	 173	 008
41	 173	 008
56	 173	 008
40	 173	 008
39	 173	 007
57	 173	 007
38	 173	 007
58	 173	 007
36	 173	 007
60	 173	 007
31	 173	 004
35	 173	 007
37	 173	 007
59	 173	 007
61	 173	 007
34	 173	 007
62	 173	 007
63	 173	 007
33	 173	 007
65	 173	 004
68	 173	 006
28	 173	 005
64	 173	 006
32	 173	 006
71	 173	 004
24	 174	 007
72	 174	 006
23	 174	 007
25	 174	 006
73	 174	 007
46	 174	 002
66	 174	 002
30	 174	 002
26	 174	 002
69	 174	 002
70	 174	 002
27	 174	 002
67	 174	 002
74	 174	 002
22	 174	 002
29	 174	 002
51	 185	 013
45	 186	 013
48	 186	 013
52	 186	 013
44	 186	 013
22	 186	 012
53	 186	 013
43	 186	 013
31	 186	 013
74	 186	 012
49	 186	 013
47	 186	 013
71	 186	 013
65	 186	 013
54	 186	 013
42	 186	 013
25	 186	 012
50	 186	 013
55	 186	 013
41	 186	 013
35	 186	 013
36	 186	 013
37	 186	 013
40	 186	 013
56	 186	 013
59	 186	 013
60	 186	 013
61	 186	 013
32	 186	 013
34	 186	 013
38	 186	 013
39	 186	 013
57	 186	 013
58	 186	 013
62	 186	 013
33	 187	 013
63	 187	 013
64	 187	 013
26	 187	 013
70	 187	 013
23	 187	 013
66	 187	 013
30	 187	 013
73	 187	 013
24	 187	 013
27	 187	 013
69	 187	 013
72	 187	 013
28	 187	 014
67	 187	 013
29	 187	 013
68	 187	 014
46	 187	 013
51	 187	 002
45	 188	 002
48	 188	 002
52	 188	 002
44	 189	 003
53	 189	 003
43	 189	 003
31	 189	 003
22	 189	 003
49	 189	 003
47	 189	 003
51	 189	 002
74	 189	 003
71	 189	 003
54	 190	 004
42	 190	 004
65	 190	 004
50	 190	 004
25	 190	 004
55	 190	 004
26	 190	 003
70	 190	 003
41	 190	 004
27	 190	 003
69	 190	 003
56	 190	 004
40	 190	 004
29	 190	 003
66	 190	 003
67	 190	 003
30	 190	 003
39	 190	 004
57	 190	 004
58	 190	 004
38	 190	 004
37	 190	 004
59	 190	 004
28	 190	 003
60	 190	 004
36	 190	 004
61	 190	 004
35	 190	 004
75	 190	 030
23	 190	 003
62	 190	 004
72	 190	 003
73	 190	 003
24	 190	 003
34	 190	 004
68	 190	 003
32	 190	 004
63	 190	 003
64	 190	 003
33	 190	 003
46	 190	 003
45	 191	 003
48	 191	 003
52	 191	 003
44	 191	 002
22	 191	 002
31	 192	 002
53	 192	 003
43	 192	 003
74	 192	 003
49	 192	 003
47	 192	 003
65	 192	 002
71	 192	 003
50	 192	 002
54	 192	 002
51	 192	 003
42	 192	 002
45	 193	 001
29	 193	 003
66	 193	 003
67	 193	 003
30	 193	 003
55	 193	 003
27	 193	 003
41	 193	 003
69	 193	 003
25	 193	 003
26	 193	 003
70	 193	 003
48	 193	 002
52	 193	 002
44	 193	 002
56	 193	 003
40	 193	 003
28	 193	 003
57	 193	 003
39	 193	 003
68	 193	 003
58	 193	 003
38	 193	 003
46	 193	 003
37	 193	 003
53	 193	 001
59	 193	 003
32	 193	 003
60	 193	 003
36	 193	 003
43	 193	 001
61	 193	 003
35	 193	 003
64	 193	 003
62	 193	 003
34	 193	 003
63	 194	 004
33	 194	 004
23	 194	 004
31	 194	 002
73	 194	 004
72	 194	 004
24	 194	 004
49	 194	 002
47	 194	 002
51	 194	 002
22	 194	 003
71	 194	 002
74	 194	 002
54	 194	 002
42	 195	 003
65	 195	 003
50	 195	 003
22	 206	 012
74	 207	 013
25	 207	 014
65	 207	 012
66	 207	 014
30	 207	 014
26	 207	 014
70	 207	 014
55	 207	 014
27	 207	 014
29	 207	 014
41	 207	 014
67	 207	 014
69	 207	 014
31	 207	 013
32	 207	 014
35	 207	 014
36	 207	 014
40	 207	 014
56	 207	 014
60	 207	 014
61	 207	 014
62	 207	 014
33	 207	 013
34	 207	 014
37	 207	 014
39	 207	 014
57	 207	 014
59	 207	 014
63	 207	 013
64	 207	 014
38	 207	 014
58	 207	 014
23	 207	 013
73	 207	 013
24	 207	 013
72	 207	 013
28	 207	 014
71	 207	 013
50	 207	 012
45	 207	 014
46	 207	 014
68	 207	 014
47	 207	 013
48	 207	 014
49	 207	 013
42	 207	 012
54	 207	 013
43	 207	 014
44	 207	 014
52	 207	 014
53	 207	 014
51	 207	 013
22	 209	 003
74	 210	 003
25	 210	 003
26	 210	 003
70	 210	 003
55	 210	 003
29	 210	 003
67	 210	 003
27	 210	 003
66	 210	 003
41	 210	 003
30	 210	 003
69	 210	 003
65	 210	 003
56	 210	 003
40	 210	 003
57	 210	 003
39	 210	 003
50	 210	 003
58	 210	 003
38	 210	 003
28	 210	 003
59	 210	 003
37	 210	 003
60	 210	 003
36	 210	 003
31	 210	 003
61	 210	 003
35	 210	 003
71	 210	 003
23	 210	 003
62	 210	 003
34	 210	 003
45	 210	 003
72	 210	 003
73	 210	 003
24	 210	 003
68	 210	 003
32	 210	 003
46	 210	 003
63	 210	 003
33	 210	 003
64	 210	 003
42	 211	 004
54	 211	 004
47	 211	 004
49	 211	 004
43	 211	 004
48	 211	 004
53	 211	 004
44	 211	 004
52	 211	 004
51	 211	 004
22	 212	 003
74	 212	 002
66	 213	 003
29	 213	 003
67	 213	 003
30	 213	 003
65	 213	 003
55	 213	 003
27	 213	 003
69	 213	 003
25	 213	 003
41	 213	 003
70	 213	 003
26	 213	 003
50	 213	 003
56	 213	 003
40	 213	 003
28	 213	 003
31	 213	 003
57	 213	 003
39	 213	 003
45	 213	 003
68	 214	 004
46	 214	 004
58	 214	 004
38	 214	 004
59	 214	 004
37	 214	 004
32	 214	 004
60	 214	 004
36	 214	 004
35	 214	 004
61	 214	 004
42	 214	 003
71	 214	 004
47	 214	 003
49	 214	 003
54	 214	 003
64	 214	 004
62	 214	 004
34	 214	 004
63	 214	 004
33	 214	 004
43	 214	 003
48	 214	 003
53	 214	 003
23	 214	 004
44	 214	 003
52	 214	 003
72	 214	 004
24	 214	 004
73	 214	 004
22	 214	 002
75	 214	 024
74	 215	 003
29	 215	 002
51	 215	 004
55	 215	 002
67	 215	 002
25	 215	 002
70	 215	 002
26	 215	 002
27	 215	 002
41	 215	 002
69	 215	 002
66	 215	 002
30	 215	 002
65	 215	 002
56	 215	 002
40	 215	 002
50	 216	 003
22	 227	 013
74	 228	 012
28	 228	 015
31	 228	 015
32	 228	 014
57	 228	 015
39	 228	 015
45	 228	 015
64	 228	 014
46	 228	 014
33	 228	 014
34	 228	 014
35	 228	 014
61	 228	 014
62	 228	 014
63	 228	 014
68	 228	 014
36	 228	 014
58	 228	 014
60	 228	 014
37	 228	 014
38	 228	 014
47	 228	 014
49	 228	 014
59	 228	 014
65	 228	 013
66	 228	 013
30	 228	 013
23	 228	 014
48	 228	 014
67	 228	 013
73	 228	 014
29	 228	 013
42	 228	 014
44	 228	 014
52	 228	 014
54	 228	 014
71	 228	 014
24	 228	 014
43	 228	 014
50	 228	 012
53	 228	 014
72	 228	 014
69	 228	 013
27	 228	 013
41	 228	 013
51	 228	 013
55	 228	 013
56	 228	 013
25	 228	 013
40	 228	 013
26	 228	 013
70	 228	 013
22	 229	 002
28	 230	 002
57	 230	 002
39	 230	 002
74	 230	 002
31	 230	 002
58	 231	 003
38	 231	 003
45	 231	 003
59	 231	 003
37	 231	 003
60	 231	 003
36	 231	 003
61	 231	 003
68	 231	 003
35	 231	 003
46	 231	 003
62	 231	 003
32	 231	 003
34	 231	 003
64	 231	 003
71	 231	 003
63	 231	 003
33	 231	 003
23	 231	 003
73	 231	 003
42	 231	 003
72	 231	 003
24	 231	 003
47	 231	 003
49	 231	 003
54	 231	 003
65	 231	 003
66	 231	 003
30	 231	 003
50	 231	 003
43	 231	 003
53	 231	 003
48	 231	 003
44	 231	 003
52	 231	 003
67	 231	 003
29	 231	 003
40	 231	 003
56	 231	 003
69	 231	 003
27	 231	 003
25	 231	 003
41	 231	 003
55	 232	 003
70	 232	 004
26	 232	 004
51	 232	 004
22	 232	 003
28	 233	 003
31	 233	 003
57	 233	 003
39	 233	 003
74	 233	 003
45	 233	 002
68	 233	 002
46	 233	 002
58	 234	 003
38	 234	 003
32	 234	 003
59	 234	 003
37	 234	 003
60	 234	 003
36	 234	 003
35	 234	 003
61	 234	 003
42	 234	 003
64	 234	 003
54	 234	 003
47	 234	 003
71	 234	 003
49	 234	 003
62	 234	 003
34	 234	 003
65	 234	 003
63	 234	 003
33	 234	 003
66	 234	 003
30	 234	 003
22	 234	 002
50	 234	 003
43	 234	 003
53	 234	 003
44	 234	 003
48	 234	 003
52	 234	 003
72	 234	 003
23	 234	 003
67	 234	 003
24	 234	 003
73	 234	 003
29	 234	 003
40	 234	 003
56	 234	 003
28	 234	 001
69	 234	 003
27	 235	 004
41	 235	 004
55	 235	 003
25	 235	 004
26	 235	 003
70	 235	 003
57	 235	 002
39	 235	 002
74	 235	 002
51	 235	 003
31	 235	 002
58	 235	 001
38	 236	 002
59	 236	 002
45	 236	 003
37	 236	 002
60	 236	 002
36	 236	 002
61	 236	 002
35	 236	 002
68	 236	 003
46	 236	 003
62	 236	 002
34	 236	 002
32	 236	 002
71	 236	 002
64	 236	 002
63	 236	 002
33	 236	 002
42	 236	 002
23	 236	 002
54	 236	 002
65	 236	 002
72	 236	 002
73	 236	 002
47	 236	 002
49	 236	 002
24	 236	 002
66	 236	 002
30	 236	 002
50	 237	 003
43	 237	 003
53	 237	 003
22	 249	 015
48	 249	 015
67	 249	 015
44	 249	 015
52	 249	 015
29	 249	 015
74	 249	 014
69	 249	 015
40	 249	 015
56	 249	 015
27	 249	 014
41	 249	 014
26	 249	 014
55	 249	 014
70	 249	 014
31	 249	 014
25	 249	 014
46	 249	 013
68	 249	 013
45	 249	 013
53	 249	 012
28	 249	 015
42	 249	 013
43	 249	 012
47	 249	 013
49	 249	 013
50	 249	 012
54	 249	 013
30	 249	 013
66	 249	 013
51	 249	 014
57	 249	 014
65	 249	 013
32	 249	 013
39	 249	 014
71	 249	 013
64	 249	 013
72	 249	 013
24	 249	 013
58	 249	 014
38	 249	 013
33	 249	 013
37	 249	 013
59	 249	 013
63	 249	 013
73	 249	 013
23	 249	 013
36	 249	 013
60	 249	 013
34	 249	 013
62	 249	 013
35	 249	 013
61	 249	 013
48	 251	 002
67	 251	 002
44	 251	 002
52	 251	 002
22	 251	 002
29	 251	 002
74	 252	 003
31	 252	 003
40	 252	 003
56	 252	 003
69	 252	 003
27	 252	 003
41	 252	 003
25	 252	 003
26	 252	 003
70	 252	 003
46	 253	 003
55	 253	 003
30	 253	 004
45	 253	 004
66	 253	 004
68	 253	 004
32	 253	 004
47	 253	 004
49	 253	 004
65	 253	 004
50	 253	 004
53	 253	 004
43	 253	 004
64	 253	 004
42	 253	 004
54	 253	 004
28	 253	 004
33	 253	 004
63	 253	 004
24	 253	 004
72	 253	 004
51	 253	 004
71	 253	 004
39	 253	 004
57	 253	 004
73	 253	 004
23	 253	 004
34	 253	 004
62	 253	 004
58	 253	 004
38	 253	 004
35	 253	 004
61	 253	 004
37	 253	 004
59	 253	 004
60	 253	 004
36	 253	 004
22	 254	 003
67	 254	 003
48	 254	 003
29	 254	 003
52	 254	 003
44	 254	 003
40	 255	 003
56	 255	 003
74	 255	 003
69	 255	 003
27	 255	 003
31	 255	 003
41	 255	 003
25	 255	 003
70	 255	 003
26	 255	 003
55	 255	 002
46	 255	 002
45	 255	 002
68	 255	 002
53	 255	 002
43	 255	 002
47	 255	 002
49	 255	 002
42	 256	 002
54	 256	 002
50	 256	 003
30	 256	 003
66	 256	 003
22	 256	 002
32	 256	 003
65	 256	 003
67	 256	 002
48	 256	 002
52	 256	 002
64	 256	 003
44	 256	 002
24	 256	 003
72	 256	 003
29	 256	 002
71	 256	 003
28	 256	 003
73	 256	 003
39	 256	 003
23	 256	 003
57	 256	 003
33	 256	 003
63	 256	 003
34	 256	 003
62	 256	 003
35	 256	 003
58	 256	 003
61	 256	 003
36	 256	 003
38	 256	 003
51	 256	 003
60	 256	 003
37	 256	 003
59	 256	 003
74	 257	 002
31	 257	 002
40	 257	 002
56	 257	 002
69	 257	 002
27	 257	 002
41	 258	 003
46	 258	 003
25	 258	 003
30	 258	 002
45	 258	 003
66	 258	 002
68	 258	 003
70	 258	 003
26	 258	 003
55	 258	 003
47	 258	 003
49	 258	 003
50	 258	 002
53	 258	 003
43	 258	 003
32	 258	 002
65	 258	 002
54	 258	 002
42	 258	 002
64	 258	 002
28	 258	 002
33	 258	 002
24	 258	 002
63	 258	 002
72	 258	 002
71	 258	 002
39	 259	 003
57	 259	 003
51	 259	 003
73	 259	 003
23	 259	 003
22	 270	 014
34	 270	 014
74	 270	 013
62	 270	 014
58	 270	 014
38	 270	 014
35	 270	 014
36	 270	 014
59	 270	 014
60	 270	 014
61	 270	 014
37	 270	 014
29	 270	 014
40	 271	 014
56	 271	 014
44	 271	 015
52	 271	 015
67	 271	 015
48	 271	 015
69	 271	 014
25	 271	 013
27	 271	 014
26	 271	 013
41	 271	 013
70	 271	 013
24	 271	 013
55	 271	 013
72	 271	 013
23	 271	 012
71	 271	 013
73	 271	 012
39	 271	 012
57	 271	 012
42	 271	 013
54	 271	 013
43	 271	 013
53	 271	 013
68	 271	 013
45	 271	 013
46	 271	 013
28	 271	 013
31	 271	 014
63	 271	 013
33	 271	 013
47	 271	 013
49	 271	 013
50	 271	 013
51	 271	 012
30	 271	 013
64	 271	 013
66	 271	 013
32	 271	 013
65	 271	 013
22	 272	 002
34	 272	 002
62	 272	 002
74	 272	 002
58	 272	 002
35	 272	 002
61	 273	 002
38	 273	 003
29	 273	 003
36	 273	 003
60	 273	 003
59	 273	 003
37	 273	 003
67	 273	 002
48	 273	 002
40	 273	 002
52	 274	 003
56	 274	 003
44	 274	 003
69	 274	 003
27	 274	 003
41	 274	 003
70	 274	 003
26	 274	 003
25	 274	 003
55	 274	 003
42	 274	 003
54	 274	 003
31	 274	 003
68	 274	 003
53	 274	 003
71	 274	 003
43	 274	 003
45	 274	 003
46	 274	 003
24	 274	 003
72	 274	 003
39	 274	 003
57	 274	 003
23	 274	 003
73	 274	 003
28	 274	 003
47	 274	 003
49	 274	 003
50	 274	 003
51	 274	 003
63	 274	 003
33	 274	 003
30	 274	 003
66	 274	 003
64	 274	 003
65	 274	 003
32	 274	 003
22	 275	 003
74	 275	 003
38	 276	 003
58	 276	 004
60	 276	 003
34	 276	 004
36	 276	 003
37	 276	 003
59	 276	 003
61	 276	 003
35	 276	 004
62	 276	 004
29	 276	 003
40	 276	 003
56	 276	 002
67	 276	 003
48	 276	 003
52	 276	 002
44	 276	 002
69	 276	 002
27	 277	 002
25	 277	 003
41	 277	 003
26	 277	 003
70	 277	 003
55	 277	 003
31	 277	 003
22	 277	 002
23	 277	 003
24	 277	 003
72	 277	 003
73	 277	 003
74	 277	 002
71	 277	 003
63	 277	 003
33	 277	 003
39	 277	 003
57	 277	 003
42	 277	 003
54	 277	 003
68	 277	 003
53	 277	 003
43	 277	 003
46	 277	 003
58	 277	 001
38	 277	 001
45	 277	 003
64	 277	 003
61	 277	 001
35	 277	 001
36	 277	 001
60	 277	 001
28	 277	 003
47	 277	 003
49	 277	 003
50	 277	 003
51	 277	 003
30	 277	 003
66	 277	 003
29	 277	 001
32	 277	 003
65	 277	 003
34	 277	 001
37	 277	 001
59	 277	 001
62	 278	 002
67	 278	 002
48	 278	 002
52	 278	 002
44	 278	 002
40	 278	 002
56	 278	 002
69	 278	 002
27	 279	 002
41	 279	 002
70	 279	 002
26	 279	 002
55	 279	 002
25	 279	 002
31	 279	 002
71	 279	 002
42	 279	 002
54	 279	 002
72	 279	 002
24	 279	 002
39	 279	 002
57	 279	 002
68	 279	 002
23	 279	 002
53	 279	 002
73	 279	 002
43	 279	 002
46	 279	 002
45	 279	 002
63	 280	 003
33	 280	 003
74	 291	 014
28	 291	 014
64	 291	 014
47	 292	 014
49	 292	 015
50	 292	 015
51	 292	 015
32	 292	 015
37	 292	 015
59	 292	 015
65	 292	 015
36	 292	 015
60	 292	 015
38	 292	 015
66	 292	 015
30	 292	 015
58	 292	 015
35	 292	 015
61	 292	 015
34	 292	 015
23	 292	 013
62	 292	 014
33	 292	 012
40	 292	 014
63	 292	 012
73	 292	 013
56	 292	 014
24	 292	 013
25	 292	 013
72	 292	 013
31	 292	 013
71	 292	 013
26	 292	 013
39	 292	 013
57	 292	 013
69	 292	 014
29	 292	 015
70	 292	 013
27	 292	 013
41	 292	 013
44	 292	 014
52	 292	 014
55	 292	 013
42	 292	 013
54	 292	 013
67	 292	 014
43	 292	 013
48	 292	 014
53	 292	 013
68	 292	 013
45	 292	 013
46	 292	 013
22	 292	 015
28	 293	 002
74	 293	 002
47	 293	 001
49	 294	 002
50	 294	 002
51	 294	 002
64	 294	 003
30	 294	 002
66	 294	 002
65	 294	 002
32	 294	 002
37	 295	 002
59	 295	 002
38	 295	 003
40	 295	 003
56	 295	 003
60	 295	 003
36	 295	 003
58	 295	 003
23	 295	 003
73	 295	 003
25	 295	 003
24	 295	 003
72	 295	 003
33	 295	 003
61	 295	 003
63	 295	 003
35	 295	 003
69	 295	 003
71	 295	 003
29	 295	 003
34	 295	 003
26	 295	 003
31	 295	 003
39	 295	 003
57	 295	 003
70	 295	 003
27	 295	 003
62	 295	 003
44	 295	 003
52	 295	 003
67	 295	 003
41	 295	 003
42	 295	 003
54	 295	 003
55	 295	 003
43	 295	 003
53	 295	 003
48	 295	 003
68	 295	 003
45	 295	 003
46	 295	 003
22	 296	 004
74	 296	 003
64	 297	 003
28	 297	 004
51	 297	 003
47	 297	 004
50	 297	 003
49	 297	 003
32	 297	 003
65	 297	 003
30	 297	 003
66	 297	 003
37	 297	 002
59	 297	 002
60	 298	 003
38	 298	 003
36	 298	 003
40	 298	 003
33	 298	 003
56	 298	 003
58	 298	 003
63	 298	 003
74	 298	 002
23	 298	 003
73	 298	 003
31	 298	 003
61	 298	 003
29	 298	 003
35	 298	 003
24	 298	 003
34	 298	 003
72	 298	 003
25	 298	 003
67	 298	 003
69	 298	 003
62	 298	 003
52	 298	 003
44	 298	 003
48	 298	 003
27	 298	 003
68	 298	 003
71	 298	 003
45	 298	 003
46	 298	 003
26	 298	 003
43	 298	 003
53	 298	 003
70	 298	 003
42	 298	 003
54	 298	 003
39	 298	 003
57	 298	 003
41	 298	 003
55	 298	 003
51	 298	 001
64	 298	 001
47	 298	 001
50	 298	 001
49	 298	 001
28	 299	 002
30	 299	 002
66	 299	 002
65	 299	 002
32	 299	 002
59	 299	 002
37	 299	 002
38	 300	 002
40	 300	 002
22	 300	 004
56	 300	 002
60	 300	 002
36	 300	 002
58	 300	 002
23	 300	 002
73	 300	 002
24	 300	 002
72	 300	 002
25	 300	 002
33	 300	 002
61	 300	 002
63	 300	 002
35	 300	 002
29	 300	 002
34	 301	 003
69	 301	 003
31	 301	 003
62	 301	 003
71	 301	 003
67	 313	 015
52	 313	 015
27	 313	 015
44	 313	 015
48	 313	 015
68	 313	 015
45	 313	 015
46	 313	 015
26	 314	 015
43	 314	 016
53	 314	 016
70	 314	 016
42	 314	 016
54	 314	 016
32	 314	 015
41	 314	 016
55	 314	 016
65	 314	 015
39	 314	 016
57	 314	 016
64	 314	 016
30	 314	 015
66	 314	 015
31	 314	 013
29	 314	 014
28	 314	 015
33	 314	 014
63	 314	 014
47	 314	 016
49	 314	 016
50	 314	 016
51	 314	 016
69	 314	 013
34	 314	 013
62	 314	 013
37	 314	 015
59	 314	 015
71	 314	 013
35	 314	 014
61	 314	 014
36	 314	 014
60	 314	 014
23	 314	 014
25	 314	 014
40	 314	 014
56	 314	 014
73	 314	 014
24	 314	 014
72	 314	 014
38	 314	 014
58	 314	 014
74	 314	 016
67	 315	 002
22	 315	 015
52	 316	 003
44	 316	 003
27	 316	 003
26	 316	 002
48	 316	 003
68	 316	 003
70	 316	 002
39	 316	 002
45	 316	 003
43	 316	 002
57	 316	 002
46	 316	 003
53	 316	 002
42	 316	 002
54	 316	 002
41	 316	 002
55	 316	 002
32	 317	 003
64	 317	 003
65	 317	 003
33	 317	 003
63	 317	 003
31	 317	 003
37	 317	 003
59	 317	 003
66	 317	 003
34	 317	 003
30	 317	 003
62	 317	 003
71	 317	 003
35	 317	 003
61	 317	 003
29	 317	 003
36	 317	 003
74	 317	 003
60	 317	 003
23	 317	 003
69	 317	 003
73	 317	 003
28	 317	 003
51	 317	 003
24	 317	 003
25	 317	 003
49	 317	 003
50	 317	 003
72	 317	 003
47	 317	 003
38	 317	 003
58	 317	 003
40	 317	 003
56	 317	 003
67	 319	 004
48	 319	 003
68	 319	 003
44	 319	 003
52	 319	 003
27	 319	 003
45	 319	 003
46	 319	 003
26	 319	 003
43	 319	 003
53	 319	 003
70	 319	 003
42	 319	 003
54	 319	 003
39	 319	 003
57	 319	 003
41	 319	 003
55	 319	 003
32	 319	 002
65	 320	 003
64	 320	 003
71	 320	 003
37	 320	 003
59	 320	 003
33	 320	 003
66	 320	 003
31	 320	 003
63	 320	 003
30	 320	 003
29	 320	 003
74	 320	 003
36	 320	 003
34	 320	 003
60	 320	 003
62	 320	 003
69	 320	 003
35	 320	 003
61	 320	 003
23	 320	 003
73	 320	 003
25	 320	 003
28	 320	 003
72	 320	 003
24	 320	 003
67	 320	 001
51	 320	 003
52	 320	 001
38	 320	 003
49	 320	 003
50	 320	 003
44	 320	 001
47	 320	 003
27	 320	 001
58	 320	 003
26	 320	 001
40	 320	 003
56	 320	 003
48	 321	 001
68	 321	 002
70	 321	 002
22	 321	 006
39	 321	 002
57	 321	 002
43	 321	 002
45	 321	 002
46	 321	 002
53	 321	 002
42	 321	 002
54	 321	 002
41	 321	 002
55	 321	 002
32	 321	 002
64	 322	 002
65	 322	 002
33	 322	 002
63	 322	 002
37	 322	 002
59	 322	 002
31	 322	 002
74	 322	 002
66	 322	 002
71	 322	 002
30	 322	 002
34	 322	 002
62	 322	 002
29	 322	 002
36	 322	 002
35	 322	 002
60	 322	 002
61	 322	 002
69	 334	 014
28	 334	 014
23	 334	 014
25	 334	 014
51	 334	 014
73	 334	 014
49	 334	 014
50	 334	 014
72	 334	 014
24	 334	 014
47	 334	 014
38	 335	 015
40	 335	 015
45	 335	 014
46	 335	 014
56	 335	 015
58	 335	 015
68	 335	 014
48	 335	 014
43	 335	 014
53	 335	 014
42	 335	 014
54	 335	 014
27	 335	 015
41	 335	 014
44	 335	 015
70	 335	 014
52	 335	 015
55	 335	 014
26	 335	 015
67	 335	 015
57	 335	 014
71	 335	 013
39	 335	 014
29	 335	 013
30	 335	 013
66	 335	 013
65	 335	 013
32	 335	 014
59	 335	 013
31	 335	 013
37	 335	 013
60	 335	 013
64	 335	 013
36	 335	 013
33	 335	 013
63	 335	 013
35	 335	 013
61	 335	 013
34	 335	 013
62	 335	 013
69	 336	 002
23	 336	 002
74	 336	 014
73	 336	 002
28	 336	 002
25	 337	 003
72	 337	 003
24	 337	 003
51	 337	 003
50	 337	 003
38	 337	 002
49	 337	 003
47	 337	 003
22	 337	 016
58	 337	 002
46	 338	 002
40	 338	 003
45	 338	 003
56	 338	 003
68	 338	 003
48	 338	 003
53	 338	 003
43	 338	 003
54	 338	 003
42	 338	 003
41	 338	 003
55	 338	 003
67	 338	 003
44	 338	 003
27	 338	 003
52	 338	 003
70	 338	 003
29	 338	 003
71	 338	 003
32	 338	 003
30	 338	 003
66	 338	 003
65	 338	 003
57	 338	 003
26	 338	 003
39	 338	 003
31	 338	 003
60	 338	 003
64	 338	 003
59	 338	 003
36	 338	 003
37	 338	 003
61	 338	 003
35	 338	 003
33	 338	 003
63	 338	 003
34	 338	 003
62	 338	 003
28	 340	 004
69	 340	 004
51	 340	 003
25	 340	 003
50	 340	 003
49	 340	 003
72	 340	 003
24	 340	 003
47	 340	 003
23	 340	 004
73	 340	 004
38	 340	 003
58	 340	 003
40	 340	 002
46	 340	 002
56	 340	 002
45	 340	 002
68	 340	 002
53	 340	 002
48	 340	 002
43	 340	 002
54	 340	 002
42	 340	 002
41	 340	 002
55	 340	 002
70	 341	 003
44	 341	 003
71	 341	 003
27	 341	 003
52	 341	 003
57	 341	 003
39	 341	 003
67	 341	 003
26	 341	 003
29	 341	 003
60	 341	 003
36	 341	 003
59	 341	 003
32	 341	 003
37	 341	 003
30	 341	 003
66	 341	 003
61	 341	 003
35	 341	 003
74	 341	 005
28	 341	 001
65	 341	 003
25	 341	 001
31	 341	 003
62	 341	 003
34	 341	 003
64	 341	 003
72	 341	 001
24	 341	 001
69	 341	 001
63	 341	 003
33	 341	 003
73	 341	 001
23	 341	 001
51	 342	 002
38	 342	 002
50	 342	 002
49	 342	 002
47	 342	 002
58	 342	 002
46	 342	 002
40	 342	 002
45	 342	 002
56	 342	 002
68	 342	 002
48	 343	 003
53	 343	 003
43	 343	 003
54	 343	 003
42	 343	 003
41	 343	 003
55	 343	 003
67	 343	 002
44	 343	 002
22	 343	 006
52	 343	 002
27	 343	 002
29	 343	 002
70	 343	 002
71	 343	 002
32	 343	 002
30	 343	 002
66	 343	 002
57	 343	 002
26	 343	 002
65	 343	 002
39	 343	 002
60	 344	 003
36	 344	 003
31	 344	 003
59	 344	 003
37	 355	 014
61	 355	 014
35	 355	 014
62	 356	 014
34	 356	 015
64	 356	 015
47	 356	 014
49	 356	 014
50	 356	 014
51	 356	 014
58	 356	 014
38	 356	 014
40	 356	 014
56	 356	 014
25	 356	 015
28	 356	 015
63	 356	 015
69	 356	 015
33	 356	 015
45	 356	 014
46	 356	 014
24	 356	 015
43	 356	 013
53	 356	 013
68	 356	 014
71	 356	 013
72	 356	 015
41	 356	 013
42	 356	 013
54	 356	 013
55	 356	 013
70	 356	 013
23	 356	 015
26	 356	 013
27	 356	 013
39	 356	 013
48	 356	 013
57	 356	 013
59	 356	 012
73	 356	 015
36	 356	 012
60	 356	 012
44	 356	 013
52	 356	 013
29	 356	 013
67	 356	 013
30	 356	 013
66	 356	 013
31	 356	 012
65	 356	 013
32	 356	 013
37	 356	 001
61	 357	 002
35	 357	 002
64	 358	 002
62	 358	 002
34	 358	 002
74	 358	 017
63	 358	 002
33	 358	 002
47	 358	 002
49	 358	 002
50	 358	 002
51	 358	 002
46	 359	 003
45	 359	 003
68	 359	 003
40	 359	 003
28	 359	 003
53	 359	 003
56	 359	 003
58	 359	 003
43	 359	 003
48	 359	 003
54	 359	 003
42	 359	 003
69	 359	 003
38	 359	 003
41	 359	 003
55	 359	 003
70	 359	 003
27	 359	 003
71	 359	 003
26	 359	 003
25	 359	 003
44	 359	 003
57	 359	 003
39	 359	 003
52	 359	 003
36	 359	 003
59	 359	 003
60	 359	 003
22	 359	 016
72	 359	 003
24	 359	 003
67	 359	 003
29	 359	 003
31	 359	 003
30	 359	 003
66	 359	 003
23	 359	 003
73	 359	 003
65	 359	 003
32	 359	 003
37	 360	 004
61	 361	 004
35	 361	 004
62	 361	 003
34	 361	 003
64	 361	 003
63	 361	 003
49	 361	 003
50	 361	 003
33	 361	 003
47	 361	 003
51	 361	 003
58	 361	 002
40	 361	 002
56	 361	 002
46	 361	 002
38	 361	 002
45	 361	 002
68	 361	 002
53	 362	 003
43	 362	 003
54	 362	 003
42	 362	 003
28	 362	 003
41	 362	 003
55	 362	 003
48	 362	 003
71	 362	 003
70	 362	 003
69	 362	 003
36	 362	 003
60	 362	 003
59	 362	 003
37	 362	 002
25	 362	 003
57	 362	 003
39	 362	 003
26	 362	 003
27	 362	 003
24	 362	 003
72	 362	 003
44	 362	 003
52	 362	 003
31	 362	 003
23	 362	 003
73	 362	 003
65	 362	 003
32	 362	 003
66	 362	 003
30	 362	 003
67	 362	 003
29	 362	 003
62	 362	 001
34	 362	 001
61	 362	 001
64	 362	 001
35	 363	 001
63	 363	 002
33	 363	 002
49	 363	 002
47	 363	 002
50	 363	 002
51	 363	 002
46	 363	 002
45	 363	 002
68	 363	 002
53	 364	 002
43	 364	 002
28	 364	 002
40	 364	 003
48	 364	 002
56	 364	 003
54	 364	 002
74	 364	 006
42	 364	 002
58	 364	 003
69	 364	 002
55	 364	 002
41	 364	 002
70	 364	 002
38	 364	 003
27	 364	 002
71	 364	 002
26	 364	 002
25	 364	 002
57	 364	 002
39	 364	 002
44	 364	 002
59	 364	 002
36	 364	 002
60	 364	 002
52	 364	 002
72	 364	 002
24	 364	 002
31	 365	 003
23	 376	 014
73	 376	 014
67	 376	 014
32	 376	 014
29	 376	 014
30	 376	 014
65	 376	 014
66	 376	 014
37	 377	 015
58	 377	 013
38	 377	 013
61	 377	 015
34	 377	 015
35	 377	 014
36	 377	 013
59	 377	 013
60	 377	 013
62	 377	 015
33	 377	 014
63	 377	 014
24	 377	 013
40	 377	 013
72	 377	 013
56	 377	 013
71	 377	 013
25	 377	 013
39	 377	 013
50	 377	 014
51	 377	 014
57	 377	 013
47	 377	 014
49	 377	 014
64	 377	 015
26	 377	 013
70	 377	 013
41	 377	 013
55	 377	 013
31	 377	 012
42	 377	 013
54	 377	 013
27	 377	 013
43	 377	 013
53	 377	 013
69	 377	 013
45	 377	 014
46	 377	 014
68	 377	 014
28	 377	 013
44	 377	 013
52	 377	 013
48	 377	 013
23	 378	 002
73	 378	 002
30	 378	 002
67	 378	 002
65	 378	 002
66	 378	 002
29	 378	 002
32	 379	 003
37	 380	 003
58	 380	 003
38	 380	 003
50	 380	 003
40	 380	 003
51	 380	 003
49	 380	 003
47	 380	 003
56	 380	 003
59	 380	 003
71	 380	 003
24	 380	 003
36	 380	 003
60	 380	 003
72	 380	 003
74	 380	 016
25	 380	 003
39	 380	 003
57	 380	 003
33	 380	 003
63	 380	 003
70	 380	 003
26	 380	 003
41	 380	 003
55	 380	 003
34	 380	 003
61	 380	 003
31	 380	 003
42	 380	 003
54	 380	 003
62	 380	 003
35	 380	 003
43	 380	 003
53	 380	 003
27	 380	 003
45	 380	 003
69	 380	 003
46	 380	 003
52	 380	 003
68	 380	 003
44	 380	 003
64	 380	 003
28	 380	 003
48	 380	 003
22	 381	 022
23	 381	 003
73	 382	 003
32	 382	 003
65	 382	 004
29	 382	 004
67	 382	 004
30	 382	 004
66	 382	 004
37	 382	 002
58	 383	 003
38	 383	 003
23	 383	 002
36	 383	 003
60	 383	 003
50	 383	 003
59	 383	 003
63	 383	 003
33	 383	 003
40	 383	 003
49	 383	 003
47	 383	 003
51	 383	 003
56	 383	 003
31	 383	 003
24	 383	 003
72	 383	 003
34	 383	 003
71	 383	 003
25	 383	 003
61	 383	 003
62	 383	 003
39	 383	 003
57	 383	 003
35	 383	 003
64	 383	 003
70	 383	 003
26	 383	 003
73	 383	 001
45	 383	 003
46	 383	 003
68	 383	 003
41	 383	 003
55	 383	 003
43	 383	 003
53	 383	 003
27	 383	 003
42	 383	 003
54	 383	 003
69	 383	 003
52	 383	 003
28	 383	 003
44	 383	 003
32	 383	 001
48	 383	 003
65	 383	 001
29	 383	 001
67	 383	 001
66	 383	 001
30	 383	 001
58	 385	 002
37	 385	 003
38	 385	 002
50	 385	 002
40	 385	 002
51	 385	 002
49	 385	 002
47	 385	 002
56	 385	 002
59	 385	 002
24	 385	 002
60	 385	 002
71	 385	 002
36	 385	 002
72	 385	 002
25	 385	 002
39	 385	 002
57	 385	 002
33	 385	 002
63	 385	 002
61	 385	 002
31	 385	 002
34	 385	 002
70	 385	 002
35	 386	 003
62	 386	 003
26	 386	 003
41	 386	 003
55	 386	 003
64	 397	 014
23	 397	 014
42	 397	 014
45	 397	 014
54	 397	 014
53	 397	 014
43	 397	 014
27	 397	 014
46	 397	 014
68	 397	 014
69	 398	 015
52	 398	 015
28	 398	 015
44	 398	 015
73	 398	 015
32	 398	 015
48	 398	 015
33	 398	 013
63	 398	 013
31	 398	 013
34	 398	 013
62	 398	 012
65	 398	 015
36	 398	 013
60	 398	 013
61	 398	 013
30	 398	 015
35	 398	 012
37	 398	 013
66	 398	 015
29	 398	 015
67	 398	 015
59	 398	 013
24	 398	 013
38	 398	 013
58	 398	 013
72	 398	 013
25	 398	 013
39	 398	 013
57	 398	 013
71	 398	 013
26	 398	 012
70	 398	 013
56	 398	 013
40	 398	 013
41	 398	 012
55	 398	 012
47	 398	 013
49	 398	 013
50	 398	 013
51	 398	 013
64	 399	 002
45	 399	 002
42	 399	 002
54	 399	 002
46	 399	 002
53	 399	 002
43	 399	 002
68	 399	 002
27	 400	 002
69	 400	 002
52	 400	 002
44	 400	 002
23	 400	 003
28	 400	 002
48	 400	 002
73	 401	 003
37	 401	 003
36	 401	 003
33	 401	 003
34	 401	 003
60	 401	 003
63	 401	 003
31	 401	 003
62	 401	 003
61	 401	 003
35	 401	 003
59	 401	 003
74	 401	 021
38	 401	 003
58	 401	 003
24	 401	 003
32	 401	 003
72	 401	 003
25	 401	 003
26	 401	 003
71	 401	 003
29	 401	 003
39	 401	 003
57	 401	 003
70	 401	 003
55	 401	 003
41	 401	 003
67	 401	 003
65	 401	 003
30	 401	 003
66	 401	 003
56	 401	 003
40	 401	 003
47	 401	 003
49	 401	 003
50	 401	 003
51	 401	 003
23	 403	 003
64	 403	 004
68	 403	 004
42	 403	 004
54	 403	 004
27	 403	 003
45	 403	 004
46	 403	 004
69	 403	 003
43	 403	 004
53	 403	 004
28	 403	 003
52	 403	 003
44	 403	 003
48	 403	 003
73	 404	 003
31	 404	 003
33	 404	 003
63	 404	 003
34	 404	 003
62	 404	 003
36	 404	 003
37	 404	 003
60	 404	 003
61	 404	 003
32	 404	 003
35	 404	 003
29	 404	 003
67	 404	 003
26	 404	 003
70	 404	 003
55	 404	 003
41	 404	 003
65	 404	 003
66	 404	 003
30	 404	 003
59	 404	 003
25	 404	 003
58	 404	 003
71	 404	 003
24	 404	 003
38	 404	 003
72	 404	 003
64	 404	 001
39	 404	 003
57	 404	 003
47	 404	 003
49	 404	 003
56	 404	 003
40	 404	 003
50	 404	 003
51	 404	 003
68	 404	 001
27	 404	 001
69	 404	 001
54	 404	 001
42	 404	 001
43	 404	 001
46	 404	 001
53	 404	 001
52	 405	 002
45	 405	 002
23	 405	 002
28	 405	 002
44	 405	 002
48	 405	 002
73	 406	 002
34	 406	 002
63	 406	 002
62	 406	 002
33	 406	 002
36	 406	 002
37	 406	 002
60	 406	 002
61	 406	 002
31	 406	 002
35	 406	 002
59	 406	 002
32	 407	 002
26	 407	 003
58	 407	 003
70	 407	 003
55	 407	 003
38	 407	 003
29	 419	 015
23	 419	 014
67	 419	 015
41	 419	 015
65	 419	 015
25	 419	 015
24	 419	 015
30	 419	 015
66	 419	 015
72	 419	 015
71	 419	 015
47	 419	 015
49	 419	 015
39	 419	 015
57	 419	 015
50	 420	 015
51	 420	 015
56	 420	 015
40	 420	 016
28	 420	 015
27	 420	 016
31	 420	 014
48	 420	 015
64	 420	 016
68	 420	 016
69	 420	 016
70	 420	 013
73	 420	 014
26	 420	 013
44	 420	 015
52	 420	 015
42	 420	 016
43	 420	 016
45	 420	 015
46	 420	 016
53	 420	 016
54	 420	 016
55	 420	 013
32	 420	 013
33	 420	 014
63	 420	 014
38	 420	 013
58	 420	 013
34	 420	 014
62	 420	 014
59	 420	 014
37	 420	 014
35	 420	 014
60	 420	 014
61	 420	 014
36	 420	 014
29	 421	 002
41	 421	 002
24	 421	 002
23	 421	 002
67	 421	 002
72	 421	 002
25	 421	 002
65	 422	 002
71	 422	 003
66	 422	 003
30	 422	 003
57	 422	 003
39	 422	 003
56	 422	 002
40	 422	 002
47	 422	 003
49	 422	 003
50	 423	 003
51	 423	 003
31	 423	 003
64	 423	 003
33	 423	 003
32	 423	 003
63	 423	 003
73	 423	 003
28	 423	 003
48	 423	 003
55	 423	 003
70	 423	 003
38	 423	 003
26	 423	 003
34	 423	 003
68	 423	 003
62	 423	 003
69	 423	 003
27	 423	 003
44	 423	 003
52	 423	 003
58	 423	 003
46	 423	 003
45	 423	 003
35	 423	 003
43	 423	 003
53	 423	 003
59	 423	 003
42	 423	 003
54	 423	 003
61	 423	 003
36	 423	 003
37	 423	 003
60	 423	 003
29	 425	 004
67	 425	 004
23	 425	 004
65	 425	 003
30	 425	 003
66	 425	 003
71	 425	 003
41	 425	 004
25	 425	 004
72	 425	 004
24	 425	 004
57	 425	 003
39	 425	 003
56	 425	 003
47	 425	 003
40	 425	 003
49	 425	 003
50	 425	 002
51	 425	 002
31	 426	 003
73	 426	 003
55	 426	 003
38	 426	 003
64	 426	 003
70	 426	 003
48	 426	 003
28	 426	 003
26	 426	 003
33	 426	 003
63	 426	 003
32	 426	 003
58	 426	 003
34	 426	 003
69	 426	 003
62	 426	 003
44	 426	 003
67	 426	 001
23	 426	 001
68	 426	 003
27	 426	 003
59	 426	 003
52	 426	 003
65	 426	 001
29	 426	 001
35	 426	 003
61	 426	 003
36	 426	 003
37	 426	 003
60	 426	 003
71	 426	 001
42	 426	 003
54	 426	 003
43	 426	 003
45	 426	 003
46	 426	 003
53	 426	 003
25	 426	 001
66	 426	 001
41	 426	 001
30	 426	 001
72	 426	 001
24	 426	 001
57	 426	 001
39	 426	 001
56	 427	 002
40	 427	 002
47	 427	 002
49	 427	 002
50	 427	 002
51	 427	 002
31	 428	 002
64	 428	 002
33	 428	 002
63	 428	 002
32	 428	 002
73	 428	 002
28	 428	 002
48	 428	 002
55	 428	 002
38	 428	 002
70	 428	 002
26	 428	 002
34	 428	 002
68	 429	 002
62	 429	 003
69	 429	 003
44	 429	 003
27	 429	 003
52	 429	 003
58	 440	 014
23	 440	 014
45	 440	 014
46	 440	 014
59	 440	 014
73	 440	 012
42	 440	 014
43	 440	 014
53	 440	 014
54	 440	 014
37	 440	 014
60	 440	 014
36	 440	 014
35	 440	 014
61	 440	 014
56	 441	 014
30	 441	 015
40	 441	 014
47	 441	 014
49	 441	 014
66	 441	 015
50	 441	 014
51	 441	 014
71	 441	 015
29	 441	 015
39	 441	 015
57	 441	 015
67	 441	 015
25	 441	 015
41	 441	 015
70	 441	 013
72	 441	 015
24	 441	 015
26	 441	 013
55	 441	 013
38	 441	 013
65	 441	 015
27	 441	 012
69	 441	 012
28	 441	 013
44	 441	 012
48	 441	 013
52	 441	 012
68	 441	 012
62	 441	 012
34	 441	 013
31	 441	 013
32	 441	 013
64	 441	 013
33	 441	 013
63	 441	 013
58	 442	 002
59	 442	 002
35	 443	 003
46	 443	 003
61	 443	 003
45	 443	 003
42	 443	 003
60	 443	 003
54	 443	 003
36	 443	 003
43	 443	 003
37	 443	 003
53	 443	 003
23	 443	 003
73	 443	 003
30	 443	 002
66	 443	 002
47	 444	 003
49	 444	 003
56	 444	 003
50	 444	 003
51	 444	 003
40	 444	 003
67	 444	 003
65	 444	 003
29	 444	 003
70	 444	 003
26	 444	 003
55	 444	 003
39	 444	 003
57	 444	 003
71	 444	 003
27	 444	 003
28	 444	 003
38	 444	 003
52	 444	 003
48	 444	 003
69	 444	 003
41	 444	 003
44	 444	 003
68	 444	 003
25	 444	 003
62	 444	 003
72	 444	 003
24	 444	 003
34	 444	 003
31	 444	 003
32	 444	 003
64	 444	 003
63	 444	 003
33	 444	 003
58	 445	 003
23	 445	 002
42	 446	 003
45	 446	 003
46	 446	 003
43	 446	 003
54	 446	 003
53	 446	 003
37	 446	 003
59	 446	 004
60	 446	 003
36	 446	 003
61	 446	 003
35	 446	 003
73	 446	 003
56	 446	 002
30	 446	 003
66	 446	 003
47	 446	 002
40	 446	 002
49	 446	 002
50	 446	 002
51	 446	 002
67	 447	 003
65	 447	 003
29	 447	 003
38	 447	 003
39	 447	 003
57	 447	 003
70	 447	 003
55	 447	 003
26	 447	 003
71	 447	 003
62	 447	 003
34	 447	 003
25	 447	 003
27	 447	 003
52	 447	 003
41	 447	 003
69	 447	 003
28	 447	 003
48	 447	 003
72	 447	 003
24	 447	 003
44	 447	 003
68	 447	 003
46	 447	 001
58	 447	 002
45	 447	 001
63	 447	 003
33	 447	 003
32	 447	 003
42	 447	 001
54	 447	 001
59	 447	 001
43	 447	 001
64	 447	 003
31	 447	 003
53	 447	 001
35	 447	 001
60	 447	 001
61	 447	 001
37	 447	 001
36	 447	 001
23	 448	 003
30	 448	 002
66	 448	 002
73	 448	 002
47	 448	 002
49	 448	 002
50	 448	 002
51	 449	 003
56	 449	 003
67	 449	 002
65	 449	 002
40	 449	 003
29	 449	 002
70	 449	 002
26	 449	 002
55	 449	 002
27	 449	 002
52	 449	 002
71	 449	 002
57	 449	 002
39	 449	 002
69	 449	 002
38	 449	 002
28	 449	 002
48	 449	 002
44	 449	 002
41	 449	 002
25	 449	 002
62	 449	 002
68	 449	 002
34	 450	 002
72	 450	 003
24	 450	 003
23	 461	 013
73	 461	 013
63	 461	 014
33	 461	 014
32	 462	 015
64	 462	 015
42	 462	 015
43	 462	 015
53	 462	 015
54	 462	 015
37	 462	 015
31	 462	 015
58	 462	 015
36	 462	 015
45	 462	 015
56	 462	 013
60	 462	 015
40	 462	 013
46	 462	 015
59	 462	 015
38	 462	 013
61	 462	 015
35	 462	 015
39	 462	 013
57	 462	 013
24	 462	 012
34	 462	 012
62	 462	 013
71	 462	 013
72	 462	 012
25	 462	 013
26	 462	 013
55	 462	 013
70	 462	 013
47	 462	 014
49	 462	 014
41	 462	 013
51	 462	 013
50	 462	 014
27	 462	 013
69	 462	 013
30	 462	 014
52	 462	 013
28	 462	 013
44	 462	 013
68	 462	 013
48	 462	 013
66	 462	 014
29	 462	 013
67	 462	 013
65	 462	 013
23	 463	 002
73	 463	 002
63	 464	 003
32	 464	 002
33	 464	 003
64	 464	 002
31	 464	 002
53	 464	 002
43	 464	 002
54	 464	 002
42	 464	 002
45	 465	 003
46	 465	 003
56	 465	 003
40	 465	 003
37	 465	 003
58	 465	 003
47	 465	 003
38	 465	 003
39	 465	 003
57	 465	 003
49	 465	 003
71	 465	 003
24	 465	 003
72	 465	 003
25	 465	 003
26	 465	 003
34	 465	 003
36	 465	 003
55	 465	 003
60	 465	 003
62	 465	 003
70	 465	 003
51	 465	 003
50	 465	 003
59	 465	 003
41	 465	 003
30	 465	 003
27	 465	 003
69	 465	 003
68	 465	 003
66	 465	 003
28	 465	 003
61	 465	 003
44	 465	 003
35	 465	 003
52	 465	 003
48	 465	 003
29	 465	 003
67	 465	 003
65	 465	 003
23	 466	 003
73	 466	 003
63	 467	 003
33	 467	 003
32	 467	 003
64	 467	 003
31	 467	 003
53	 467	 003
43	 467	 003
54	 467	 003
42	 467	 003
45	 467	 002
56	 467	 002
37	 468	 003
40	 468	 003
46	 468	 003
34	 468	 003
62	 468	 003
58	 468	 003
23	 468	 002
38	 468	 003
36	 468	 003
60	 468	 003
39	 468	 003
57	 468	 003
73	 468	 002
47	 468	 003
24	 468	 003
71	 468	 003
72	 468	 003
30	 468	 003
49	 468	 003
59	 468	 003
66	 468	 003
25	 468	 003
61	 468	 003
55	 468	 003
26	 468	 003
35	 468	 003
70	 468	 003
51	 468	 003
50	 468	 003
68	 468	 003
41	 468	 003
28	 468	 003
69	 468	 003
27	 468	 003
48	 468	 003
67	 468	 003
29	 468	 003
65	 468	 003
63	 468	 001
44	 468	 003
52	 468	 003
33	 468	 001
32	 468	 001
64	 469	 002
31	 469	 002
53	 469	 002
43	 469	 002
54	 469	 002
42	 469	 002
45	 469	 002
46	 470	 002
56	 470	 003
40	 470	 002
37	 470	 002
58	 470	 002
39	 470	 002
57	 470	 002
38	 470	 002
47	 470	 002
71	 470	 002
49	 470	 002
24	 470	 002
72	 470	 002
25	 470	 002
34	 470	 002
36	 470	 002
60	 470	 002
62	 470	 002
55	 470	 002
26	 470	 002
59	 470	 002
70	 470	 002
51	 470	 002
50	 470	 002
30	 470	 002
66	 470	 002
41	 470	 002
61	 471	 003
68	 471	 003
35	 471	 003
73	 482	 014
28	 482	 014
69	 482	 014
27	 482	 014
65	 482	 014
44	 483	 015
48	 483	 015
52	 483	 015
67	 483	 015
29	 483	 015
33	 483	 015
63	 483	 015
64	 483	 014
34	 483	 013
62	 483	 013
32	 483	 015
31	 483	 014
36	 483	 013
37	 483	 013
35	 483	 012
60	 483	 013
61	 483	 012
30	 483	 013
59	 483	 013
66	 483	 013
38	 483	 013
58	 483	 013
24	 483	 013
72	 483	 013
39	 483	 013
42	 483	 014
54	 483	 014
56	 483	 013
40	 483	 013
53	 483	 014
57	 483	 013
25	 483	 013
43	 483	 014
71	 483	 013
26	 483	 013
41	 483	 013
70	 483	 013
55	 483	 013
68	 483	 012
45	 483	 014
51	 483	 013
46	 483	 013
50	 483	 013
47	 483	 013
49	 483	 013
23	 483	 015
28	 484	 002
69	 484	 002
27	 484	 002
73	 484	 002
48	 485	 002
44	 485	 002
52	 485	 002
67	 485	 002
29	 485	 002
65	 485	 003
37	 486	 003
36	 486	 003
60	 486	 003
62	 486	 003
34	 486	 003
35	 486	 003
61	 486	 003
64	 486	 003
33	 486	 003
38	 486	 003
58	 486	 003
66	 486	 003
54	 486	 003
59	 486	 003
63	 486	 003
30	 486	 003
31	 486	 003
42	 486	 003
53	 486	 003
24	 486	 003
56	 486	 003
72	 486	 003
32	 486	 003
43	 486	 003
39	 486	 003
40	 486	 003
25	 486	 003
57	 486	 003
71	 486	 003
41	 486	 003
68	 486	 003
26	 486	 003
70	 486	 003
55	 486	 003
23	 486	 003
50	 486	 003
51	 486	 003
45	 486	 003
49	 486	 003
46	 486	 003
47	 486	 003
73	 487	 003
65	 488	 003
28	 488	 004
69	 488	 004
27	 488	 004
67	 488	 003
29	 488	 003
44	 488	 003
48	 488	 003
52	 488	 003
73	 489	 002
34	 489	 003
62	 489	 003
64	 489	 003
66	 489	 003
30	 489	 003
33	 489	 003
37	 489	 003
31	 489	 003
36	 489	 003
60	 489	 003
63	 489	 003
35	 489	 003
61	 489	 003
32	 489	 003
68	 489	 003
53	 489	 003
54	 489	 003
42	 489	 003
43	 489	 003
38	 489	 003
58	 489	 003
59	 489	 003
70	 489	 003
26	 489	 003
56	 489	 003
50	 489	 003
41	 489	 003
24	 489	 003
25	 489	 003
40	 489	 003
51	 489	 003
71	 489	 003
72	 489	 003
55	 489	 003
39	 489	 003
45	 489	 003
57	 489	 003
49	 489	 003
47	 489	 003
46	 489	 003
23	 489	 003
27	 489	 001
48	 489	 001
44	 489	 001
69	 490	 001
28	 490	 002
52	 490	 002
67	 490	 002
29	 490	 002
65	 490	 002
37	 491	 002
36	 491	 002
60	 491	 002
62	 491	 002
34	 491	 002
35	 491	 002
61	 491	 002
33	 491	 002
64	 491	 002
66	 491	 002
63	 491	 002
30	 491	 002
54	 491	 002
53	 491	 002
42	 491	 002
38	 491	 002
58	 491	 002
31	 491	 002
59	 491	 002
43	 491	 002
68	 491	 002
32	 491	 002
56	 492	 003
24	 492	 003
72	 492	 003
40	 492	 003
41	 504	 015
25	 504	 015
70	 504	 015
26	 504	 015
71	 504	 015
50	 504	 015
51	 504	 015
39	 504	 015
55	 504	 015
45	 504	 015
49	 504	 015
47	 504	 015
57	 504	 015
46	 505	 015
65	 505	 015
29	 505	 015
67	 505	 015
30	 505	 014
66	 505	 014
68	 505	 014
28	 505	 015
31	 505	 014
73	 505	 016
27	 505	 016
64	 505	 014
69	 505	 015
32	 505	 014
44	 505	 016
52	 505	 015
48	 505	 016
33	 505	 014
43	 505	 014
63	 505	 014
53	 505	 014
34	 505	 014
40	 505	 013
42	 505	 014
54	 505	 014
62	 505	 014
56	 505	 013
72	 505	 013
24	 505	 013
35	 505	 014
61	 505	 014
58	 505	 014
38	 505	 014
36	 505	 014
59	 505	 014
60	 505	 014
37	 505	 014
41	 506	 002
23	 506	 017
25	 506	 002
70	 506	 002
26	 506	 002
39	 506	 002
71	 506	 002
57	 507	 002
55	 507	 003
50	 507	 003
73	 507	 002
51	 507	 003
45	 507	 003
49	 507	 003
47	 507	 003
46	 507	 002
65	 508	 003
64	 508	 003
31	 508	 003
33	 508	 003
32	 508	 003
66	 508	 003
30	 508	 003
63	 508	 003
34	 508	 003
62	 508	 003
29	 508	 003
67	 508	 003
68	 508	 003
40	 508	 003
28	 508	 003
35	 508	 003
72	 508	 003
61	 508	 003
24	 508	 003
69	 508	 003
27	 508	 003
52	 508	 003
43	 508	 003
44	 508	 003
53	 508	 003
42	 508	 003
48	 508	 003
54	 508	 003
56	 508	 003
36	 508	 003
60	 508	 003
38	 508	 003
58	 508	 003
59	 508	 003
37	 508	 003
50	 510	 003
51	 510	 003
70	 510	 004
26	 510	 004
25	 510	 004
41	 510	 004
55	 510	 003
71	 510	 004
45	 510	 003
57	 510	 003
39	 510	 004
49	 510	 003
47	 510	 003
46	 510	 003
73	 510	 003
65	 510	 002
23	 511	 005
66	 511	 003
30	 511	 003
31	 511	 003
64	 511	 003
29	 511	 003
67	 511	 003
68	 511	 003
32	 511	 003
33	 511	 003
40	 511	 003
34	 511	 003
62	 511	 003
63	 511	 003
72	 511	 003
24	 511	 003
28	 511	 003
43	 511	 003
52	 511	 003
35	 511	 003
56	 511	 003
44	 511	 003
53	 511	 003
69	 511	 003
61	 511	 003
27	 511	 003
42	 511	 003
54	 511	 003
38	 511	 003
58	 511	 003
59	 511	 003
36	 511	 003
48	 511	 003
60	 511	 003
37	 511	 003
50	 511	 001
71	 511	 001
55	 511	 001
57	 511	 001
26	 511	 001
70	 511	 001
39	 511	 001
25	 511	 001
51	 511	 001
41	 512	 001
73	 512	 002
45	 512	 002
49	 512	 002
47	 512	 002
65	 512	 002
46	 512	 002
64	 513	 002
31	 513	 002
66	 513	 002
30	 513	 002
32	 513	 002
33	 513	 002
63	 513	 002
34	 513	 002
62	 513	 002
67	 513	 002
29	 513	 002
68	 513	 002
40	 513	 002
28	 514	 003
35	 514	 003
72	 514	 003
61	 514	 003
69	 514	 003
24	 514	 003
52	 515	 004
27	 516	 005
43	 528	 017
44	 528	 017
36	 528	 017
53	 528	 017
60	 528	 017
59	 528	 017
38	 528	 017
48	 528	 017
56	 528	 017
58	 529	 017
37	 529	 018
42	 529	 018
54	 529	 018
65	 529	 017
45	 529	 017
49	 529	 017
47	 529	 017
50	 529	 018
51	 529	 018
27	 529	 013
29	 529	 016
30	 529	 016
46	 529	 017
61	 529	 015
66	 529	 016
67	 529	 016
31	 529	 016
32	 529	 016
35	 529	 015
68	 529	 016
28	 529	 015
33	 529	 016
34	 529	 016
62	 529	 016
63	 529	 016
64	 529	 016
24	 529	 015
69	 529	 015
72	 529	 015
26	 529	 018
52	 529	 014
70	 529	 018
25	 529	 018
39	 529	 018
57	 529	 018
71	 529	 018
40	 529	 016
55	 529	 018
41	 529	 017
43	 530	 002
44	 530	 002
73	 530	 018
53	 530	 002
56	 530	 002
48	 531	 003
42	 531	 002
54	 531	 002
58	 531	 002
59	 531	 003
38	 531	 003
36	 531	 003
60	 531	 003
23	 531	 020
37	 531	 002
45	 532	 003
27	 532	 003
49	 532	 003
51	 532	 003
47	 532	 003
46	 532	 003
50	 532	 003
24	 532	 003
52	 532	 003
72	 532	 003
61	 532	 003
40	 532	 003
35	 532	 003
55	 532	 003
25	 532	 003
70	 532	 003
26	 532	 003
71	 532	 003
69	 532	 003
57	 532	 003
65	 532	 003
41	 532	 003
68	 532	 003
39	 532	 003
62	 532	 003
34	 532	 003
28	 532	 003
29	 532	 003
63	 532	 003
33	 532	 003
67	 532	 003
32	 532	 003
64	 532	 003
30	 532	 003
66	 532	 003
31	 532	 003
43	 534	 004
36	 534	 003
48	 534	 003
44	 534	 004
59	 534	 003
60	 534	 003
56	 534	 004
38	 534	 003
53	 534	 004
58	 534	 003
42	 534	 003
54	 534	 003
37	 534	 003
45	 534	 002
27	 534	 002
49	 534	 002
51	 534	 002
47	 534	 002
46	 534	 002
50	 534	 002
52	 535	 002
24	 535	 003
55	 535	 003
69	 535	 003
70	 535	 003
72	 535	 003
26	 535	 003
40	 535	 003
68	 535	 003
25	 535	 003
71	 535	 003
41	 535	 003
65	 535	 003
28	 535	 003
61	 535	 003
57	 535	 003
29	 535	 003
35	 535	 003
67	 535	 003
39	 535	 003
30	 535	 003
66	 535	 003
62	 535	 003
34	 535	 003
73	 535	 005
63	 535	 003
32	 535	 003
31	 535	 003
33	 535	 003
64	 535	 003
48	 535	 001
56	 535	 001
59	 535	 001
42	 535	 001
54	 535	 001
38	 535	 001
58	 535	 001
53	 535	 001
36	 536	 001
43	 536	 002
44	 536	 002
60	 536	 002
37	 536	 002
45	 536	 002
27	 536	 002
49	 536	 002
51	 536	 002
47	 537	 003
46	 537	 003
50	 537	 003
24	 537	 002
23	 537	 006
52	 537	 002
72	 537	 002
40	 537	 002
55	 537	 002
61	 537	 002
25	 537	 002
70	 537	 002
26	 537	 002
71	 537	 002
35	 537	 002
69	 537	 002
41	 537	 002
57	 537	 002
65	 537	 002
68	 537	 002
39	 537	 002
28	 538	 003
62	 538	 003
29	 538	 003
34	 538	 003
67	 538	 003
63	 538	 003
30	 540	 005
66	 549	 014
32	 549	 014
33	 549	 014
31	 549	 014
64	 549	 014
30	 550	 010
27	 550	 014
68	 550	 013
69	 550	 013
49	 550	 014
28	 550	 012
29	 550	 012
45	 550	 014
47	 550	 013
67	 550	 012
46	 550	 013
50	 550	 013
51	 550	 014
70	 550	 013
26	 550	 013
48	 550	 015
52	 550	 013
65	 550	 013
43	 550	 014
44	 550	 014
71	 550	 013
36	 550	 014
54	 550	 015
42	 550	 015
25	 550	 013
53	 550	 015
60	 550	 014
41	 550	 013
55	 550	 013
56	 550	 015
59	 551	 016
58	 551	 016
38	 551	 016
37	 551	 015
40	 551	 014
72	 551	 014
63	 551	 013
24	 551	 014
57	 551	 014
39	 552	 015
34	 552	 014
62	 552	 014
35	 552	 015
61	 552	 015
66	 553	 004
32	 553	 004
33	 553	 004
64	 553	 004
31	 553	 004
30	 553	 003
29	 554	 004
67	 554	 004
68	 554	 004
28	 554	 004
36	 554	 004
27	 554	 004
65	 554	 004
69	 554	 004
49	 554	 004
47	 554	 004
45	 554	 004
46	 554	 004
60	 554	 004
50	 554	 004
51	 554	 004
70	 554	 004
26	 554	 004
52	 554	 004
48	 554	 004
71	 554	 004
25	 554	 004
43	 554	 004
44	 554	 004
41	 554	 004
54	 554	 004
42	 554	 004
55	 554	 004
53	 554	 004
56	 554	 004
59	 554	 003
66	 554	 001
58	 554	 003
38	 554	 003
37	 554	 003
32	 554	 001
40	 554	 003
33	 555	 002
72	 555	 004
73	 555	 020
63	 555	 004
24	 555	 004
57	 555	 004
64	 555	 002
39	 555	 003
31	 555	 002
34	 555	 003
62	 555	 003
35	 555	 003
61	 555	 003
23	 555	 018
30	 556	 003
60	 556	 002
36	 556	 002
59	 556	 002
27	 557	 003
69	 557	 003
49	 557	 003
68	 557	 003
47	 557	 003
28	 557	 003
45	 557	 003
70	 557	 003
26	 557	 003
46	 557	 003
51	 557	 003
29	 557	 003
50	 557	 003
67	 557	 003
37	 557	 003
41	 557	 003
52	 557	 003
71	 557	 003
25	 557	 003
55	 557	 003
38	 557	 003
58	 557	 003
65	 557	 003
56	 557	 003
63	 557	 002
48	 557	 003
43	 557	 003
42	 557	 003
54	 557	 003
44	 557	 003
40	 557	 003
53	 557	 003
72	 557	 002
39	 557	 002
34	 557	 002
57	 557	 002
62	 557	 002
24	 557	 002
35	 557	 002
61	 558	 003
33	 558	 003
32	 558	 004
66	 558	 004
64	 558	 003
31	 558	 003
30	 558	 002
27	 570	 013
69	 571	 013
28	 571	 014
60	 571	 015
68	 571	 014
26	 571	 014
36	 571	 015
49	 571	 014
70	 571	 014
25	 571	 014
29	 571	 014
45	 571	 014
47	 571	 014
67	 571	 014
71	 571	 014
41	 571	 014
46	 571	 014
50	 571	 014
51	 571	 014
52	 571	 014
55	 571	 014
59	 571	 015
24	 571	 014
38	 571	 014
56	 571	 014
58	 571	 014
37	 571	 014
72	 571	 014
30	 571	 013
31	 571	 013
40	 571	 014
42	 571	 014
43	 571	 014
48	 571	 014
54	 571	 014
65	 571	 014
44	 571	 014
64	 571	 013
53	 571	 014
39	 571	 014
57	 571	 014
66	 571	 013
32	 571	 013
33	 571	 013
63	 571	 014
34	 571	 014
35	 571	 014
61	 571	 013
62	 571	 014
60	 573	 002
36	 573	 002
59	 573	 002
68	 573	 002
67	 574	 003
27	 574	 004
29	 574	 003
28	 574	 003
69	 574	 003
64	 574	 003
73	 574	 019
31	 574	 003
30	 574	 003
49	 574	 003
47	 574	 003
70	 574	 003
65	 574	 003
26	 574	 003
41	 574	 003
37	 574	 003
45	 574	 003
46	 574	 003
25	 574	 003
50	 574	 003
71	 574	 003
51	 574	 003
33	 574	 003
38	 574	 003
55	 574	 003
52	 574	 003
58	 574	 003
32	 574	 003
66	 574	 003
63	 574	 003
24	 574	 003
56	 574	 003
40	 574	 003
48	 574	 003
72	 574	 003
42	 574	 003
43	 574	 003
54	 574	 003
44	 574	 003
53	 574	 003
57	 574	 003
39	 574	 003
34	 574	 003
62	 574	 003
35	 574	 003
61	 574	 003
60	 576	 003
36	 576	 003
59	 576	 003
27	 576	 002
69	 576	 002
68	 576	 003
28	 576	 002
49	 576	 002
70	 576	 002
41	 576	 002
26	 576	 002
25	 576	 002
29	 576	 002
37	 576	 002
47	 576	 002
67	 576	 002
71	 576	 002
45	 576	 002
38	 576	 002
46	 576	 002
50	 576	 002
51	 576	 002
55	 576	 002
58	 576	 002
52	 576	 002
64	 576	 002
31	 576	 002
30	 576	 002
33	 577	 003
56	 577	 003
24	 577	 003
65	 577	 003
63	 577	 003
32	 577	 003
40	 577	 003
72	 577	 003
66	 577	 003
23	 577	 022
42	 577	 003
54	 577	 003
48	 577	 003
57	 577	 003
43	 577	 003
39	 577	 003
44	 577	 003
53	 577	 003
34	 577	 003
62	 577	 003
35	 577	 003
61	 577	 003
60	 577	 001
36	 577	 001
59	 578	 002
67	 578	 002
29	 578	 002
68	 578	 002
64	 578	 002
28	 578	 002
31	 578	 002
27	 578	 002
30	 578	 002
69	 578	 002
49	 579	 003
65	 579	 002
33	 579	 002
37	 579	 003
47	 579	 003
70	 579	 003
41	 579	 003
26	 579	 003
46	 579	 003
45	 579	 003
50	 579	 003
25	 579	 003
51	 579	 003
71	 579	 003
32	 579	 002
38	 579	 003
58	 579	 003
63	 579	 002
52	 579	 003
55	 579	 003
66	 579	 002
56	 579	 002
24	 579	 002
48	 579	 002
40	 579	 002
72	 579	 002
43	 579	 002
42	 579	 002
44	 579	 002
54	 579	 002
53	 579	 002
57	 580	 003
39	 580	 003
34	 580	 003
62	 580	 003
73	 580	 006
35	 584	 007
61	 591	 014
24	 591	 012
72	 592	 013
59	 592	 014
27	 592	 014
25	 592	 013
69	 592	 014
71	 592	 013
26	 592	 013
41	 592	 013
70	 592	 013
37	 592	 013
38	 592	 013
58	 592	 013
55	 592	 013
28	 592	 014
35	 592	 008
49	 592	 013
68	 592	 014
36	 592	 015
45	 592	 013
47	 592	 013
51	 592	 013
56	 592	 013
60	 592	 015
40	 592	 013
46	 592	 013
50	 592	 013
52	 592	 013
39	 592	 012
57	 592	 012
29	 592	 014
42	 592	 013
54	 592	 013
43	 592	 013
67	 592	 014
62	 592	 012
34	 592	 012
44	 592	 013
53	 592	 013
48	 592	 013
30	 592	 014
33	 592	 013
63	 592	 013
64	 592	 014
31	 592	 014
66	 592	 013
32	 592	 013
65	 592	 013
61	 592	 001
35	 593	 001
24	 596	 005
27	 597	 005
72	 597	 005
59	 597	 005
69	 597	 005
25	 597	 005
26	 597	 005
70	 597	 005
71	 597	 005
41	 597	 005
68	 597	 005
38	 597	 005
55	 597	 005
58	 597	 005
28	 597	 005
37	 597	 005
49	 597	 005
45	 597	 005
47	 597	 005
46	 597	 005
50	 597	 005
51	 597	 005
56	 597	 005
52	 597	 005
40	 597	 005
39	 597	 005
57	 597	 005
36	 597	 005
60	 597	 005
29	 597	 005
42	 597	 005
54	 597	 005
67	 597	 005
43	 597	 005
62	 597	 005
34	 597	 005
53	 597	 005
44	 597	 005
48	 597	 005
63	 597	 005
33	 597	 005
64	 597	 005
30	 597	 005
31	 597	 005
32	 597	 005
65	 597	 005
66	 597	 005
61	 597	 005
35	 598	 005
24	 598	 002
27	 599	 002
69	 599	 002
68	 599	 002
59	 599	 002
28	 599	 002
70	 599	 002
26	 599	 002
49	 599	 002
71	 599	 002
72	 599	 002
25	 599	 002
47	 599	 002
45	 599	 002
41	 599	 002
