0.0 0.00590669685726
0.5 0.0217312288563
1.0 0.0294248573697
1.5 0.025146782958
2.0 0.0222587608192
2.5 0.0203459508748
3.0 0.0193694402048
3.5 0.0184132110455
4.0 0.0175905388406
4.5 0.0168801783986
5.0 0.0161533409622
5.5 0.015649272993
6.0 0.0151611223488
6.5 0.0147644046951
7.0 0.014442410102
7.5 0.0141058120833
8.0 0.0138088599678
8.5 0.0133954128569
9.0 0.0131968776923
9.5 0.0129561822284
10.0 0.012711199736
10.5 0.0124996291689
11.0 0.012272824831
11.5 0.0121002913734
12.0 0.0118336805995
12.5 0.0115805431241
13.0 0.0114085283592
13.5 0.0112272294499
14.0 0.0110228088666
14.5 0.0107369587035
15.0 0.0105678518511
15.5 0.0103469662394
16.0 0.0101296323845
16.5 0.00991061439797
17.0 0.0096764786514
17.5 0.00941334732904
18.0 0.0091573993152
18.5 0.00891206369108
19.0 0.00861903613892
19.5 0.00834276801046
20.0 0.00807065540276
20.5 0.00774580015212
21.0 0.00743541795831
21.5 0.00711274394694
22.0 0.0067666718253
22.5 0.00641545945668
23.0 0.00603461034074
23.5 0.00564224825191
24.0 0.00523614424952
24.5 0.00478453317919
25.0 0.00435965565472
25.5 0.00390774770182
26.0 0.003423216741
26.5 0.00292952586797
27.0 0.00241511069722
27.5 0.00187424480682
28.0 0.00133444829623
28.5 0.00075340045721
29.0 0.000151921110143
29.5 -0.000477364575847
30.0 -0.00110857400863
30.5 -0.00176520862855
31.0 -0.00244740697469
31.5 -0.0031449106829
32.0 -0.00387402791284
32.5 -0.00462262546704
33.0 -0.00539880924706
33.5 -0.00617586417517
34.0 -0.00699084645795
34.5 -0.00784340379717
35.0 -0.00872089397755
35.5 -0.00959940685229
36.0 -0.010483679866
36.5 -0.0114000416695
37.0 -0.0123417974615
37.5 -0.0133041191101
38.0 -0.0142864499258
38.5 -0.0152836498124
39.0 -0.016279512419
39.5 -0.0173329489661
40.0 -0.0183729923778
40.5 -0.0194385267578
41.0 -0.0205164143947
41.5 -0.0216147841887
42.0 -0.0227142448399
42.5 -0.0238089128552
43.0 -0.0249069273667
43.5 -0.0260161455473
44.0 -0.0271368439784
44.5 -0.0282338503682
45.0 -0.0293557593667
45.5 -0.0304564808287
46.0 -0.0315355102657
46.5 -0.0326612141149
47.0 -0.0337624625734
47.5 -0.0348214373906
48.0 -0.0358917224518
48.5 -0.0369232689398
49.0 -0.0379155796589
49.5 -0.0389406088592
50.0 -0.0399127818902
50.5 -0.0408725980591
51.0 -0.0417562279462
51.5 -0.0426348656802
52.0 -0.0434691212328
52.5 -0.0442290567136
53.0 -0.0449822998619
53.5 -0.0456990769886
54.0 -0.0463531093233
54.5 -0.0469647743761
55.0 -0.0474646232822
55.5 -0.0478962012499
56.0 -0.048315268223
56.5 -0.0486768999809
57.0 -0.0489799674002
57.5 -0.0491794043857
58.0 -0.0493371150045
58.5 -0.04946611383
59.0 -0.0494920099799
59.5 -0.0494506293541
60.0 -0.0493026766845
60.5 -0.0491313445822
61.0 -0.0488914972847
61.5 -0.0485510996625
62.0 -0.0481786062307
62.5 -0.0477853022082
63.0 -0.0473060986347
63.5 -0.0467619414771
64.0 -0.0461501799519
64.5 -0.0455312927715
65.0 -0.0448262976564
65.5 -0.0440737896252
66.0 -0.0432876427792
66.5 -0.042481585752
67.0 -0.0416109492178
67.5 -0.0407605539038
68.0 -0.0398484779753
68.5 -0.0389294293651
69.0 -0.0380145564747
69.5 -0.0370652701101
70.0 -0.0360828525196
70.5 -0.0350969983337
71.0 -0.0341068327981
71.5 -0.0330970694296
72.0 -0.0320713961024
72.5 -0.0310751301816
73.0 -0.0301526664295
73.5 -0.0291698822638
74.0 -0.0282034669609
74.5 -0.0272510200629
75.0 -0.0263085723169
75.5 -0.025375966128
76.0 -0.0244310470627
76.5 -0.023512016763
77.0 -0.022613369575
77.5 -0.0217554842872
78.0 -0.0209261614289
78.5 -0.0200382578385
79.0 -0.0192699869994
79.5 -0.0185040643287
80.0 -0.0177185066231
80.5 -0.0169775638489
81.0 -0.0162521885167
81.5 -0.0155765986786
82.0 -0.0148886729671
82.5 -0.0141529273982
83.0 -0.0135130908865
83.5 -0.0129158080088
84.0 -0.0122981964778
84.5 -0.0117525080468
85.0 -0.0112005950693
85.5 -0.0106924810651
86.0 -0.0101808596217
86.5 -0.00969166882235
87.0 -0.0091926416488
87.5 -0.00870079726186
88.0 -0.00829991934502
88.5 -0.00785870240596
89.0 -0.00743993738921
89.5 -0.00704138167427
90.0 -0.00667566670422
90.5 -0.00632804167508
91.0 -0.00599478215327
91.5 -0.00569155252782
92.0 -0.00532606389565
92.5 -0.00499694851431
93.0 -0.004756120227
93.5 -0.00450172943505
94.0 -0.00413112017396
94.5 -0.00387879345295
95.0 -0.00372087094273
95.5 -0.00352431190012
96.0 -0.00325418272686
96.5 -0.00316671539608
97.0 -0.00312306472678
97.5 -0.00293448664177
98.0 -0.00266678002717
98.5 -0.00250297913798
99.0 -0.00240457871995
99.5 -0.00217326749574
100.0 -0.00207895658457
100.5 -0.00202227200199
101.0 -0.00175148844204
101.5 -0.00170377236677
102.0 -0.00171819016339
102.5 -0.00166651177386
103.0 -0.00162047887705
103.5 -0.00171249863768
104.0 -0.00160672709501
104.5 -0.00152653691339
105.0 -0.00161110218497
105.5 -0.00181346822673
106.0 -0.00150859197081
106.5 -0.00165459881055
107.0 -0.00137084591268
107.5 -0.00128179261921
108.0 -0.00157181733179
108.5 -0.00186376487068
109.0 -0.00207577559067
109.5 -0.00211981328655
110.0 -0.00236150940308
110.5 -0.00233306797966
111.0 -0.00211776960074
111.5 -0.00280187977406
112.0 -0.00237943340377
112.5 -0.00230595616918
113.0 -0.00274102534057
113.5 -0.00313883348967
114.0 -0.00325168625011
114.5 -0.00374566494801
115.0 -0.00405608761078
115.5 -0.00326259039875
116.0 -0.00305777804043
116.5 -0.00312402332531
117.0 -0.00339760786231
117.5 -0.00376957805499
118.0 -0.00197546796369
118.5 -0.000954363343794
119.0 -0.000680476199932
119.5 0.00729903595366
120.0 0.0104380103634
120.5 0.0104817648661
121.0 0.00545530026463
121.5 -0.000140569905639
122.0 -0.00238542668113
122.5 -0.00337613856183
123.0 -0.00246207744188
123.5 -0.00206794581356
124.0 -0.00189220153791
124.5 -0.00232794579317
125.0 -0.00214205991135
125.5 -0.00155486262719
126.0 -0.00174944935782
126.5 -0.00220539161781
127.0 -0.001850726531
127.5 -0.00169422105701
128.0 -0.00154653931823
128.5 -0.00144642415574
129.0 -0.00175333787605
129.5 -0.00157900047576
130.0 -0.000936843543343
130.5 -0.000246977227114
131.0 -0.00121125001103
131.5 -0.000852973798366
132.0 -0.000607698891848
132.5 -0.000345135594394
133.0 -0.00022222554864
133.5 -0.000290357943051
134.0 -0.000161242585953
134.5 -2.71717084175e-05
135.0 5.31125527914e-05
135.5 0.000194360252905
136.0 0.00023178799492
136.5 0.000251757221118
137.0 0.000381055642055
137.5 0.000174083770549
138.0 0.000493023124605
138.5 0.000934301097512
139.0 0.000941173174546
139.5 0.000525052081066
140.0 0.000571042920964
140.5 0.000671806303437
141.0 0.000836867413145
141.5 0.000878358092656
142.0 0.0012343598203
142.5 0.00107382826297
143.0 0.00103601101633
143.5 0.00112693755702
144.0 0.000982715145819
144.5 0.00103973769959
145.0 0.00130456197656
145.5 0.00129995577578
146.0 0.00144389870942
146.5 0.00152768159566
147.0 0.00122234760326
147.5 0.00129539538844
148.0 0.00144298025765
148.5 0.00142193491033
149.0 0.00149226201052
149.5 0.00174909423087
150.0 0.00172923304882
150.5 0.00185048422978
151.0 0.0017260542479
151.5 0.00165494086899
152.0 0.00181285913692
152.5 0.00172692909529
153.0 0.00172216492766
153.5 0.00182867234234
154.0 0.00186072548461
154.5 0.00189766366558
155.0 0.0015955709067
155.5 0.00174665083659
156.0 0.00203007238911
156.5 0.00221635212196
157.0 0.00246332627935
157.5 0.00251746373508
158.0 0.00246976264588
158.5 0.00254024637161
159.0 0.00256518843978
159.5 0.00257372000652
160.0 0.00264787162083
160.5 0.00265473599788
161.0 0.00273417451081
161.5 0.00282383377245
162.0 0.00285448511579
162.5 0.0028546378201
163.0 0.00299679338452
163.5 0.00322767606465
164.0 0.00329337923601
164.5 0.00327756501581
165.0 0.00337640525508
165.5 0.00338014483306
166.0 0.00299524747611
166.5 0.00333215712809
167.0 0.00346672232483
167.5 0.00378435217181
168.0 0.00400731300962
168.5 0.00414873337873
169.0 0.00424720928851
169.5 0.00444881363084
170.0 0.00458072350939
170.5 0.00402610074107
171.0 0.00434877297783
171.5 0.00465915289868
172.0 0.00475359102145
172.5 0.00509499405867
173.0 0.00549393963523
173.5 0.00579663321696
174.0 0.00567275106388
174.5 0.00501258311836
175.0 0.00530581168128
175.5 0.00483520639665
176.0 0.00495611752984
176.5 0.0052441148153
177.0 0.00506872171148
177.5 0.00646536410102
178.0 0.00454235088071
178.5 0.0026704897824
179.0 -0.000220317770982
179.5 -0.00296496128399
180.0 -0.00332220278156
180.5 -0.00309836257573
181.0 -7.18607769556e-06
181.5 0.00133911448226
182.0 0.00223412367612
182.5 0.00198392278477
183.0 0.00236413851071
183.5 0.0028624023945
184.0 0.00292249663404
184.5 0.00290599180296
185.0 0.00286957549133
185.5 0.00331687013993
186.0 0.00310581340517
186.5 0.00298463817764
187.0 0.00273037954079
187.5 0.00239126916131
188.0 0.00204341581507
188.5 0.00182913376049
189.0 0.00157098764286
189.5 0.00115502702209
190.0 0.000797291224984
190.5 0.000362111369029
191.0 0.000107668235756
191.5 -0.000350725872622
192.0 -0.000734433328205
192.5 -0.00102554702784
193.0 -0.00163057505962
193.5 -0.0021582972669
194.0 -0.0031484852867
194.5 -0.00405778995307
195.0 -0.00495408155018
195.5 -0.00655087953722
196.0 -0.0079393637421
196.5 -0.00973369345276
197.0 -0.012045070195
197.5 -0.0141172180954
198.0 -0.0193291893783
198.5 -0.0266867704408
199.0 -0.0416011984362
199.5 -0.0662147794917
