0.0 0.00379541361023
0.5 0.0272462947896
1.0 0.032193040117
1.5 0.0263290597067
2.0 0.0233940227044
2.5 0.0205789956672
3.0 0.0189974149095
3.5 0.0176498803866
4.0 0.0165431072246
4.5 0.0156657044735
5.0 0.0144570806148
5.5 0.0138773453892
6.0 0.0132613124834
6.5 0.0126785548034
7.0 0.0122033284292
7.5 0.0117180598076
8.0 0.0113058420846
8.5 0.0108722464448
9.0 0.0103365655971
9.5 0.00999589166848
10.0 0.00961287704468
10.5 0.00925315477755
11.0 0.0088744460146
11.5 0.00855131580467
12.0 0.00814861231191
12.5 0.00775486465035
13.0 0.00741871352256
13.5 0.00705734362364
14.0 0.00666563413009
14.5 0.00629442440142
15.0 0.00593934749067
15.5 0.00554214970356
16.0 0.00514993746541
16.5 0.00478087956723
17.0 0.00435476459619
17.5 0.00390262333539
18.0 0.00346634849858
18.5 0.00301627411562
19.0 0.00255203658945
19.5 0.00206208331088
20.0 0.00156606194528
20.5 0.0010525880643
21.0 0.000546626363023
21.5 1.55796512651e-05
22.0 -0.000535302378707
22.5 -0.00110224681796
23.0 -0.00170620312301
23.5 -0.00231987117232
24.0 -0.00295591342791
24.5 -0.00362996476669
25.0 -0.00428793265307
25.5 -0.00497032809587
26.0 -0.00567911396786
26.5 -0.00640385461379
27.0 -0.00715916835849
27.5 -0.00790572456062
28.0 -0.00869199744753
28.5 -0.00951506517138
29.0 -0.0103351081942
29.5 -0.0111971532313
30.0 -0.0120696412895
30.5 -0.0129751429949
31.0 -0.0138909414288
31.5 -0.0148070235451
32.0 -0.0157593818426
32.5 -0.0167254617908
33.0 -0.0177073098828
33.5 -0.0186926698583
34.0 -0.0197051876048
34.5 -0.0207450240352
35.0 -0.0218008149106
35.5 -0.0228438034992
36.0 -0.0239009854035
36.5 -0.0249613908205
37.0 -0.0260290893253
37.5 -0.0271082455371
38.0 -0.0281802533674
38.5 -0.0292322178183
39.0 -0.0302826490641
39.5 -0.0313461440297
40.0 -0.0324126391978
40.5 -0.0334368774227
41.0 -0.0344471115007
41.5 -0.0354502309728
42.0 -0.0364307218583
42.5 -0.0373785837778
43.0 -0.0382921083081
43.5 -0.0391776119461
44.0 -0.040033758015
44.5 -0.0408494724381
45.0 -0.0415789154175
45.5 -0.0423130302275
46.0 -0.04297828632
46.5 -0.0435939924872
47.0 -0.0441547661883
47.5 -0.0446369503101
48.0 -0.0450806661809
48.5 -0.0454768678485
49.0 -0.045817434753
49.5 -0.0460730693133
50.0 -0.046243237093
50.5 -0.0463747758548
51.0 -0.0464354467453
51.5 -0.0464248398176
52.0 -0.0463569667996
52.5 -0.0462094877455
53.0 -0.0460342589705
53.5 -0.0457830378287
54.0 -0.0454702056891
54.5 -0.0451246914689
55.0 -0.0446522201616
55.5 -0.0441608498351
56.0 -0.0436314875114
56.5 -0.0430637236231
57.0 -0.042431743248
57.5 -0.0417504635192
58.0 -0.0410601192071
58.5 -0.0403466674356
59.0 -0.039582211631
59.5 -0.0387905860892
60.0 -0.0379699478816
60.5 -0.0371397152453
61.0 -0.0362654482739
61.5 -0.035388697521
62.0 -0.0345093823185
62.5 -0.0336212880802
63.0 -0.0327280234204
63.5 -0.0318247088556
64.0 -0.0309103174884
64.5 -0.0299993927916
65.0 -0.0291016905429
65.5 -0.028179309982
66.0 -0.0272641331332
66.5 -0.0263605039601
67.0 -0.0254697670611
67.5 -0.0245950713919
68.0 -0.023722075752
68.5 -0.0228682576717
69.0 -0.0220514134271
69.5 -0.0212307284805
70.0 -0.0204060534538
70.5 -0.0196010556994
71.0 -0.0188102341121
71.5 -0.0180185559301
72.0 -0.0172645684384
72.5 -0.0165050553001
73.0 -0.0158063926859
73.5 -0.0151210057597
74.0 -0.0144604737247
74.5 -0.0137596871709
75.0 -0.0131436151053
75.5 -0.0125276585564
76.0 -0.0119092524043
76.5 -0.0113180997349
77.0 -0.0107196474709
77.5 -0.0101548246474
78.0 -0.00963937234961
78.5 -0.00915228161059
79.0 -0.00866221050483
79.5 -0.00810486733031
80.0 -0.00765315510558
80.5 -0.00723205517881
81.0 -0.00678779714317
81.5 -0.0063967779044
82.0 -0.00600678199223
82.5 -0.00559983105398
83.0 -0.00519973145651
83.5 -0.00484744444694
84.0 -0.00450375653829
84.5 -0.00420308469023
85.0 -0.00388610789491
85.5 -0.00367350999104
86.0 -0.00329899496918
86.5 -0.00301643919151
87.0 -0.00275869850773
87.5 -0.0024894687095
88.0 -0.00230957091949
88.5 -0.00207837238165
89.0 -0.0018118238569
89.5 -0.00161740728749
90.0 -0.00139946156765
90.5 -0.00124167380269
91.0 -0.0010835604682
91.5 -0.000881655142159
92.0 -0.000711061563248
92.5 -0.000574301365873
93.0 -0.000470125889237
93.5 -0.000384180980692
94.0 -0.000226035898503
94.5 -0.000131552602404
95.0 -6.18342845833e-05
95.5 -1.1849766647e-05
96.0 1.73994024983e-05
96.5 5.65365124849e-05
97.0 0.000125634920337
97.5 0.000231368302956
98.0 0.000361051936569
98.5 0.000467634636074
99.0 0.000473377018309
99.5 0.00040701814957
100.0 0.000410545037816
100.5 0.000430207443635
101.0 0.00050275150074
101.5 0.000615559294545
102.0 0.000575696618789
102.5 0.00044985088018
103.0 0.000382794388862
103.5 0.000265577756515
104.0 0.00021962904011
104.5 0.000247385200218
105.0 0.000178787690942
105.5 0.000169438735888
106.0 0.000348537186007
106.5 4.79470778245e-05
107.0 -0.000117946603865
107.5 -0.000282961394284
108.0 -0.000439938095596
108.5 -0.000503773002549
109.0 -0.000589018299095
109.5 -0.000643627810035
110.0 -0.000671791950737
110.5 -0.000838713662823
111.0 -0.000694695933397
111.5 -0.00118310057663
112.0 -0.00144372871076
112.5 -0.00166719014318
113.0 -0.00154480395302
113.5 -0.00160626156099
114.0 -0.00181677724254
114.5 -0.00221248190024
115.0 -0.00243259104685
115.5 -0.00108086192743
116.0 -0.00150080421513
116.5 -0.00225171619464
117.0 -0.0031665596476
117.5 -0.00262223123529
118.0 -0.000725295132511
118.5 0.00265747501385
119.0 0.0059066862171
119.5 0.0114396018676
120.0 0.0077650278165
120.5 0.00487915753186
121.0 0.00136711617222
121.5 -0.000522493741769
122.0 -0.00177524406341
122.5 -0.001598481823
123.0 -0.000907641613665
123.5 -0.000253884138189
124.0 -0.00082604417365
124.5 -0.001011226579
125.0 -0.000691823908909
125.5 -0.000800363936833
126.0 -0.00115964627344
126.5 -0.00103622131864
127.0 -0.00152506929875
127.5 -0.00140326888271
128.0 -0.000660223313147
128.5 -0.000692178190334
129.0 -0.0013588877442
129.5 -0.000732915649209
130.0 -0.000344819824981
130.5 -8.64292485971e-05
131.0 -0.000223373376144
131.5 -0.000421357558665
132.0 -0.000323061914962
132.5 -3.62547993404e-07
133.0 0.000178436593359
133.5 6.18110812312e-05
134.0 0.000233656803843
134.5 0.000358798066848
135.0 0.000511872526559
135.5 0.000456911242452
136.0 0.000607699230471
136.5 0.000856405493817
137.0 0.000727973784567
137.5 0.000563651205265
138.0 0.000777794938404
138.5 0.000892568869443
139.0 0.00104799596863
139.5 0.00119569283074
140.0 0.000939905310808
140.5 0.00106933473031
141.0 0.00119673664579
141.5 0.00116567163453
142.0 0.00127882852468
142.5 0.00130566272495
143.0 0.00142045473552
143.5 0.00143120126866
144.0 0.00131578997545
144.5 0.00147170814975
145.0 0.0014235613453
145.5 0.00176779734799
146.0 0.00144978326528
146.5 0.00128109427991
147.0 0.00173529685608
147.5 0.00185534116845
148.0 0.00171859198497
148.5 0.00159594512286
149.0 0.00153507767539
149.5 0.00180788303639
150.0 0.00166242086674
150.5 0.00192068754577
151.0 0.00177017859683
151.5 0.00179430857517
152.0 0.00188595068633
152.5 0.00196401172625
153.0 0.002056109746
153.5 0.00201675534032
154.0 0.00202636196811
154.5 0.0023918195393
155.0 0.002097029915
155.5 0.00186309489201
156.0 0.00230455597858
156.5 0.00225663735339
157.0 0.00231083272415
157.5 0.00242444792406
158.0 0.00246730864476
158.5 0.00265029410129
159.0 0.00276350633892
159.5 0.00254863971011
160.0 0.00254775026274
160.5 0.00261281907991
161.0 0.00243509639377
161.5 0.00232944727618
162.0 0.00263147738873
162.5 0.00290592855785
163.0 0.0030012707543
163.5 0.00290719776288
164.0 0.00286872837241
164.5 0.00316762917159
165.0 0.00335687906974
165.5 0.003333920617
166.0 0.00294920486183
166.5 0.00331596770295
167.0 0.00342079886071
167.5 0.00368600150998
168.0 0.00400972711208
168.5 0.00424946676039
169.0 0.00437524018791
169.5 0.00442279845551
170.0 0.00414074321628
170.5 0.00453423661688
171.0 0.00464250932382
171.5 0.00493505390514
172.0 0.00450635231535
172.5 0.00484110307785
173.0 0.00540802292974
173.5 0.00571265258777
174.0 0.00591690014222
174.5 0.00601774832212
175.0 0.00617246163343
175.5 0.00592052708946
176.0 0.00489940783429
176.5 0.00543365006939
177.0 0.00561785586426
177.5 0.00670284526306
178.0 0.00509168667288
178.5 0.00342254727703
179.0 0.000901934934717
179.5 -0.00086111701664
180.0 -0.00138778848626
180.5 -0.00489165901251
181.0 -0.00474790263902
181.5 -0.00114055726868
182.0 0.00131688085952
182.5 0.0034971058234
183.0 0.00362766337642
183.5 0.00366880559424
184.0 0.00308808956308
184.5 0.00299252124358
185.0 0.00366450760366
185.5 0.00302169965634
186.0 0.00275121888401
186.5 0.00314324007964
187.0 0.00290126292118
187.5 0.00256781591058
188.0 0.00221825446415
188.5 0.00205068020678
189.0 0.00160235903283
189.5 0.00125805709693
190.0 0.00100667405127
190.5 0.000472179086785
191.0 0.000232794417315
191.5 -0.000187833896092
192.0 -0.000664596505999
192.5 -0.000957632120404
193.0 -0.00163554986045
193.5 -0.00235554553188
194.0 -0.00303581001116
194.5 -0.00373937649773
195.0 -0.00455578329932
195.5 -0.00670846392504
196.0 -0.00802930454138
196.5 -0.00984468571453
197.0 -0.0121575280544
197.5 -0.0142232247529
198.0 -0.0194656902929
198.5 -0.0268423418335
199.0 -0.0418600354396
199.5 -0.0675654798716
