0.0 0.00444846704548
0.5 0.0290873269981
1.0 0.0336806917957
1.5 0.0279384868225
2.0 0.0246991047085
2.5 0.0222143914569
3.0 0.0207679974619
3.5 0.0194754054702
4.0 0.0180681408134
4.5 0.0173647868156
5.0 0.0165024700625
5.5 0.0159622275938
6.0 0.0153568051176
6.5 0.0148026602996
7.0 0.0144353972719
7.5 0.0139382063699
8.0 0.0134978567181
8.5 0.0132318661174
9.0 0.0129447302264
9.5 0.012632692776
10.0 0.0123171535605
10.5 0.0120696773544
11.0 0.0118048129886
11.5 0.0115573665737
12.0 0.0112587068137
12.5 0.010949442602
13.0 0.0107212966903
13.5 0.0104670529779
14.0 0.0102190301193
14.5 0.00989057898131
15.0 0.00965057976283
15.5 0.00936784496539
16.0 0.00910776720864
16.5 0.00882454490508
17.0 0.00852911776673
17.5 0.00823859247499
18.0 0.00791270252136
18.5 0.00758255806389
19.0 0.0072572060231
19.5 0.00691471713487
20.0 0.0065635459591
20.5 0.00619443973466
21.0 0.0058308975738
21.5 0.00543735239419
22.0 0.00502075973582
22.5 0.00462283610059
23.0 0.00416227743849
23.5 0.00370505090283
24.0 0.0032361569611
24.5 0.00273280255629
25.0 0.00221783496051
25.5 0.00168636218677
26.0 0.00114358525745
26.5 0.000586001565901
27.0 -3.26269368944e-06
27.5 -0.000614616576354
28.0 -0.00122678144747
28.5 -0.00188917395824
29.0 -0.00257411968061
29.5 -0.00328323563637
30.0 -0.00398934851644
30.5 -0.00472471972261
31.0 -0.0054960713305
31.5 -0.00627738748337
32.0 -0.00707022370209
32.5 -0.00789341075704
33.0 -0.00874466410681
33.5 -0.00960199457082
34.0 -0.0105215015391
34.5 -0.0114470998339
35.0 -0.0123641135225
35.5 -0.0133219839602
36.0 -0.0143088071819
36.5 -0.0153163658823
37.0 -0.0163316075156
37.5 -0.017354832367
38.0 -0.0183929080662
38.5 -0.0194714619557
39.0 -0.0205430936392
39.5 -0.02164318953
40.0 -0.02276564573
40.5 -0.0238802029615
41.0 -0.0249824506196
41.5 -0.0261173523402
42.0 -0.0272538852593
42.5 -0.0283900190666
43.0 -0.029536117545
43.5 -0.0306811970803
44.0 -0.0318243004692
44.5 -0.0329369852762
45.0 -0.0340425489208
45.5 -0.0351263216737
46.0 -0.0362270668036
46.5 -0.0372931921336
47.0 -0.0383237493137
47.5 -0.0393094339234
48.0 -0.0403022980065
48.5 -0.0412726129513
49.0 -0.0421971426922
49.5 -0.0430963016711
50.0 -0.0438611733547
50.5 -0.0446740737791
51.0 -0.0454271656016
51.5 -0.0460997959517
52.0 -0.0467163733672
52.5 -0.0472714743239
53.0 -0.0478075915738
53.5 -0.0482621361979
54.0 -0.0486481066277
54.5 -0.0489742381458
55.0 -0.0491983780529
55.5 -0.04936146754
56.0 -0.0494909610505
56.5 -0.0495145852481
57.0 -0.0494985201447
57.5 -0.0494023330859
58.0 -0.0492646316971
58.5 -0.0490350517567
59.0 -0.048716492105
59.5 -0.0483682121109
60.0 -0.0479332833544
60.5 -0.0474202125143
61.0 -0.0468884897669
61.5 -0.0462677930045
62.0 -0.0456250428465
62.5 -0.0449414596661
63.0 -0.0441887202755
63.5 -0.0434208343019
64.0 -0.0426201178562
64.5 -0.0417856920444
65.0 -0.0408863255842
65.5 -0.0399779340817
66.0 -0.0390438559184
66.5 -0.0381072288675
67.0 -0.0371206514926
67.5 -0.0361593862278
68.0 -0.0351980522651
68.5 -0.0342319904628
69.0 -0.033233153963
69.5 -0.032259943913
70.0 -0.031270221475
70.5 -0.0302883131204
71.0 -0.0292676935032
71.5 -0.0282916577334
72.0 -0.0273295622682
72.5 -0.0263554856297
73.0 -0.0254140407701
73.5 -0.0245292860964
74.0 -0.0236254176079
74.5 -0.0227370119814
75.0 -0.0218555863741
75.5 -0.0210062225544
76.0 -0.0201649932946
76.5 -0.0193322917605
77.0 -0.0185171275145
77.5 -0.017721009627
78.0 -0.0169812843885
78.5 -0.0162482005714
79.0 -0.0155573492323
79.5 -0.0148027267616
80.0 -0.0141578177166
80.5 -0.0135130645729
81.0 -0.0128535186215
81.5 -0.0122664773311
82.0 -0.0116430622335
82.5 -0.0110079409293
83.0 -0.0104375096863
83.5 -0.00990769042207
84.0 -0.00943791432174
84.5 -0.00895033278535
85.0 -0.00850860122559
85.5 -0.00799341389332
86.0 -0.00751203158856
86.5 -0.00710911324623
87.0 -0.00672470922837
87.5 -0.00630535974282
88.0 -0.00600222525567
88.5 -0.00565060792308
89.0 -0.00519284041273
89.5 -0.00492895203142
90.0 -0.00457198174498
90.5 -0.0042885952905
91.0 -0.00399570900428
91.5 -0.00372735616622
92.0 -0.00345764832584
92.5 -0.00317673823067
93.0 -0.00299704663428
93.5 -0.00283039769242
94.0 -0.00245693340476
94.5 -0.00232668166139
95.0 -0.00227815781631
95.5 -0.00200246101933
96.0 -0.00185175039244
96.5 -0.00163671285985
97.0 -0.00149275823602
97.5 -0.00135551795126
98.0 -0.00117736842477
98.5 -0.00102383250397
99.0 -0.000967207634005
99.5 -0.000974330548733
100.0 -0.000808964032707
100.5 -0.000680777198902
101.0 -0.000534265026296
101.5 -0.000554700758308
102.0 -0.000540078839165
102.5 -0.000519537786786
103.0 -0.000484257828369
103.5 -0.000532942007418
104.0 -0.000552143465164
104.5 -0.000518450069627
105.0 -0.000388725682924
105.5 -0.000372957701828
106.0 -0.000375883085873
106.5 -0.000267570994211
107.0 -0.000350253271137
107.5 -0.000460193519615
108.0 -0.000590115736905
108.5 -0.000763920739182
109.0 -0.000796533985636
109.5 -0.000483367696951
110.0 -0.000687264466926
110.5 -0.000820212258823
111.0 -0.0010346914003
111.5 -0.00127489287893
112.0 -0.00141423834708
112.5 -0.00161061239785
113.0 -0.00173723313674
113.5 -0.00196375983911
114.0 -0.00196263352159
114.5 -0.0022231190781
115.0 -0.00208398235672
115.5 -0.00198678171304
116.0 -0.00129313699453
116.5 -0.00120757167011
117.0 -0.000998733229309
117.5 -0.000184753374882
118.0 0.000470658240175
118.5 0.00076907008939
119.0 0.00133703035812
119.5 0.00853166814314
120.0 0.00928840007813
120.5 0.00740360132228
121.0 0.0049900862827
121.5 -0.000420636460703
122.0 -0.000314091804754
122.5 -0.0030792796009
123.0 -0.00259302983612
123.5 -0.00226300349379
124.0 -0.0021758434907
124.5 -0.0022630471796
125.0 -0.00247362692024
125.5 -0.00213402250142
126.0 -0.00248115737138
126.5 -0.00299274779252
127.0 -0.00271125366284
127.5 -0.00229127566823
128.0 -0.00178627642173
128.5 -0.00198789152503
129.0 -0.002504670874
129.5 -0.00180913317091
130.0 -0.00142648048239
130.5 -0.000987571272333
131.0 -0.00150454908122
131.5 -0.00102620809292
132.0 -0.000887387909138
132.5 -0.000881137738332
133.0 -0.000714612824162
133.5 -0.000516203743857
134.0 -0.000314741442018
134.5 -0.000105583191186
135.0 -0.000197102611516
135.5 -5.58925776701e-05
136.0 -6.65926351218e-06
136.5 -7.06497866041e-05
137.0 0.000171210118385
137.5 0.00028670861635
138.0 0.000550725542531
138.5 0.000597410457527
139.0 0.000428249684543
139.5 0.000613318486145
140.0 0.000724435745759
140.5 0.000578920926795
141.0 0.000754095448023
141.5 0.000783852988867
142.0 0.000948377453877
142.5 0.000840588797196
143.0 0.000838159256952
143.5 0.00096394975488
144.0 0.00108261087512
144.5 0.00131009455896
145.0 0.00135393279547
145.5 0.000989531009394
146.0 0.00108514337015
146.5 0.00122119837183
147.0 0.00146603658594
147.5 0.00145246872747
148.0 0.00135064243376
148.5 0.00138068740281
149.0 0.00135914888239
149.5 0.00130780445489
150.0 0.00168506025073
150.5 0.00163822454548
151.0 0.00166384364757
151.5 0.00171776593927
152.0 0.00177618351159
152.5 0.00174727456161
153.0 0.00192078558041
153.5 0.00211330030025
154.0 0.00212923020634
154.5 0.0022173577023
155.0 0.00209617461335
155.5 0.00205931479657
156.0 0.00205435130444
156.5 0.00210442028986
157.0 0.00213420079027
157.5 0.00205126986305
158.0 0.00210764257419
158.5 0.00223020767879
159.0 0.00212284713148
159.5 0.00221205268667
160.0 0.00242671984787
160.5 0.0024873395079
161.0 0.00259120818116
161.5 0.00270085664733
162.0 0.00274101214224
162.5 0.00286621592222
163.0 0.00294093267252
163.5 0.00296884365359
164.0 0.00299414912698
164.5 0.00297155226175
165.0 0.00283501647965
165.5 0.00306048231901
166.0 0.00311117634828
166.5 0.00349059379619
167.0 0.00357394536809
167.5 0.00362531043991
168.0 0.00376609248549
168.5 0.00402736441178
169.0 0.00418632103126
169.5 0.00422690558775
170.0 0.00394160957451
170.5 0.00427953590008
171.0 0.00464134270348
171.5 0.00503189766104
172.0 0.00461930479578
172.5 0.00502537632282
173.0 0.00559650009508
173.5 0.00542924557021
174.0 0.00509124388753
174.5 0.00533304825477
175.0 0.00542691473376
175.5 0.00513378424392
176.0 0.00536858660558
176.5 0.0042156777248
177.0 0.00393613838861
177.5 0.00457384387134
178.0 0.00365969214859
178.5 0.00286157790966
179.0 0.000625871134858
179.5 -0.00182462733424
180.0 -0.00229648195393
180.5 -0.00347921149364
181.0 0.000351796175579
181.5 0.00368775454368
182.0 0.00414082609183
182.5 0.00476781140333
183.0 0.00390258996426
183.5 0.00406651065038
184.0 0.00358420114325
184.5 0.00336523899323
185.0 0.0039052382588
185.5 0.00321159601592
186.0 0.00295318453446
186.5 0.0033715622591
187.0 0.00326007680658
187.5 0.00295934370412
188.0 0.00262973186614
188.5 0.00251558014665
189.0 0.0021364801685
189.5 0.00186093493221
190.0 0.00167040230615
190.5 0.0012052329906
191.0 0.0010385817893
191.5 0.000703143965595
192.0 0.000344709959251
192.5 -1.83093104908e-05
193.0 -0.000595997764336
193.5 -0.00101666211225
194.0 -0.00166510950602
194.5 -0.00240760437622
195.0 -0.00310081370984
195.5 -0.00447871982777
196.0 -0.00522126150672
196.5 -0.00586794534232
197.0 -0.00811157473056
197.5 -0.0095043016979
198.0 -0.0133222485788
198.5 -0.0187615044909
199.0 -0.0285622772877
199.5 -0.0459330612722
