0.0 0.0047488779985
0.5 0.0203778506491
1.0 0.0271542373689
1.5 0.0228536324436
2.0 0.0202241933903
2.5 0.0183120431194
3.0 0.0170391341718
3.5 0.0158577007096
4.0 0.0148372268155
4.5 0.0139727771544
5.0 0.0130966025138
5.5 0.0124491662101
6.0 0.0118339604595
6.5 0.0113279322971
7.0 0.0107960609616
7.5 0.0102067016302
8.0 0.00985388027351
8.5 0.00945500047519
9.0 0.00908313787584
9.5 0.00871740545009
10.0 0.00819176622696
10.5 0.00784615430872
11.0 0.00746796729229
11.5 0.0070717636052
12.0 0.00672276983852
12.5 0.00634751577264
13.0 0.005952706867
13.5 0.00550918643505
14.0 0.00514799141051
14.5 0.00477689257592
15.0 0.00430243075064
15.5 0.00387458147143
16.0 0.00347307229575
16.5 0.00304729964187
17.0 0.00260258505356
17.5 0.0021223635078
18.0 0.00163381961839
18.5 0.00115636463666
19.0 0.000667349183542
19.5 0.000115334544401
20.0 -0.000409654401524
20.5 -0.000963283107401
21.0 -0.00152277671318
21.5 -0.00209968334976
22.0 -0.00270089271885
22.5 -0.00332144522431
23.0 -0.0039459572965
23.5 -0.00460713934694
24.0 -0.00529887915155
24.5 -0.0059983295772
25.0 -0.0067108428441
25.5 -0.00744735388327
26.0 -0.00819062052542
26.5 -0.00895319341633
27.0 -0.00975300734839
27.5 -0.01054243246
28.0 -0.0113679870575
28.5 -0.0122299580777
29.0 -0.0131008010056
29.5 -0.0139945345706
30.0 -0.0148954561045
30.5 -0.0158221053598
31.0 -0.0167723336263
31.5 -0.0177095420483
32.0 -0.0186720015433
32.5 -0.0196589165814
33.0 -0.0206533687637
33.5 -0.0216529020953
34.0 -0.0226646049667
34.5 -0.0236791465639
35.0 -0.0246995094496
35.5 -0.0257106996188
36.0 -0.0267193045573
36.5 -0.0277284169913
37.0 -0.0287434185365
37.5 -0.0297504513125
38.0 -0.0307329068083
38.5 -0.0317155320345
39.0 -0.0326722183588
39.5 -0.0336413132128
40.0 -0.0345647992295
40.5 -0.0354524234355
41.0 -0.0363099664162
41.5 -0.0371523135498
42.0 -0.0379547637196
42.5 -0.0387046611499
43.0 -0.0394056083423
43.5 -0.0400714325323
44.0 -0.0407148548227
44.5 -0.041295125588
45.0 -0.0418038741655
45.5 -0.0422776706773
46.0 -0.0426896475468
46.5 -0.0430339773343
47.0 -0.0433359542284
47.5 -0.043559963208
48.0 -0.0437319637304
48.5 -0.0438454313543
49.0 -0.0439309938099
49.5 -0.0439250170996
50.0 -0.0438375293558
50.5 -0.0437117152959
51.0 -0.0435097237627
51.5 -0.0432668464628
52.0 -0.0429869307696
52.5 -0.0426387409478
53.0 -0.0422585039186
53.5 -0.0418195051189
54.0 -0.041343936673
54.5 -0.0408332529344
55.0 -0.0402306655688
55.5 -0.039612288316
56.0 -0.0389923440367
56.5 -0.0383030177756
57.0 -0.037604314008
57.5 -0.0368691537644
58.0 -0.036139364014
58.5 -0.0353698369846
59.0 -0.0345823409817
59.5 -0.0338007414627
60.0 -0.0329833645893
60.5 -0.0321443574132
61.0 -0.0312975322437
61.5 -0.0304351642209
62.0 -0.0295931829628
62.5 -0.0287810087303
63.0 -0.0279422329934
63.5 -0.0271097497262
64.0 -0.0262765076466
64.5 -0.0254587757379
65.0 -0.0246307094422
65.5 -0.0237838706811
66.0 -0.0229794866269
66.5 -0.0221946726121
67.0 -0.0213781182286
67.5 -0.020606521769
68.0 -0.0198513467627
68.5 -0.019111601352
69.0 -0.018377831089
69.5 -0.017653871245
70.0 -0.0169449541183
70.5 -0.0162670366581
71.0 -0.0155493468899
71.5 -0.0148647770213
72.0 -0.0142281598227
72.5 -0.0135793550349
73.0 -0.0129793357109
73.5 -0.0123955603435
74.0 -0.0118355976326
74.5 -0.0112279689037
75.0 -0.0106996959607
75.5 -0.0101686140815
76.0 -0.00963366591704
76.5 -0.00913197469905
77.0 -0.00862083900371
77.5 -0.00813891006862
78.0 -0.00770911782528
78.5 -0.00726029333475
79.0 -0.00681278309353
79.5 -0.00645016475447
80.0 -0.0060491729131
80.5 -0.0056818384926
81.0 -0.00529369535745
81.5 -0.00493807680462
82.0 -0.00459012180718
82.5 -0.00429058313165
83.0 -0.00399122223524
83.5 -0.00361518232373
84.0 -0.0033441897752
84.5 -0.00311691357218
85.0 -0.00290458941069
85.5 -0.00259986216172
86.0 -0.00233318680603
86.5 -0.00214999446565
87.0 -0.00199864819399
87.5 -0.00175646079494
88.0 -0.001523971256
88.5 -0.00133554052928
89.0 -0.00116728612302
89.5 -0.000984353385821
90.0 -0.000813697956207
90.5 -0.000717741122045
91.0 -0.000564719031473
91.5 -0.000428206801868
92.0 -0.000309565714574
92.5 -0.000158843402907
93.0 -4.56657831975e-05
93.5 5.35642227177e-05
94.0 0.00022013816621
94.5 0.000267506135014
95.0 0.000249728166715
95.5 0.000400261675711
96.0 0.000469440649194
96.5 0.000586018063622
97.0 0.000568992348999
97.5 0.000560359012098
98.0 0.000555952281911
98.5 0.000553940045855
99.0 0.000734859970798
99.5 0.000743311104209
100.0 0.000721949707518
100.5 0.000714673056606
101.0 0.000681003289763
101.5 0.000639359664099
102.0 0.0005718054108
102.5 0.000491036141128
103.0 0.000447287830987
103.5 0.000370115795882
104.0 0.000448303259709
104.5 0.000614683206194
105.0 0.000414015760185
105.5 0.000283865127194
106.0 0.000295610163469
106.5 0.000345142232938
107.0 0.000257899929757
107.5 4.4861392162e-05
108.0 -0.000212287520583
108.5 -0.000415461432716
109.0 -0.00052633692728
109.5 -0.000543981574737
110.0 -0.000548927881773
110.5 -0.000653845184381
111.0 -0.00086937403902
111.5 -0.00118402482972
112.0 -0.00140959359037
112.5 -0.00126142116441
113.0 -0.00120129359989
113.5 -0.00171985211114
114.0 -0.00174856755105
114.5 -0.0018322318554
115.0 -0.00185806902194
115.5 -0.00239436679858
116.0 -0.00234315654244
116.5 -0.00218934313131
117.0 -0.00252422073835
117.5 -0.00285278102493
118.0 -0.00159268082464
118.5 0.00215196495184
119.0 0.00511591679323
119.5 0.0126793971872
120.0 0.0118299327766
120.5 0.00648927785994
121.0 0.00215152901175
121.5 -0.000340963123662
122.0 -0.00212690567218
122.5 -0.00300000197788
123.0 -0.00205436788814
123.5 -0.00182304729984
124.0 -0.00171587820077
124.5 -0.00139570325032
125.0 -0.00128543812657
125.5 -0.000463218886239
126.0 -0.00203731207164
126.5 -0.00178045845622
127.0 -0.00148191514634
127.5 -0.00142839471333
128.0 -0.00119949666605
128.5 -0.00102924808476
129.0 -0.000899870905975
129.5 -0.000651430646968
130.0 -0.000363132508312
130.5 -0.000873171435906
131.0 -0.000453236445082
131.5 -0.000231326682531
132.0 2.20746671218e-05
132.5 -0.000339952202282
133.0 -0.000337744392567
133.5 0.000159184756797
134.0 0.000391678867885
134.5 0.000669321309829
135.0 1.63354620213e-05
135.5 0.000469084553771
136.0 0.000352457233603
136.5 0.00041560250806
137.0 0.000592228341549
137.5 0.000608910336084
138.0 0.00074089911546
138.5 0.0006463783104
139.0 0.00063058955492
139.5 0.000713651704796
140.0 0.000798904103029
140.5 0.000895863847592
141.0 0.000982083774208
141.5 0.000944781347737
142.0 0.000872301945055
142.5 0.00101041724214
143.0 0.00114272576487
143.5 0.00115970027555
144.0 0.00133266688476
144.5 0.0013493161137
145.0 0.00137081649769
145.5 0.00122072435654
146.0 0.00129860608054
146.5 0.00127615084883
147.0 0.00135820328052
147.5 0.00151831742924
148.0 0.00149397792433
148.5 0.00142071963805
149.0 0.00149579263196
149.5 0.00159963911062
150.0 0.00166594697737
150.5 0.00148408620256
151.0 0.00194876380059
151.5 0.00174013071064
152.0 0.00183921640323
152.5 0.00185047963216
153.0 0.00181492705717
153.5 0.00177666983394
154.0 0.0017751578787
154.5 0.00190161291251
155.0 0.00168771736435
155.5 0.00201258639557
156.0 0.00217136618766
156.5 0.00200246628156
157.0 0.00207218185283
157.5 0.00194843462091
158.0 0.00191607276457
158.5 0.00214967531537
159.0 0.00225871393601
159.5 0.00225293631596
160.0 0.00201952896193
160.5 0.00185831521689
161.0 0.00220449570618
161.5 0.00246985341187
162.0 0.00266021034513
162.5 0.00271550973443
163.0 0.00273981653024
163.5 0.00278547247612
164.0 0.00270434564641
164.5 0.00254594203413
165.0 0.00286809360561
165.5 0.00298741310851
166.0 0.00302233014057
166.5 0.0031990072709
167.0 0.00332337982729
167.5 0.00365313877384
168.0 0.00386229118703
168.5 0.00391205328921
169.0 0.00376812512541
169.5 0.00357009882251
170.0 0.00401969949279
170.5 0.00416588505362
171.0 0.00373262392461
171.5 0.00400629205576
172.0 0.00426386466924
172.5 0.0047158273545
173.0 0.0050349813144
173.5 0.00509177735037
174.0 0.00511188587851
174.5 0.00505545249598
175.0 0.00514945725766
175.5 0.00502770708157
176.0 0.00418043908273
176.5 0.00448904123999
177.0 0.00460631028753
177.5 0.00572058144304
178.0 0.00445366989197
178.5 0.00262951974354
179.0 -0.00102600141558
179.5 -0.00403591732537
180.0 -0.00325077386157
180.5 -0.00326852521896
181.0 -0.000573020728908
181.5 0.00263242581474
182.0 0.00348475070936
182.5 0.00419521529042
183.0 0.00430925775555
183.5 0.00394688691813
184.0 0.00335919453875
184.5 0.00322748086494
185.0 0.00386758657622
185.5 0.00327077398617
186.0 0.00318073832487
186.5 0.00304045741483
187.0 0.00281852509495
187.5 0.00259071717491
188.0 0.00226636555469
188.5 0.00211836476193
189.0 0.00168928274584
189.5 0.00139019567504
190.0 0.00126438424667
190.5 0.000815928358364
191.0 0.000595777746369
191.5 0.000247201843152
192.0 -0.000102548945094
192.5 -0.000298432567959
193.0 -0.000874050903263
193.5 -0.00147886627131
194.0 -0.00204905967644
194.5 -0.00268296292958
195.0 -0.00344500543777
195.5 -0.00474263830436
196.0 -0.00546954039184
196.5 -0.00611157592409
197.0 -0.00828635195607
197.5 -0.00958927981092
198.0 -0.0133354521708
198.5 -0.0186657498543
199.0 -0.0283278962737
199.5 -0.0454082429575
