0.0 0.00258355436002
0.5 0.0258717587039
1.0 0.0300186005262
1.5 0.0243329680935
2.0 0.0215142388759
2.5 0.0188069016742
3.0 0.0172016012244
3.5 0.0155548954679
4.0 0.0147209199482
4.5 0.0138589204143
5.0 0.0125903810147
5.5 0.0119859408218
6.0 0.011341075985
6.5 0.0107311342248
7.0 0.0102277711927
7.5 0.00968017498255
8.0 0.00920592609044
8.5 0.0087296591335
9.0 0.00830168777437
9.5 0.00787885694469
10.0 0.00742872636233
10.5 0.00700442693099
11.0 0.00658897174244
11.5 0.00614386040889
12.0 0.00571343226866
12.5 0.00531566186173
13.0 0.00489731409188
13.5 0.0044912732282
14.0 0.00399586962801
14.5 0.00359431988061
15.0 0.00318076838425
15.5 0.00266577830022
16.0 0.00222267104381
16.5 0.00175746634672
17.0 0.00129387396433
17.5 0.000800203521475
18.0 0.000270991924655
18.5 -0.000239047839688
19.0 -0.000759627624394
19.5 -0.00134706582568
20.0 -0.00191405479194
20.5 -0.00250230225137
21.0 -0.00308121744168
21.5 -0.00369602648643
22.0 -0.00433746044602
22.5 -0.0049964656347
23.0 -0.00566009920397
23.5 -0.00635226838697
24.0 -0.00706939999777
24.5 -0.00779329674087
25.0 -0.00851736536518
25.5 -0.00927649788935
26.0 -0.010054356716
26.5 -0.0108402360005
27.0 -0.0116497660477
27.5 -0.012463568461
28.0 -0.0132955250704
28.5 -0.0141591852185
29.0 -0.015041344656
29.5 -0.015919799824
30.0 -0.0167973015396
30.5 -0.0176976519342
31.0 -0.0186208093337
31.5 -0.0195375020498
32.0 -0.0204463262931
32.5 -0.0213704233216
33.0 -0.0223065974368
33.5 -0.0232178224906
34.0 -0.0241413472524
34.5 -0.0250798421185
35.0 -0.0259850345932
35.5 -0.0268760128514
36.0 -0.0277723309512
36.5 -0.0286438594142
37.0 -0.0294885385025
37.5 -0.0303245029346
38.0 -0.031146365488
38.5 -0.0319463508824
39.0 -0.032676483263
39.5 -0.0334037940424
40.0 -0.0341027022687
40.5 -0.0347390275015
41.0 -0.0353441462052
41.5 -0.0359206668826
42.0 -0.0364475256508
42.5 -0.0369340088
43.0 -0.0373813986795
43.5 -0.0377734999194
44.0 -0.0381231885491
44.5 -0.0383935465037
45.0 -0.0386547503173
45.5 -0.0388448305387
46.0 -0.0389729836825
46.5 -0.0390794675736
47.0 -0.039122850483
47.5 -0.0390952331154
48.0 -0.0390464929975
48.5 -0.0389536333321
49.0 -0.038816872517
49.5 -0.0386178491211
50.0 -0.0383665739746
50.5 -0.0380950025973
51.0 -0.0377752654969
51.5 -0.0374121440532
52.0 -0.0370368156395
52.5 -0.0366152890655
53.0 -0.036178236664
53.5 -0.0357012908024
54.0 -0.0351946310628
54.5 -0.0346733444846
55.0 -0.0341042345284
55.5 -0.0335265525157
56.0 -0.0329344148202
56.5 -0.0323209950198
57.0 -0.0317051675361
57.5 -0.0310701400087
58.0 -0.0304265545102
58.5 -0.029792059214
59.0 -0.0291312909592
59.5 -0.028457861961
60.0 -0.0277493047412
60.5 -0.0270789159278
61.0 -0.0263767108103
61.5 -0.0256834203866
62.0 -0.0250061360728
62.5 -0.0243355865706
63.0 -0.0236610231533
63.5 -0.0229834967216
64.0 -0.0223394579896
64.5 -0.0216862050002
65.0 -0.0210057568004
65.5 -0.020346613509
66.0 -0.0196969610605
66.5 -0.0190782572329
67.0 -0.0184120021995
67.5 -0.0178007312228
68.0 -0.0171851563138
68.5 -0.016596314119
69.0 -0.0160196963564
69.5 -0.0154226122885
70.0 -0.0148803739152
70.5 -0.0143044086614
71.0 -0.0137570656157
71.5 -0.0132427308955
72.0 -0.0126825774835
72.5 -0.0121480398537
73.0 -0.0116830202289
73.5 -0.0112112117845
74.0 -0.01076126546
74.5 -0.0103210745877
75.0 -0.00987280806953
75.5 -0.0094418696054
76.0 -0.0090203149746
76.5 -0.0085467321439
77.0 -0.0081257964171
77.5 -0.0077398971203
78.0 -0.00737662531779
78.5 -0.00701183026878
79.0 -0.00669594130025
79.5 -0.00638140836178
80.0 -0.00604228621784
80.5 -0.00574992601982
81.0 -0.00545732304641
81.5 -0.00511365419636
82.0 -0.00478393137882
82.5 -0.00450684196725
83.0 -0.0042658954859
83.5 -0.0039845830364
84.0 -0.00374365773427
84.5 -0.00357735304532
85.0 -0.00333710760151
85.5 -0.0031830123031
86.0 -0.00290151482594
86.5 -0.00269943769765
87.0 -0.00251813982047
87.5 -0.0023338637223
88.0 -0.00221490531483
88.5 -0.00205666272882
89.0 -0.00190543654431
89.5 -0.00180714672539
90.0 -0.00155332803277
90.5 -0.00147727502989
91.0 -0.00143294500628
91.5 -0.00127054783519
92.0 -0.00114112513901
92.5 -0.00101705559382
93.0 -0.000911453574773
93.5 -0.000842389306634
94.0 -0.000694386691098
94.5 -0.000686996886603
95.0 -0.000744393124531
95.5 -0.000584325370038
96.0 -0.000562332843177
96.5 -0.000473318311528
97.0 -0.000442357418518
97.5 -0.000414513297816
98.0 -0.00034085977148
98.5 -0.00027683397801
99.0 -0.00029455842586
99.5 -0.000376183246821
100.0 -0.000370556812086
100.5 -0.000304197908761
101.0 -0.000277086637837
101.5 -0.000189213066875
102.0 -0.000206873413354
102.5 -0.000305719968644
103.0 -0.000376095945747
103.5 -0.000523358485061
104.0 -0.0005768753322
104.5 -0.000459833464376
105.0 -0.000290087596206
105.5 -0.000482247693363
106.0 -0.000669910103078
106.5 -0.000802996505563
107.0 -0.000894079331708
107.5 -0.0011438205488
108.0 -0.00131107469698
108.5 -0.00122536479702
109.0 -0.00120230173852
109.5 -0.00116748644717
110.0 -0.00150093135897
110.5 -0.0016999283691
111.0 -0.00189326986693
111.5 -0.00216090854583
112.0 -0.00212527319273
112.5 -0.00236691086901
113.0 -0.00262845609545
113.5 -0.00274553312933
114.0 -0.00235083658197
114.5 -0.00275670893707
115.0 -0.00292284549299
115.5 -0.00292672836332
116.0 -0.00285709754188
116.5 -0.00305746648021
117.0 -0.00241695128307
117.5 -0.00371940680189
118.0 -0.0013244002329
118.5 0.000252877575861
119.0 0.000780374578738
119.5 0.0084748652305
120.0 0.0100267875419
120.5 0.00748439217128
121.0 0.00179215015257
121.5 -0.0014925417909
122.0 -0.00104494671156
122.5 -0.0033909748
123.0 -0.00220074973539
123.5 -0.00223510940242
124.0 -0.00249776953386
124.5 -0.00226502204688
125.0 -0.00186323844871
125.5 -0.00257687918526
126.0 -0.00257188202886
126.5 -0.00241619117193
127.0 -0.00215554272732
127.5 -0.00193096382459
128.0 -0.00176268076375
128.5 -0.00168452229637
129.0 -0.00131342012659
129.5 -0.00103274045762
130.0 -0.00103796483065
130.5 -0.00112095438433
131.0 -0.00100272021566
131.5 -0.000420351023372
132.0 -0.000653927689577
132.5 -0.000684629162897
133.0 -0.000448120411043
133.5 -0.000379041954972
134.0 -0.000324522694768
134.5 -0.000271309999953
135.0 -0.000206509536653
135.5 -6.66735276269e-05
136.0 -0.000176627746711
136.5 9.19507680557e-05
137.0 9.35231193786e-05
137.5 0.000186183096872
138.0 0.000609121347448
138.5 0.000546892716798
139.0 0.000278594381886
139.5 0.000434419538653
140.0 0.000518815194351
140.5 0.000507093522543
141.0 0.000639944815326
141.5 0.000536282421944
142.0 0.000967188682408
142.5 0.000899555661961
143.0 0.000690900880878
143.5 0.000848461258526
144.0 0.00112725001356
144.5 0.000972404068206
145.0 0.00103626546923
145.5 0.000775589619042
146.0 0.00110670622567
146.5 0.0013081321983
147.0 0.00119528063341
147.5 0.00110030944779
148.0 0.00118488554667
148.5 0.00134223694322
149.0 0.00138556788322
149.5 0.00139621224269
150.0 0.00133159981053
150.5 0.00146752704346
151.0 0.00145143851448
151.5 0.00165591016071
152.0 0.00164123946194
152.5 0.00172079179329
153.0 0.00183300869735
153.5 0.00186611019684
154.0 0.00189203079801
154.5 0.00185576113325
155.0 0.00179569557287
155.5 0.00168337190574
156.0 0.0019015349354
156.5 0.00207054768094
157.0 0.00229798604698
157.5 0.00231729170271
158.0 0.00220777970016
158.5 0.00232438689925
159.0 0.00252878819785
159.5 0.00260508520764
160.0 0.00262564281385
160.5 0.00258372069533
161.0 0.00263551072698
161.5 0.00270255322362
162.0 0.0026487639167
162.5 0.00284761735932
163.0 0.00310932785648
163.5 0.00309904462651
164.0 0.00300171469006
164.5 0.0032227920475
165.0 0.00343295007359
165.5 0.00360903492005
166.0 0.00363663020301
166.5 0.00372593865856
167.0 0.00380074361487
167.5 0.003932093972
168.0 0.00411797610967
168.5 0.00409026949497
169.0 0.00392272068226
169.5 0.00424870636079
170.0 0.00446773425905
170.5 0.00459560169277
171.0 0.00488815403141
171.5 0.00522248224227
172.0 0.00549549584576
172.5 0.00534099889205
173.0 0.00546167593436
173.5 0.00587072759069
174.0 0.00614000575891
174.5 0.00612653419748
175.0 0.00618439860703
175.5 0.00600251507853
176.0 0.00515719062835
176.5 0.0059415306761
177.0 0.00673927869389
177.5 0.00730472188229
178.0 0.00527957765847
178.5 0.00344324039699
179.0 -0.00092042673036
179.5 -0.0013216879715
180.0 -0.000612066853236
180.5 -0.00352738029797
181.0 -0.00294879122811
181.5 -0.000320712604776
182.0 0.00083079367819
182.5 0.00150126122189
183.0 0.00204666805374
183.5 0.00179550199718
184.0 0.00165142116626
184.5 0.00223929987683
185.0 0.00206388237234
185.5 0.00180868830955
186.0 0.00181967522272
186.5 0.00169827505411
187.0 0.00150285916104
187.5 0.00152114343533
188.0 0.001266452816
188.5 0.000905570195613
189.0 0.000616269327523
189.5 0.000495674236362
190.0 0.000171420876995
190.5 -0.00030422627627
191.0 -0.000600362256066
191.5 -0.000990140575951
192.0 -0.00146685073587
192.5 -0.00183928709332
193.0 -0.00249669737768
193.5 -0.00304304704261
194.0 -0.00364965169675
194.5 -0.00445860640562
195.0 -0.00581663386069
195.5 -0.00755285380018
196.0 -0.00899315451178
196.5 -0.0105966411312
197.0 -0.0127403920802
197.5 -0.0144535966914
198.0 -0.0205468033919
198.5 -0.0274838008161
199.0 -0.0434523353144
199.5 -0.0663836913679
