0.0 0.00390076337864
0.5 0.0275187574964
1.0 0.0307103349903
1.5 0.025146059649
2.0 0.0217883851996
2.5 0.0190213563432
3.0 0.0174707429778
3.5 0.0161165911891
4.0 0.0149749173656
4.5 0.0139940538131
5.0 0.0130180088225
5.5 0.0123202599346
6.0 0.0116308654729
6.5 0.0110168200113
7.0 0.0104992024992
7.5 0.00990009443004
8.0 0.00932877896021
8.5 0.00892023903042
9.0 0.00850157344024
9.5 0.00806924399401
10.0 0.0076284992921
10.5 0.00721572821658
11.0 0.00678736490216
11.5 0.00636371327559
12.0 0.00595467581859
12.5 0.00555158405559
13.0 0.00513337747567
13.5 0.00465836722785
14.0 0.00424528049644
14.5 0.00382061847645
15.0 0.00339846915303
15.5 0.00293216319546
16.0 0.00247277131301
16.5 0.00202676856317
17.0 0.00155106121369
17.5 0.00104269805877
18.0 0.000544327503842
18.5 1.3599953304e-05
19.0 -0.000511624401016
19.5 -0.00106240581648
20.0 -0.00162941265029
20.5 -0.00221533150347
21.0 -0.00279476990921
21.5 -0.00340268367492
22.0 -0.00403807511123
22.5 -0.00468636744871
23.0 -0.00535931256761
23.5 -0.00604163886744
24.0 -0.00674514207306
24.5 -0.00749089701239
25.0 -0.00822175676749
25.5 -0.00897473041122
26.0 -0.00975311458165
26.5 -0.0105483827927
27.0 -0.0113730748488
27.5 -0.0121837119153
28.0 -0.0130233620878
28.5 -0.0138979510585
29.0 -0.0147845665458
29.5 -0.0156961333856
30.0 -0.0165811147653
30.5 -0.017496284473
31.0 -0.0184349982009
31.5 -0.0193587996659
32.0 -0.0202992792049
32.5 -0.0212554157515
33.0 -0.0222154365572
33.5 -0.023157375625
34.0 -0.0241307971712
34.5 -0.0250850130871
35.0 -0.0260273895278
35.5 -0.0269720543324
36.0 -0.0279258472979
36.5 -0.0288538964259
37.0 -0.0297603970086
37.5 -0.0306554359719
38.0 -0.0315234146568
38.5 -0.0323572473801
39.0 -0.0331919643973
39.5 -0.0340166484272
40.0 -0.0347704011469
40.5 -0.0354883839447
41.0 -0.0361734489798
41.5 -0.0368346125823
42.0 -0.0374288821878
42.5 -0.0379756553738
43.0 -0.0384937816604
43.5 -0.0389529220502
44.0 -0.0393725385132
44.5 -0.0397429445387
45.0 -0.0400513190426
45.5 -0.0403247060291
46.0 -0.0405254528532
46.5 -0.0406725875111
47.0 -0.0407722154703
47.5 -0.0408034277183
48.0 -0.0408081679296
48.5 -0.0407534578904
49.0 -0.0406303313754
49.5 -0.0404704463581
50.0 -0.0402431037769
50.5 -0.0400000001888
51.0 -0.039678451761
51.5 -0.0393430087648
52.0 -0.0389588102287
52.5 -0.0385141839997
53.0 -0.0380596183761
53.5 -0.0375632147177
54.0 -0.0370341254125
54.5 -0.0364801842737
55.0 -0.0358683503167
55.5 -0.0352693013018
56.0 -0.034621610244
56.5 -0.033983505092
57.0 -0.0333110797218
57.5 -0.0326109685322
58.0 -0.0319237779311
58.5 -0.0312343603511
59.0 -0.0305117049923
59.5 -0.0297789954721
60.0 -0.0290381386892
60.5 -0.0282848130581
61.0 -0.027526599378
61.5 -0.0267779850209
62.0 -0.0260534789034
62.5 -0.0253046423488
63.0 -0.024585424004
63.5 -0.0238512776194
64.0 -0.0231064964205
64.5 -0.0223876843076
65.0 -0.0216681612394
65.5 -0.020960080613
66.0 -0.0202521815971
66.5 -0.0195346448833
67.0 -0.0188731547732
67.5 -0.0182031187081
68.0 -0.0175431693697
68.5 -0.0169074441575
69.0 -0.0162947509701
69.5 -0.0156716278741
70.0 -0.0150510547419
70.5 -0.0144570100691
71.0 -0.0138772421788
71.5 -0.0132943822331
72.0 -0.0126927555509
72.5 -0.0121352400156
73.0 -0.0116581612126
73.5 -0.011126672965
74.0 -0.0106285383769
74.5 -0.0101584340925
75.0 -0.00972210372457
75.5 -0.00921333937514
76.0 -0.00874474452983
76.5 -0.00829896415379
77.0 -0.00788474964271
77.5 -0.00750065369128
78.0 -0.00711477507497
78.5 -0.00672716597183
79.0 -0.00634286961024
79.5 -0.00602935150567
80.0 -0.00567684858916
80.5 -0.00536099554144
81.0 -0.00502883660431
81.5 -0.00472579603533
82.0 -0.00441266138559
82.5 -0.00414140639007
83.0 -0.00387987649182
83.5 -0.00357715257012
84.0 -0.00337110504362
84.5 -0.00313124948077
85.0 -0.00289867314574
85.5 -0.00269000980958
86.0 -0.00244199286193
86.5 -0.00228473637204
87.0 -0.00213926645112
87.5 -0.00187856518437
88.0 -0.00168733807876
88.5 -0.00151463040175
89.0 -0.00134637227585
89.5 -0.00120677597898
90.0 -0.00104733654302
90.5 -0.000975758738438
91.0 -0.000891390925062
91.5 -0.000776593056468
92.0 -0.000706951863414
92.5 -0.000593693424609
93.0 -0.000467313252656
93.5 -0.000367237322244
94.0 -0.000244992864776
94.5 -0.0001931662127
95.0 -0.000248502305446
95.5 -0.000118002975256
96.0 -6.96944799046e-05
96.5 1.15293196146e-06
97.0 1.01665172281e-07
97.5 8.71095069499e-05
98.0 0.000187469244437
98.5 0.000149727603105
99.0 9.86331682462e-05
99.5 1.6761528034e-05
100.0 0.000153310991188
100.5 0.000173120373674
101.0 0.000176877844758
101.5 0.000252006969077
102.0 0.000161351372086
102.5 1.05892604694e-05
103.0 -6.25551256093e-05
103.5 -0.000108665643822
104.0 -2.46621386424e-05
104.5 -0.000173380973855
105.0 -0.000304319297435
105.5 -0.000255919793666
106.0 -6.57218991833e-05
106.5 -0.0003455814497
107.0 -0.000551182441761
107.5 -0.000712254846412
108.0 -0.000814141135677
108.5 -0.000905083073846
109.0 -0.000995274892716
109.5 -0.000980909588584
110.0 -0.00104653559944
110.5 -0.001178971175
111.0 -0.00129657414822
111.5 -0.00155816878074
112.0 -0.0019735561655
112.5 -0.00183964587852
113.0 -0.00186878830969
113.5 -0.00230235259977
114.0 -0.00179041195696
114.5 -0.00227342657743
115.0 -0.00241357929471
115.5 -0.00228900287352
116.0 -0.00269665221889
116.5 -0.00201839755896
117.0 -0.00126616101643
117.5 -0.0019968544314
118.0 -0.000628933154402
118.5 0.00219966303693
119.0 0.00558198326948
119.5 0.0105054321159
120.0 0.00750100709692
120.5 0.00399313338774
121.0 0.00106489048777
121.5 -0.000652102476494
122.0 -0.00260767195633
122.5 -0.00290150227293
123.0 -0.00182504342995
123.5 -0.00248046226955
124.0 -0.00184228663453
124.5 -0.00221367281786
125.0 -0.0019559504502
125.5 -0.00234844798837
126.0 -0.00196608489424
126.5 -0.00232471375945
127.0 -0.00210744802528
127.5 -0.00195853637088
128.0 -0.00189972372961
128.5 -0.00177321194031
129.0 -0.00134409633682
129.5 -0.00104451495245
130.0 -0.0011194003674
130.5 -0.000790367586553
131.0 -0.00105911030227
131.5 -0.000800572369201
132.0 -0.000664570744682
132.5 -0.000534453473286
133.0 -0.000427836822766
133.5 -0.000307938381745
134.0 -0.000150286494225
134.5 9.43360410588e-06
135.0 0.000200180309278
135.5 0.00037583248006
136.0 0.000115620354784
136.5 6.51494979174e-05
137.0 0.000239093171118
137.5 0.000225642046676
138.0 0.000279729026705
138.5 0.000347994950616
139.0 0.000606251242164
139.5 0.000683680361107
140.0 0.000856641954464
140.5 0.000590956069555
141.0 0.000677351441535
141.5 0.000880832484789
142.0 0.00094545031865
142.5 0.000883579306082
143.0 0.000951507796817
143.5 0.00101024658606
144.0 0.000992397189361
144.5 0.00106775508534
145.0 0.00129585518616
145.5 0.00125152278575
146.0 0.0011540750261
146.5 0.00131592379963
147.0 0.00126295950843
147.5 0.00138478303257
148.0 0.00149313055998
148.5 0.00138488522633
149.0 0.00129813691527
149.5 0.00154376952891
150.0 0.00143947614164
150.5 0.0016585616001
151.0 0.00159713019964
151.5 0.00149888219065
152.0 0.00168277708248
152.5 0.00185589253429
153.0 0.00190010665405
153.5 0.00184198981392
154.0 0.00185052523694
154.5 0.00198461658397
155.0 0.00186338114181
155.5 0.00204566609145
156.0 0.00187649206124
156.5 0.00203646762773
157.0 0.00216069681499
157.5 0.00205038278321
158.0 0.00186987349849
158.5 0.00202402910274
159.0 0.00233110602668
159.5 0.00240908012903
160.0 0.00231415592557
160.5 0.00250797483853
161.0 0.00272591641482
161.5 0.00285788602927
162.0 0.00287865038324
162.5 0.00276520028289
163.0 0.00281107169407
163.5 0.00297915425106
164.0 0.00307780271019
164.5 0.00318228028835
165.0 0.00334768453171
165.5 0.00346950714055
166.0 0.00346100016171
166.5 0.0033203281013
167.0 0.00335091283598
167.5 0.00358590396769
168.0 0.00387590120973
168.5 0.00416229362893
169.0 0.00422854987877
169.5 0.00434631507444
170.0 0.00451020793625
170.5 0.00457483380718
171.0 0.00480870732925
171.5 0.0051042246844
172.0 0.0054106465027
172.5 0.00531952382624
173.0 0.00542379645923
173.5 0.00585871547007
174.0 0.00599823288194
174.5 0.00593447025115
175.0 0.00588720162285
175.5 0.0043798357258
176.0 0.00503863951435
176.5 0.00564572785581
177.0 0.00622122370378
177.5 0.00792647639283
178.0 0.00469201794573
178.5 0.00459452780628
179.0 0.000886940369384
179.5 -0.00327632262689
180.0 -0.00299457689104
180.5 -0.00319008860561
181.0 -0.000781524986806
181.5 0.00161553161452
182.0 0.0011029805821
182.5 0.00295216957626
183.0 0.00235117113532
183.5 0.00243533053863
184.0 0.00216070434584
184.5 0.00197659990167
185.0 0.00188315291956
185.5 0.00237361008952
186.0 0.00222357310079
186.5 0.00211567317814
187.0 0.00202524415984
187.5 0.00171485507913
188.0 0.00134096751732
188.5 0.00119986517726
189.0 0.000791070210084
189.5 0.000477103964812
190.0 0.000210368257811
190.5 -8.1909334753e-05
191.0 -0.000395362175496
191.5 -0.000833625871508
192.0 -0.00121273517864
192.5 -0.00147836434851
193.0 -0.00225793243909
193.5 -0.00279629235929
194.0 -0.00362100074527
194.5 -0.00454077287381
195.0 -0.00530730198949
195.5 -0.0069492895426
196.0 -0.00796178234032
196.5 -0.0104040268543
197.0 -0.0127253772131
197.5 -0.0150040756955
198.0 -0.0204359475111
198.5 -0.0266763525684
199.0 -0.0425541656694
199.5 -0.0646985829483
