0.0 0.00556713070741
0.5 0.0225239754545
1.0 0.0295557801208
1.5 0.0248853878089
2.0 0.0222442248497
2.5 0.0205575432321
3.0 0.0199655754945
3.5 0.0189929343764
4.0 0.0182418862411
4.5 0.0172629192004
5.0 0.0165201428516
5.5 0.0161343353164
6.0 0.0156880553212
6.5 0.0152753013039
7.0 0.0149721929631
7.5 0.0145771769506
8.0 0.0142002196866
8.5 0.0139356901693
9.0 0.0137503767334
9.5 0.0134019857446
10.0 0.0132295366073
10.5 0.0129027082337
11.0 0.0126765928718
11.5 0.0124825073031
12.0 0.0122813654086
12.5 0.0120803931835
13.0 0.0118620245679
13.5 0.0115628073664
14.0 0.0113633538161
14.5 0.0111491803075
15.0 0.0109298129685
15.5 0.0106859318311
16.0 0.0104591139512
16.5 0.0102214979892
17.0 0.00995901154613
17.5 0.00967606920415
18.0 0.00941005703252
18.5 0.00911942155214
19.0 0.00884119207127
19.5 0.00853950382017
20.0 0.0082329383512
20.5 0.0079040221951
21.0 0.00757374975573
21.5 0.00720621053946
22.0 0.00681695050777
22.5 0.0064541009303
23.0 0.00602805214552
23.5 0.00561177034131
24.0 0.00517217392085
24.5 0.00470103042074
25.0 0.00422261557774
25.5 0.00373238946551
26.0 0.00323567282646
26.5 0.00272453012214
27.0 0.00217498569992
27.5 0.00160541827163
28.0 0.00103595942009
28.5 0.000417900807131
29.0 -0.000234891901431
29.5 -0.000894017499229
30.0 -0.00154878954845
30.5 -0.00223769249143
31.0 -0.00294925619739
31.5 -0.00367184134934
32.0 -0.00442394057804
32.5 -0.00519976949522
33.0 -0.00599361670415
33.5 -0.00678143039373
34.0 -0.00763141319297
34.5 -0.00848174963643
35.0 -0.00934464221026
35.5 -0.0102267890273
36.0 -0.0111242071509
36.5 -0.0120366284499
37.0 -0.0129707370966
37.5 -0.0139207009325
38.0 -0.0148796605337
38.5 -0.0158472554024
39.0 -0.0168419287778
39.5 -0.0178367017284
40.0 -0.0188541904074
40.5 -0.0198509110659
41.0 -0.0208567485795
41.5 -0.021892696929
42.0 -0.0229222977191
42.5 -0.0239448874426
43.0 -0.0249774777123
43.5 -0.026019442162
44.0 -0.0270693569475
44.5 -0.0280907290313
45.0 -0.0291218446097
45.5 -0.0301088790424
46.0 -0.0311090330366
46.5 -0.0321253517868
47.0 -0.0331139833121
47.5 -0.0340729978873
48.0 -0.0350424260977
48.5 -0.0359902529484
49.0 -0.036925808094
49.5 -0.0378247216336
50.0 -0.0386756653453
50.5 -0.0395294651066
51.0 -0.0403698823656
51.5 -0.04114978413
52.0 -0.041914424291
52.5 -0.0426255646516
53.0 -0.0433282296212
53.5 -0.0439758249411
54.0 -0.0445746519037
54.5 -0.0451534453075
55.0 -0.0456381212762
55.5 -0.046062590056
56.0 -0.0465094839031
56.5 -0.0468646070458
57.0 -0.0471959574843
57.5 -0.0474677260466
58.0 -0.0476777926008
58.5 -0.0478375601906
59.0 -0.0479275326767
59.5 -0.0479390114992
60.0 -0.047926402326
60.5 -0.0478277812449
61.0 -0.0476806063148
61.5 -0.0474826185006
62.0 -0.0472326864918
62.5 -0.0469053525706
63.0 -0.0465677686643
63.5 -0.0461473633205
64.0 -0.0456595108221
64.5 -0.0451480417964
65.0 -0.0445406324631
65.5 -0.0439251046416
66.0 -0.0432471660216
66.5 -0.0425338881169
67.0 -0.041778911189
67.5 -0.0410224421722
68.0 -0.040193143431
68.5 -0.0393505279647
69.0 -0.038490709006
69.5 -0.0376079503291
70.0 -0.0367073134374
70.5 -0.0357392834934
71.0 -0.0348000788318
71.5 -0.0338364248841
72.0 -0.0328922786473
72.5 -0.0319211734181
73.0 -0.0309568085907
73.5 -0.0299886208857
74.0 -0.0290424778254
74.5 -0.0281024258839
75.0 -0.0271759989851
75.5 -0.0262658703615
76.0 -0.0252718312494
76.5 -0.0243362084926
77.0 -0.0234449755249
77.5 -0.0225771611866
78.0 -0.0217005872176
78.5 -0.0208656136202
79.0 -0.020040279699
79.5 -0.0192285352056
80.0 -0.0184585844837
80.5 -0.0176412531583
81.0 -0.0168840244823
81.5 -0.0162046572067
82.0 -0.0154507428956
82.5 -0.01473323549
83.0 -0.0140374579973
83.5 -0.0133921101015
84.0 -0.0128101069717
84.5 -0.0122327387089
85.0 -0.0116902644561
85.5 -0.0110899134363
86.0 -0.010477587594
86.5 -0.00999899236995
87.0 -0.00956793700149
87.5 -0.00903296059715
88.0 -0.00856858753995
88.5 -0.00814052736767
89.0 -0.0076696033127
89.5 -0.00730199519446
90.0 -0.00692294255625
90.5 -0.0065695491775
91.0 -0.00621137360199
91.5 -0.00582578977077
92.0 -0.00551240000767
92.5 -0.00523132662251
93.0 -0.00493582697739
93.5 -0.00461254836313
94.0 -0.00428464902137
94.5 -0.00405942900146
95.0 -0.00386926537768
95.5 -0.00361419344773
96.0 -0.00338967994535
96.5 -0.00315619478362
97.0 -0.00305627194601
97.5 -0.00295665692248
98.0 -0.00278061796058
98.5 -0.00257821827539
99.0 -0.00237400605069
99.5 -0.00220304017737
100.0 -0.00199516920402
100.5 -0.00197463242186
101.0 -0.00181123457452
101.5 -0.00194529913514
102.0 -0.00191369098764
102.5 -0.00181155494914
103.0 -0.00166536458273
103.5 -0.00165051493635
104.0 -0.00173970292749
104.5 -0.00168422508214
105.0 -0.00165228011145
105.5 -0.00128232326265
106.0 -0.00122268328004
106.5 -0.00141997235001
107.0 -0.00150438925375
107.5 -0.00156613848326
108.0 -0.00165845871338
108.5 -0.00180104280009
109.0 -0.00191978776686
109.5 -0.00177556853603
110.0 -0.00188881099274
110.5 -0.00207196835857
111.0 -0.0021526617091
111.5 -0.00212879700504
112.0 -0.00259994507208
112.5 -0.00294432554174
113.0 -0.0029376762114
113.5 -0.00318581482159
114.0 -0.00298339244037
114.5 -0.00266362864438
115.0 -0.00305568286973
115.5 -0.00266543378179
116.0 -0.00270093293527
116.5 -0.00254039791506
117.0 -0.00301387455549
117.5 -0.00263333745724
118.0 -6.84311076213e-05
118.5 0.00121890948722
119.0 0.00494538665461
119.5 0.010581879281
120.0 0.0075951089178
120.5 0.00444122295191
121.0 0.00138437001948
121.5 -0.00105415620418
122.0 -0.00347016078064
122.5 -0.00455934525736
123.0 -0.00292751576271
123.5 -0.0024166907219
124.0 -0.00370613318132
124.5 -0.00313096780674
125.0 -0.00302350684868
125.5 -0.00324172889653
126.0 -0.00329210415617
126.5 -0.00321404871156
127.0 -0.00295126956026
127.5 -0.00257005262357
128.0 -0.00244725866942
128.5 -0.00259131897212
129.0 -0.00213719214276
129.5 -0.00214016031922
130.0 -0.00175060592175
130.5 -0.00133168253427
131.0 -0.00192850724178
131.5 -0.00149547709074
132.0 -0.00121953906595
132.5 -0.00120941898234
133.0 -0.00106652209198
133.5 -0.000924351967683
134.0 -0.000686996362106
134.5 -0.000418733257696
135.0 -0.000210199554537
135.5 -0.000724776787727
136.0 -0.000236260991073
136.5 -0.000277954829993
137.0 6.71822953109e-05
137.5 8.42847976479e-05
138.0 0.000164821083647
138.5 0.000109058287265
139.0 0.000167008960208
139.5 0.000562550716342
140.0 0.00047041991067
140.5 0.000525264275726
141.0 0.000791701091767
141.5 0.000573256882834
142.0 0.000484504081246
142.5 0.000658734162691
143.0 0.000869243794005
143.5 0.000871513202956
144.0 0.000887334308375
144.5 0.000983141997942
145.0 0.00095748272623
145.5 0.00102999119896
146.0 0.00105246925724
146.5 0.00101853893858
147.0 0.00106499598857
147.5 0.00117139582944
148.0 0.00124546466557
148.5 0.00128188881059
149.0 0.00133260264194
149.5 0.00154765965016
150.0 0.00172632234132
150.5 0.00155480843602
151.0 0.00166097753811
151.5 0.00182602046549
152.0 0.00201531144398
152.5 0.00195174410768
153.0 0.00193297840184
153.5 0.00207101060063
154.0 0.00224689131392
154.5 0.00240348483518
155.0 0.00228740819619
155.5 0.00220369872575
156.0 0.00237478536268
156.5 0.00252106783209
157.0 0.00272329298489
157.5 0.00271993109041
158.0 0.00260823135854
158.5 0.002720098739
159.0 0.00291211074863
159.5 0.00299752574976
160.0 0.00302347914017
160.5 0.00302920934516
161.0 0.00308590245992
161.5 0.00300519768289
162.0 0.00325710004469
162.5 0.0035132566657
163.0 0.00362774791385
163.5 0.00366790536027
164.0 0.00367792648513
164.5 0.00371948814806
165.0 0.00390041181571
165.5 0.0039023796464
166.0 0.00385815739386
166.5 0.00410974492927
167.0 0.00415462607083
167.5 0.0042670603947
168.0 0.00458785142173
168.5 0.00490169326551
169.0 0.00497380142736
169.5 0.00507808371493
170.0 0.00523990932405
170.5 0.0052931823497
171.0 0.00538357642739
171.5 0.00560296802608
172.0 0.00581530476825
172.5 0.00620962787995
173.0 0.00647658050055
173.5 0.00642926611891
174.0 0.00625300215552
174.5 0.00682446601779
175.0 0.00706631637972
175.5 0.00552086833463
176.0 0.00584811270241
176.5 0.00580832675728
177.0 0.00546145347741
177.5 0.00563675150798
178.0 0.00415263836683
178.5 0.0029816251642
179.0 -0.000931025253792
179.5 -0.00567044646584
180.0 -0.0058346535841
180.5 -0.00422808141636
181.0 0.000194538307795
181.5 0.00254265551546
182.0 0.00366264060362
182.5 0.0047429472538
183.0 0.00384143947329
183.5 0.00401378929071
184.0 0.00376130638828
184.5 0.00348382941847
185.0 0.00326246149426
185.5 0.00294359901258
186.0 0.00281454677275
186.5 0.00320537953783
187.0 0.00308799363506
187.5 0.00272934045626
188.0 0.00232051122948
188.5 0.00207576244911
189.0 0.00183985533489
189.5 0.00172440314446
190.0 0.00141198230409
190.5 0.000994040108665
191.0 0.000791239481558
191.5 0.000467337809695
192.0 0.000171627629285
192.5 -0.000149600685489
193.0 -0.00066516811259
193.5 -0.000943162072133
194.0 -0.00161760146329
194.5 -0.00234215712409
195.0 -0.0030182393175
195.5 -0.00431324741938
196.0 -0.00527418889682
196.5 -0.00645204674095
197.0 -0.00794550254817
197.5 -0.00917607651913
198.0 -0.0130372132957
198.5 -0.0180720107091
199.0 -0.0278053388343
199.5 -0.0452537405028
