0.0 0.00484058229847
0.5 0.0288757828223
1.0 0.0313056926325
1.5 0.0255602200394
2.0 0.0228757762252
2.5 0.0203656745106
3.0 0.0190108136685
3.5 0.017843621025
4.0 0.0164700754685
4.5 0.0157649461998
5.0 0.0148472894576
5.5 0.0142787526286
6.0 0.0135589936863
6.5 0.0129725522069
7.0 0.0125984134692
7.5 0.0121211866394
8.0 0.011719329155
8.5 0.0113533869789
9.0 0.0108121974499
9.5 0.0105387604376
10.0 0.0102189304231
10.5 0.00994145673326
11.0 0.00953685333624
11.5 0.00920364715042
12.0 0.00888611320022
12.5 0.00853039490027
13.0 0.0082083462781
13.5 0.00788056286049
14.0 0.00755438012702
14.5 0.00719334115104
15.0 0.00684208829928
15.5 0.00648474499304
16.0 0.00607861498858
16.5 0.00569684837479
17.0 0.0053249498451
17.5 0.00492726558628
18.0 0.00450321239136
18.5 0.00407329380771
19.0 0.00364551274938
19.5 0.00316438638084
20.0 0.0027158983895
20.5 0.00223649915491
21.0 0.00174563738826
21.5 0.00123333006865
22.0 0.000702921871036
22.5 0.000186279197654
23.0 -0.000388379736755
23.5 -0.000967194653608
24.0 -0.00157105604241
24.5 -0.00218280034049
25.0 -0.00279917796625
25.5 -0.00343412419142
26.0 -0.0040772506104
26.5 -0.00474289970669
27.0 -0.00544149010714
27.5 -0.00612602116279
28.0 -0.00684435438918
28.5 -0.00759456168955
29.0 -0.00832633066459
29.5 -0.00909694319438
30.0 -0.00984724673951
30.5 -0.0106176169767
31.0 -0.0114157544677
31.5 -0.0122068264789
32.0 -0.0129984353903
32.5 -0.0138039722183
33.0 -0.014616864599
33.5 -0.0154299477169
34.0 -0.0162251546316
34.5 -0.0170477281174
35.0 -0.0178639011106
35.5 -0.0186634322054
36.0 -0.0194748848764
36.5 -0.0202726084748
37.0 -0.0210538824306
37.5 -0.0218403013438
38.0 -0.0226199147078
38.5 -0.0233635586917
39.0 -0.0240956993546
39.5 -0.0248275387469
40.0 -0.0255267804966
40.5 -0.0262163194001
41.0 -0.0268844654341
41.5 -0.0275459887336
42.0 -0.0281807443556
42.5 -0.0287950616289
43.0 -0.029395780296
43.5 -0.0299688889316
44.0 -0.030516361826
44.5 -0.0310285480146
45.0 -0.0315536126691
45.5 -0.0320328626477
46.0 -0.0324661612467
46.5 -0.0328995976603
47.0 -0.0332924021144
47.5 -0.0336497796325
48.0 -0.0340116203877
48.5 -0.0343240021722
49.0 -0.0346247209152
49.5 -0.0349114235711
50.0 -0.0351403481239
50.5 -0.0353707235867
51.0 -0.0355230830994
51.5 -0.0356988137883
52.0 -0.0358437920713
52.5 -0.0359385248349
53.0 -0.0360368066918
53.5 -0.0361027549973
54.0 -0.0361356545307
54.5 -0.0361498014894
55.0 -0.0360851658352
55.5 -0.0360359041392
56.0 -0.0359858358138
56.5 -0.0358661919964
57.0 -0.035742398108
57.5 -0.0355815341472
58.0 -0.0354195850783
58.5 -0.0352208720314
59.0 -0.0349669630049
59.5 -0.0347326631478
60.0 -0.0344495558662
60.5 -0.0341545429061
61.0 -0.0338122300815
61.5 -0.0334651054883
62.0 -0.033103803733
62.5 -0.0326980742817
63.0 -0.032305874507
63.5 -0.031887256771
64.0 -0.0314421274125
64.5 -0.0310076695275
65.0 -0.0305355682855
65.5 -0.0300270997721
66.0 -0.0295045631041
66.5 -0.0289960527241
67.0 -0.0284236881485
67.5 -0.0278935555061
68.0 -0.0273397229801
68.5 -0.0267870571156
69.0 -0.0262432673272
69.5 -0.0256315438338
70.0 -0.0250593913195
70.5 -0.0244710597667
71.0 -0.0238726673286
71.5 -0.0232708181008
72.0 -0.0226640614396
72.5 -0.0220508363938
73.0 -0.0214577254443
73.5 -0.0209088200523
74.0 -0.0203321626653
74.5 -0.0197648213746
75.0 -0.019116148969
75.5 -0.0185728538697
76.0 -0.0180068467802
76.5 -0.0174139609567
77.0 -0.0168536356412
77.5 -0.0163031757488
78.0 -0.0157894677581
78.5 -0.0152383583653
79.0 -0.0147355795415
79.5 -0.0141644657637
80.0 -0.0136873913378
80.5 -0.0131998911486
81.0 -0.0126892264982
81.5 -0.0122423286828
82.0 -0.0117572915231
82.5 -0.0112675850567
83.0 -0.0108546456585
83.5 -0.0104063270731
84.0 -0.00999173601405
84.5 -0.00964678529635
85.0 -0.00928128035534
85.5 -0.00884226373818
86.0 -0.00844704537905
86.5 -0.00814484869559
87.0 -0.00778542331308
87.5 -0.00740279087838
88.0 -0.00708075700557
88.5 -0.00673869756337
89.0 -0.0064229927246
89.5 -0.00621627626393
90.0 -0.00596928571291
90.5 -0.00563050346814
91.0 -0.00541793856566
91.5 -0.00520293137711
92.0 -0.00497546899488
92.5 -0.00472439966804
93.0 -0.00454988063848
93.5 -0.00441659346742
94.0 -0.00409720590465
94.5 -0.0039100405908
95.0 -0.00367875212585
95.5 -0.00359537850921
96.0 -0.00354971215135
96.5 -0.00342753152361
97.0 -0.00323983781515
97.5 -0.00308909262998
98.0 -0.00299599158447
98.5 -0.00292050967433
99.0 -0.00284414931023
99.5 -0.0026894593232
100.0 -0.00240650082566
100.5 -0.00246622051603
101.0 -0.00249408315301
101.5 -0.00254085764489
102.0 -0.00252113642257
102.5 -0.00256629492116
103.0 -0.0024351224787
103.5 -0.00232184795565
104.0 -0.00249344070997
104.5 -0.00251815598411
105.0 -0.00233215642135
105.5 -0.00222719651509
106.0 -0.00232178987493
106.5 -0.00251557848334
107.0 -0.00253402893689
107.5 -0.00238596869104
108.0 -0.00244585093194
108.5 -0.0027470914882
109.0 -0.00289132431149
109.5 -0.00304919834857
110.0 -0.00288695087115
110.5 -0.00266729505098
111.0 -0.00322992811964
111.5 -0.00357888620344
112.0 -0.00377491075412
112.5 -0.00355795822996
113.0 -0.00332714501594
113.5 -0.00378046429672
114.0 -0.00374326037245
114.5 -0.0038765556683
115.0 -0.00402299724722
115.5 -0.00359993496406
116.0 -0.00378323829017
116.5 -0.00409125034182
117.0 -0.00453158962904
117.5 -0.00498294301694
118.0 -0.00453639966581
118.5 -0.00186889717303
119.0 0.000871217551946
119.5 0.00877512828512
120.0 0.00978349964971
120.5 0.00764963979339
121.0 0.00479385806095
121.5 0.000382238885408
122.0 -0.00247372395083
122.5 -0.00422923114149
123.0 -0.00335598042373
123.5 -0.00284012981481
124.0 -0.0030787778495
124.5 -0.00315674320932
125.0 -0.00315776794838
125.5 -0.00305422338054
126.0 -0.00334002079981
126.5 -0.00309205917718
127.0 -0.00296429818505
127.5 -0.00280298127562
128.0 -0.00257706983271
128.5 -0.00266652828653
129.0 -0.00275150200025
129.5 -0.00249983684955
130.0 -0.00174211643757
130.5 -0.00148582215046
131.0 -0.00213861172714
131.5 -0.00183381185524
132.0 -0.00143086053861
132.5 -0.00123520891087
133.0 -0.00124956323701
133.5 -0.00112191497962
134.0 -0.000864624186015
134.5 -0.000873032473493
135.0 -0.000721999194532
135.5 -0.00056018597261
136.0 -0.000782466086171
136.5 -0.000653710441373
137.0 -0.000409251762591
137.5 -0.000364775352402
138.0 -0.000178461948369
138.5 -0.00017000548182
139.0 -0.000134555360248
139.5 -3.18029516997e-05
140.0 8.57625700341e-05
140.5 0.000103877833794
141.0 0.000257156753172
141.5 0.000237438326554
142.0 0.000388790728032
142.5 0.000331559742316
143.0 0.000478325293805
143.5 0.000769041808656
144.0 0.000824610370751
144.5 0.000552602289417
145.0 0.000464536858802
145.5 0.000594245154097
146.0 0.000809183111473
146.5 0.000929616915051
147.0 0.00103887147939
147.5 0.00113063816396
148.0 0.00125975995643
148.5 0.00141592107764
149.0 0.00150568411613
149.5 0.00160369432611
150.0 0.00144145199147
150.5 0.00155761254239
151.0 0.00179714248651
151.5 0.00173084998139
152.0 0.00171398231031
152.5 0.00167949573231
153.0 0.00173868139412
153.5 0.00190739969374
154.0 0.00201089890091
154.5 0.00192121093124
155.0 0.00201540649731
155.5 0.0021253451099
156.0 0.0022804215825
156.5 0.00237455661815
157.0 0.00255071242671
157.5 0.00254522268352
158.0 0.00240346807768
158.5 0.00249658568251
159.0 0.002711589643
159.5 0.0028020956569
160.0 0.00282073084842
160.5 0.00281185300532
161.0 0.00284677116206
161.5 0.00273337657796
162.0 0.0028953569686
162.5 0.00318172773828
163.0 0.00339726887324
163.5 0.00353868229843
164.0 0.00358449646946
164.5 0.00358865698617
165.0 0.00373220927702
165.5 0.00376840284967
166.0 0.0037383397319
166.5 0.003975403582
167.0 0.00396932966726
167.5 0.00427380972729
168.0 0.00434758669966
168.5 0.0044127219595
169.0 0.00475337979837
169.5 0.00499850524837
170.0 0.00518741461097
170.5 0.00476618364561
171.0 0.00531702102293
171.5 0.00568898118794
172.0 0.0058028159698
172.5 0.00618498807499
173.0 0.00659157733006
173.5 0.00697735588943
174.0 0.00711883682656
174.5 0.00675620337054
175.0 0.00729363124175
175.5 0.0070419868062
176.0 0.00729961680608
176.5 0.00741914235739
177.0 0.00700835950609
177.5 0.00596298621912
178.0 0.00508424028544
178.5 0.00368298443675
179.0 -0.000525685182595
179.5 -0.00481302341967
180.0 -0.00610316502376
180.5 -0.00605241586904
181.0 -0.00204142058215
181.5 1.12059903898e-05
182.0 -5.38041456224e-05
182.5 0.00242497227029
183.0 0.00257315915852
183.5 0.003008854404
184.0 0.00290910093811
184.5 0.0027406576782
185.0 0.00260369494936
185.5 0.00300632195729
186.0 0.00280630472328
186.5 0.00265448926551
187.0 0.00243518189495
187.5 0.002154517451
188.0 0.00177104265596
188.5 0.00177637210884
189.0 0.00156823347126
189.5 0.00122958915129
190.0 0.000995964378944
190.5 0.000647426870373
191.0 0.000394997244442
191.5 1.90459082887e-05
192.0 -0.000236335059171
192.5 -0.000548379685412
193.0 -0.00118388906525
193.5 -0.00151968676802
194.0 -0.00222709698642
194.5 -0.00296342268757
195.0 -0.00365863561102
195.5 -0.0049844144596
196.0 -0.00592613055601
196.5 -0.00658933516654
197.0 -0.00891659635073
197.5 -0.0102915869843
198.0 -0.0130271293918
198.5 -0.0180495298193
199.0 -0.0286952950335
199.5 -0.045443297559
