0.0 0.00441228489158
0.5 0.0286180536657
1.0 0.0302359316095
1.5 0.0241673872844
2.0 0.0214329278869
2.5 0.018855765335
3.0 0.0171806757724
3.5 0.0160499373293
4.0 0.0151064699523
4.5 0.0142623391571
5.0 0.013221503408
5.5 0.0126724310912
6.0 0.0119196722246
6.5 0.0111885179021
7.0 0.0107466735173
7.5 0.0103044392683
8.0 0.00988255771657
8.5 0.00938368029095
9.0 0.00902218188772
9.5 0.00863404260937
10.0 0.00816472923359
10.5 0.00781420281531
11.0 0.00734637870035
11.5 0.00695634415034
12.0 0.00657478661412
12.5 0.00620212727785
13.0 0.00583176586404
13.5 0.00544742301448
14.0 0.00498090819657
14.5 0.00460219162998
15.0 0.00420809871452
15.5 0.00375599137536
16.0 0.00336813014191
16.5 0.00292968056823
17.0 0.00246591771609
17.5 0.00199079938962
18.0 0.00151564883622
18.5 0.000999404460371
19.0 0.00050825811311
19.5 -4.04978391382e-05
20.0 -0.00056414698898
20.5 -0.00111529460172
21.0 -0.00167381410179
21.5 -0.00225029437017
22.0 -0.00284379793508
22.5 -0.0034391505102
23.0 -0.00407072445375
23.5 -0.00473159524759
24.0 -0.0054089967792
24.5 -0.00608851394787
25.0 -0.0067642322365
25.5 -0.00747210442509
26.0 -0.00819826138489
26.5 -0.00893087669142
27.0 -0.00968159543842
27.5 -0.0104357319967
28.0 -0.0112141144084
28.5 -0.0120146223605
29.0 -0.0128256653205
29.5 -0.0136535387473
30.0 -0.0144736221361
30.5 -0.0152845805532
31.0 -0.0161133847087
31.5 -0.0169448853224
32.0 -0.017779664649
32.5 -0.0185938343391
33.0 -0.019422641004
33.5 -0.0202667558266
34.0 -0.0210814046866
34.5 -0.0218881921446
35.0 -0.0226980097858
35.5 -0.0235055196672
36.0 -0.0242662876868
36.5 -0.0250173265612
37.0 -0.0257709652895
37.5 -0.0265011102734
38.0 -0.0271901291036
38.5 -0.0278611170541
39.0 -0.028490995304
39.5 -0.0291177037782
40.0 -0.0297223143541
40.5 -0.0302814848929
41.0 -0.0308090170959
41.5 -0.0313217711324
42.0 -0.0317771404877
42.5 -0.032195046634
43.0 -0.0326019206781
43.5 -0.0329760625547
44.0 -0.0333209362895
44.5 -0.0335909121664
45.0 -0.0338600516331
45.5 -0.0340792702892
46.0 -0.0342601719881
46.5 -0.0344283816463
47.0 -0.0345362659517
47.5 -0.0346034912911
48.0 -0.0346812132771
48.5 -0.034702179424
49.0 -0.0346817843083
49.5 -0.0346462618765
50.0 -0.0345522444116
50.5 -0.034470770976
51.0 -0.0343310600507
51.5 -0.0341893462486
52.0 -0.0340024482402
52.5 -0.0337795410194
53.0 -0.0335744392376
53.5 -0.0333396693007
54.0 -0.0330677454132
54.5 -0.0327524906795
55.0 -0.0324338437148
55.5 -0.0321083652653
56.0 -0.0317636715597
56.5 -0.0313877468167
57.0 -0.0310196608565
57.5 -0.0306326845082
58.0 -0.0302273303718
58.5 -0.0297975348164
59.0 -0.0293432201312
59.5 -0.0289323459321
60.0 -0.0284811190289
60.5 -0.0279971321313
61.0 -0.0274961896353
61.5 -0.0270083903802
62.0 -0.0265359553791
62.5 -0.0260533002402
63.0 -0.025551851127
63.5 -0.0250394985018
64.0 -0.0245470017523
64.5 -0.0240529181461
65.0 -0.0235391075003
65.5 -0.0229864642728
66.0 -0.0224591550902
66.5 -0.0219377531523
67.0 -0.0214366951658
67.5 -0.0209045142532
68.0 -0.0203911252272
68.5 -0.0199002520293
69.0 -0.0193875995401
69.5 -0.0188863815285
70.0 -0.0183875088039
70.5 -0.0178830618425
71.0 -0.0173400320938
71.5 -0.0168529269383
72.0 -0.0163831518888
72.5 -0.0158793899265
73.0 -0.015406795348
73.5 -0.0149532673625
74.0 -0.0144832146346
74.5 -0.0140235080298
75.0 -0.0135626031461
75.5 -0.0131358117107
76.0 -0.0126977285237
76.5 -0.0122398484204
77.0 -0.0118153409649
77.5 -0.0113998579396
78.0 -0.0110269586226
78.5 -0.0106030809119
79.0 -0.0102539521028
79.5 -0.00988792449523
80.0 -0.00951285437472
80.5 -0.00915428799716
81.0 -0.00878610009245
81.5 -0.00847684283188
82.0 -0.00812913149132
82.5 -0.00776313019483
83.0 -0.00744386661657
83.5 -0.00715434639488
84.0 -0.00689732815862
84.5 -0.00661771722091
85.0 -0.00635373151102
85.5 -0.0061437982803
86.0 -0.00577590053861
86.5 -0.00552810856501
87.0 -0.00531035303654
87.5 -0.00503677331014
88.0 -0.00485306944092
88.5 -0.00464971333091
89.0 -0.00440858473866
89.5 -0.00428811453561
90.0 -0.00411701394806
90.5 -0.00387727255515
91.0 -0.00372173716388
91.5 -0.00353382245732
92.0 -0.00335956285989
92.5 -0.00320448349726
93.0 -0.00306014790041
93.5 -0.00289213825775
94.0 -0.00271003270628
94.5 -0.00259330687763
95.0 -0.0025915251466
95.5 -0.00244025643389
96.0 -0.00231101695406
96.5 -0.00217819460023
97.0 -0.00208926872656
97.5 -0.0019870603644
98.0 -0.00193661084404
98.5 -0.00197097528453
99.0 -0.00193002537576
99.5 -0.00176454286981
100.0 -0.00169356813956
100.5 -0.00171301805823
101.0 -0.00171762490863
101.5 -0.00173124647172
102.0 -0.00170182827438
102.5 -0.00161325042249
103.0 -0.00144406886903
103.5 -0.00149231125373
104.0 -0.00167046558075
104.5 -0.00158469086077
105.0 -0.00148875715728
105.5 -0.00144800283111
106.0 -0.00162846415741
106.5 -0.00180732235826
107.0 -0.00179276718369
107.5 -0.00191358117122
108.0 -0.00209911777617
108.5 -0.0021596519645
109.0 -0.00225901358289
109.5 -0.00261401877381
110.0 -0.00245541611658
110.5 -0.00250501944085
111.0 -0.00235503648604
111.5 -0.00261233127372
112.0 -0.00313802857411
112.5 -0.00331848143669
113.0 -0.00318773537433
113.5 -0.00347521707997
114.0 -0.00342698558704
114.5 -0.00362452392113
115.0 -0.00376029882217
115.5 -0.00316963084967
116.0 -0.00354535951179
116.5 -0.00386570803103
117.0 -0.00434584977954
117.5 -0.00460395073524
118.0 -0.00349330976854
118.5 -0.001987622195
119.0 0.000584782675432
119.5 0.00834115673464
120.0 0.0101398275618
120.5 0.00737677997378
121.0 0.00310235355232
121.5 -0.000853817034141
122.0 -0.0014615043624
122.5 -0.00447022497457
123.0 -0.00372240649193
123.5 -0.00342958083866
124.0 -0.00348227349714
124.5 -0.00370355392383
125.0 -0.00467260946361
125.5 -0.00348477553177
126.0 -0.00306854878575
126.5 -0.00428229666757
127.0 -0.00381207394591
127.5 -0.00293226267435
128.0 -0.00308516057059
128.5 -0.00350830826742
129.0 -0.00286667135474
129.5 -0.00250390338433
130.0 -0.00200946341472
130.5 -0.00271318214515
131.0 -0.00244010151535
131.5 -0.00196783855827
132.0 -0.00181575479384
132.5 -0.00148261771877
133.0 -0.00155962940897
133.5 -0.00185821349628
134.0 -0.00145471282021
134.5 -0.00119395131914
135.0 -0.00106086992466
135.5 -0.000858637592785
136.0 -0.000690196781051
136.5 -0.000548540363855
137.0 -0.000735763208702
137.5 -0.000889470079361
138.0 -0.000617863204099
138.5 -0.000410386742608
139.0 -0.00034529502091
139.5 -0.000433081119017
140.0 -0.000265389456661
140.5 -0.000407206032108
141.0 -0.000228487557802
141.5 -0.000164788723669
142.0 7.127841765e-05
142.5 1.91293373213e-05
143.0 0.000105579841234
143.5 0.000311669562105
144.0 0.00035215818594
144.5 0.000387582320464
145.0 0.000450542295814
145.5 0.000508748488794
146.0 0.000360842892674
146.5 0.000443285351388
147.0 0.000733541204748
147.5 0.000677945391881
148.0 0.000559460144467
148.5 0.000624521031552
149.0 0.000675982763147
149.5 0.000788638576716
150.0 0.00087134389698
150.5 0.000914424991491
151.0 0.000909541412446
151.5 0.00100290203683
152.0 0.00112313612608
152.5 0.00119884784878
153.0 0.00130030177223
153.5 0.00140165602263
154.0 0.00151063251641
154.5 0.00163043607029
155.0 0.00148530747913
155.5 0.00159846932835
156.0 0.00185844553368
156.5 0.00183247376987
157.0 0.00184534491976
157.5 0.00183137495574
158.0 0.00181841019639
158.5 0.00184247949294
159.0 0.00181099294941
159.5 0.00199243305493
160.0 0.00222208275471
160.5 0.00227780886138
161.0 0.00209053744703
161.5 0.00231215036435
162.0 0.00249603508878
162.5 0.00240937643939
163.0 0.00248839470045
163.5 0.00271206774226
164.0 0.00276012082629
164.5 0.00273727928086
165.0 0.00286136058349
165.5 0.00291775338073
166.0 0.00259729212924
166.5 0.00296891398449
167.0 0.0031857757359
167.5 0.00313463419349
168.0 0.00337453765548
168.5 0.00376219519075
169.0 0.00378861655471
169.5 0.00382219325639
170.0 0.00390727099943
170.5 0.00394731761965
171.0 0.00422570787573
171.5 0.00383744457635
172.0 0.00414973886208
172.5 0.00468196153707
173.0 0.00488895975739
173.5 0.00491365637693
174.0 0.00495435453432
174.5 0.00493267754484
175.0 0.0048609825206
175.5 0.00313579041715
176.0 0.00340247225553
176.5 0.00360857103436
177.0 0.00314744325676
177.5 0.00414805202439
178.0 0.00205646708136
178.5 0.000326466968332
179.0 -0.00265299480112
179.5 -0.00484831563654
180.0 -0.0031587090305
180.5 -0.00267149191409
181.0 2.15741962961e-07
181.5 0.00300045677902
182.0 0.00387458475454
182.5 0.00386915293076
183.0 0.00373667715924
183.5 0.00372510504195
184.0 0.00341176876444
184.5 0.00316146491114
185.0 0.0029981103132
185.5 0.00340383352385
186.0 0.00320323490126
186.5 0.00300301134074
187.0 0.00266496345617
187.5 0.00243499602891
188.0 0.00215646085333
188.5 0.00175839777506
189.0 0.00152240131348
189.5 0.00126347118845
190.0 0.000825684805775
190.5 0.000363509191089
191.0 0.000111340896382
191.5 -0.000367421886054
192.0 -0.000794022242658
192.5 -0.00114724198397
193.0 -0.00187338317433
193.5 -0.00237915486292
194.0 -0.00326847647925
194.5 -0.00422264282008
195.0 -0.00516084212865
195.5 -0.0069342436353
196.0 -0.00840913027869
196.5 -0.0100549784838
197.0 -0.0123150027667
197.5 -0.0145767643452
198.0 -0.019982745855
198.5 -0.0276153201917
199.0 -0.0427930525017
199.5 -0.0681852978385
