0.0 0.00402635337329
0.5 0.026850612565
1.0 0.030992289873
1.5 0.0251591637624
2.0 0.0222895598138
2.5 0.0193415592715
3.0 0.0174665790861
3.5 0.0163564608755
4.0 0.0152590300136
4.5 0.0143279997305
5.0 0.0133425008082
5.5 0.0126311812267
6.0 0.0119147505876
6.5 0.0113388243195
7.0 0.0107452982181
7.5 0.010138439678
8.0 0.00975424061336
8.5 0.00931146825733
9.0 0.00888049870073
9.5 0.00844148073503
10.0 0.00801159661428
10.5 0.0076269948938
11.0 0.00721749163535
11.5 0.006811233887
12.0 0.0063913906639
12.5 0.00592999328711
13.0 0.00553066006493
13.5 0.00513929152675
14.0 0.00473399455971
14.5 0.00433327170628
15.0 0.00383824036112
15.5 0.00339119552545
16.0 0.00296542851836
16.5 0.00249735788374
17.0 0.00203846801643
17.5 0.00155724287803
18.0 0.00104870510897
18.5 0.000535865458058
19.0 2.09925502777e-05
19.5 -0.000520043564708
20.0 -0.00107310264163
20.5 -0.00163912586134
21.0 -0.0022182474587
21.5 -0.00282064121377
22.0 -0.00344500248165
22.5 -0.00408549737421
23.0 -0.0047277279746
23.5 -0.00540639006114
24.0 -0.00611079312621
24.5 -0.00683829770367
25.0 -0.00756426921463
25.5 -0.00832194173115
26.0 -0.00909915491851
26.5 -0.00988154103899
27.0 -0.0106828696667
27.5 -0.011492788261
28.0 -0.012341148746
28.5 -0.0132176571426
29.0 -0.0140887732942
29.5 -0.0149941725971
30.0 -0.0158964079548
30.5 -0.0168179648544
31.0 -0.0177547392714
31.5 -0.0186912920049
32.0 -0.0196470107036
32.5 -0.0206163242054
33.0 -0.0215992518356
33.5 -0.0225914996266
34.0 -0.0235870623366
34.5 -0.0245675786522
35.0 -0.0255627911677
35.5 -0.0265685677228
36.0 -0.0275576035412
36.5 -0.0285201931095
37.0 -0.0294802755626
37.5 -0.0304386800914
38.0 -0.0313800550979
38.5 -0.0322860226052
39.0 -0.0331797688706
39.5 -0.034052787125
40.0 -0.0349098877056
40.5 -0.0357279454813
41.0 -0.0365025424955
41.5 -0.0372395934381
42.0 -0.0379343052542
42.5 -0.0385774978355
43.0 -0.0391764291478
43.5 -0.0397496369632
44.0 -0.0402820424729
44.5 -0.0407671742529
45.0 -0.0411420094896
45.5 -0.0414901117175
46.0 -0.0417910289761
46.5 -0.0420530110656
47.0 -0.0422317000143
47.5 -0.0423389395507
48.0 -0.0424238721798
48.5 -0.0424305742771
49.0 -0.0423737432808
49.5 -0.0423058816144
50.0 -0.0421128524493
50.5 -0.0418826101896
51.0 -0.0416209929949
51.5 -0.0413160781761
52.0 -0.0409764944612
52.5 -0.0405698217114
53.0 -0.0401362663543
53.5 -0.0396509795131
54.0 -0.0391338063982
54.5 -0.0385899720977
55.0 -0.0379640394265
55.5 -0.037326585738
56.0 -0.0366801149455
56.5 -0.0360187138556
57.0 -0.0353173243577
57.5 -0.0345859036556
58.0 -0.0338604157637
58.5 -0.0331181417824
59.0 -0.032363246168
59.5 -0.0315989752084
60.0 -0.0308102936266
60.5 -0.0300294584929
61.0 -0.0292170039227
61.5 -0.0283944944466
62.0 -0.0275973775795
62.5 -0.0268291146412
63.0 -0.0260331473573
63.5 -0.0252448499323
64.0 -0.0244693676631
64.5 -0.0236781560541
65.0 -0.022897818384
65.5 -0.0221310579578
66.0 -0.021373546324
66.5 -0.0206355840988
67.0 -0.0198782690711
67.5 -0.0191794555145
68.0 -0.0184599979375
68.5 -0.0177708337886
69.0 -0.0171041759338
69.5 -0.0164311173579
70.0 -0.015770138458
70.5 -0.0150729365183
71.0 -0.0144435687308
71.5 -0.0138388357423
72.0 -0.0132363436207
72.5 -0.0126545528337
73.0 -0.01209895057
73.5 -0.0115693185744
74.0 -0.011029896266
74.5 -0.0105073737301
75.0 -0.0100095771875
75.5 -0.00954196529787
76.0 -0.00899760973385
76.5 -0.00851973593168
77.0 -0.00804625596619
77.5 -0.00760281417601
78.0 -0.00723953118816
78.5 -0.00681695017375
79.0 -0.00640855909282
79.5 -0.00606805431517
80.0 -0.00567933782435
80.5 -0.00531313612696
81.0 -0.00495356893474
81.5 -0.00466124106829
82.0 -0.00434366218251
82.5 -0.0040367989791
83.0 -0.00375767294171
83.5 -0.00350202683513
84.0 -0.00327762899312
84.5 -0.00294705930894
85.0 -0.00269312546063
85.5 -0.00248776450002
86.0 -0.00226999029714
86.5 -0.00208606598051
87.0 -0.00190494037583
87.5 -0.00164128831434
88.0 -0.00144216121964
88.5 -0.00126999873115
89.0 -0.00113376353438
89.5 -0.00097491664895
90.0 -0.000792912934237
90.5 -0.000698502118524
91.0 -0.000666919113179
91.5 -0.0004892499758
92.0 -0.000329695727331
92.5 -0.000191645325824
93.0 -0.00010737959547
93.5 -0.000107962306963
94.0 7.48541541995e-06
94.5 0.000146389283248
95.0 0.000165976996069
95.5 0.000263838046145
96.0 0.000353105002997
96.5 0.000405900250549
97.0 0.000324164050987
97.5 0.000375532381408
98.0 0.000489069288903
98.5 0.000452496652315
99.0 0.000409947164648
99.5 0.000487640997733
100.0 0.000588855788529
100.5 0.000666942654533
101.0 0.0005659606148
101.5 0.000475948466587
102.0 0.000375443669718
102.5 0.000278603385723
103.0 0.000296874559304
103.5 0.000306195631822
104.0 0.00033313573897
104.5 0.000406788271057
105.0 0.000246164342961
105.5 0.000121952803042
106.0 0.000147661534683
106.5 0.000122789195373
107.0 5.09988929736e-05
107.5 -0.000120546277344
108.0 -0.000329773155151
108.5 -0.000482630018389
109.0 -0.000552365298113
109.5 -0.00060410123421
110.0 -0.000806794761793
110.5 -0.000880133465657
111.0 -0.000917456045293
111.5 -0.00133756726972
112.0 -0.00130646259512
112.5 -0.00153346000966
113.0 -0.00201729112062
113.5 -0.00226079868899
114.0 -0.00171903710267
114.5 -0.00223766884828
115.0 -0.00218201452046
115.5 -0.00194715776772
116.0 -0.00150500572245
116.5 -0.00115912666206
117.0 -0.00136820547094
117.5 -0.00161693862115
118.0 0.00052095652299
118.5 0.00200675759692
119.0 0.00545078330556
119.5 0.0108421624056
120.0 0.00732808116106
120.5 0.00483471851733
121.0 0.00287862259076
121.5 -0.00190051458819
122.0 -0.00185804142342
122.5 -0.00363100875653
123.0 -0.00197577178743
123.5 -0.00178148528242
124.0 -0.00205525183141
124.5 -0.00157276415204
125.0 -0.00128303846749
125.5 -0.00133390010558
126.0 -0.00194984358238
126.5 -0.0022415980274
127.0 -0.00176251933263
127.5 -0.00161246142197
128.0 -0.00162763370413
128.5 -0.0013654610166
129.0 -0.00108176571625
129.5 -0.00113638682117
130.0 -0.000715217506766
130.5 -0.000412745555529
131.0 -0.000658972286274
131.5 -0.000176709343755
132.0 -0.000488228459872
132.5 -0.000475418633783
133.0 -7.83393438937e-05
133.5 6.67523980411e-05
134.0 -6.3654634701e-06
134.5 -0.000105683452887
135.0 3.42002044817e-06
135.5 0.000254297801092
136.0 0.000332699159948
136.5 0.000420384736199
137.0 0.000781911683259
137.5 0.000489020439975
138.0 0.000417100498446
138.5 0.000558553047615
139.0 0.000591422056623
139.5 0.00059266973085
140.0 0.000715325043682
140.5 0.000797690447698
141.0 0.000909109505358
141.5 0.000861286709817
142.0 0.000846260310929
142.5 0.000952545918606
143.0 0.00109724812179
143.5 0.00103640149305
144.0 0.00095316091088
144.5 0.0010882559573
145.0 0.00136844084433
145.5 0.00124788989957
146.0 0.00163507946319
146.5 0.00139871227965
147.0 0.00136358378961
147.5 0.00125454488019
148.0 0.00132211146124
148.5 0.00149947831503
149.0 0.00145913363348
149.5 0.00154973354613
150.0 0.0015531939946
150.5 0.00170527940567
151.0 0.001685832249
151.5 0.00168611326461
152.0 0.00165047701921
152.5 0.00175384186707
153.0 0.0018274669003
153.5 0.00178081050613
154.0 0.00175193753084
154.5 0.00177776764399
155.0 0.00196959475659
155.5 0.00176077167011
156.0 0.00188223872557
156.5 0.00182769696988
157.0 0.00206282961485
157.5 0.00213489859309
158.0 0.00211927072701
158.5 0.00217083217692
159.0 0.00214721483194
159.5 0.00229552528112
160.0 0.00252665593073
160.5 0.00248044536872
161.0 0.00253175450241
161.5 0.00259407674546
162.0 0.00266533115902
162.5 0.00273882260298
163.0 0.00282338260939
163.5 0.00290596060614
164.0 0.00285979731838
164.5 0.00277915612417
165.0 0.00323201159267
165.5 0.00333016136139
166.0 0.00326735136789
166.5 0.00319160737089
167.0 0.00333890934084
167.5 0.00380256360105
168.0 0.00407746244888
168.5 0.00392506940647
169.0 0.00372488365335
169.5 0.00406054455788
170.0 0.00431088726913
170.5 0.004418765503
171.0 0.0045396662353
171.5 0.00473520537639
172.0 0.00492270605183
172.5 0.0053135831249
173.0 0.00548472240304
173.5 0.00563496261411
174.0 0.00564746023218
174.5 0.00554641521425
175.0 0.00552205691446
175.5 0.00473051072696
176.0 0.00465674059048
176.5 0.00346333784928
177.0 0.00313028905882
177.5 0.00489300651542
178.0 0.0016237374583
178.5 0.00118168401842
179.0 -0.00331871326706
179.5 -0.00614959966104
180.0 -0.00493377158287
180.5 -0.00541823685316
181.0 -0.00228358940515
181.5 0.00282554601732
182.0 0.00273068513681
182.5 0.0042956407695
183.0 0.0036831463414
183.5 0.00401239788448
184.0 0.00334590662844
184.5 0.00306309555464
185.0 0.00293837728606
185.5 0.00261915532772
186.0 0.00250523191841
186.5 0.00291183434749
187.0 0.00255663273954
187.5 0.00214112972
188.0 0.00200688240834
188.5 0.00177658459231
189.0 0.0013342489714
189.5 0.00098742104646
190.0 0.000753418035217
190.5 0.000249587724554
191.0 4.15842920205e-05
191.5 -0.000357645405998
192.0 -0.000857105478943
192.5 -0.00126171036504
193.0 -0.00191324117617
193.5 -0.00247312336644
194.0 -0.00326606357554
194.5 -0.00421602964343
195.0 -0.00515971413844
195.5 -0.00679913969722
196.0 -0.00823981218809
196.5 -0.0100905623206
197.0 -0.0125080549625
197.5 -0.0150821868434
198.0 -0.0208497343581
198.5 -0.0281927422892
199.0 -0.0433966064766
199.5 -0.0696476049734
