0.0 0.00508071958428
0.5 0.0210713973728
1.0 0.0284726706695
1.5 0.0241468240644
2.0 0.0215103938518
2.5 0.0196310335487
3.0 0.0184227798882
3.5 0.0172767041442
4.0 0.015963255139
4.5 0.015380492675
5.0 0.0146107106461
5.5 0.0138309573579
6.0 0.0132425849327
6.5 0.0127777995712
7.0 0.0123590426519
7.5 0.0119053306367
8.0 0.0115282107868
8.5 0.0111385118358
9.0 0.0106631898142
9.5 0.010390628764
10.0 0.0100462291865
10.5 0.00975286158926
11.0 0.00933796079161
11.5 0.00897494641949
12.0 0.00869195419395
12.5 0.00836122124752
13.0 0.00803365848158
13.5 0.00772428118563
14.0 0.0073231451227
14.5 0.00700768460437
15.0 0.00666068733112
15.5 0.00628240320391
16.0 0.00593187989548
16.5 0.00555877283076
17.0 0.0051927809685
17.5 0.00479065569409
18.0 0.00436720549234
18.5 0.00396044471462
19.0 0.00350380978716
19.5 0.00304431549267
20.0 0.00258558730559
20.5 0.00210582489806
21.0 0.00161515006095
21.5 0.00112144794989
22.0 0.000591640456803
22.5 4.33029779696e-05
23.0 -0.000506732242513
23.5 -0.00108895783386
24.0 -0.00170571588582
24.5 -0.00232833067357
25.0 -0.00296021285901
25.5 -0.00361440367103
26.0 -0.00427809394722
26.5 -0.00496569538802
27.0 -0.00569488006794
27.5 -0.00641562450269
28.0 -0.00717098190244
28.5 -0.00796709658765
29.0 -0.00878667047119
29.5 -0.00960957962499
30.0 -0.010448616647
30.5 -0.0113263798139
31.0 -0.0122174792248
31.5 -0.0131171942516
32.0 -0.0140435813441
32.5 -0.0149899455006
33.0 -0.0159676313547
33.5 -0.016939171141
34.0 -0.0179399262407
34.5 -0.0189521297828
35.0 -0.0199834810337
35.5 -0.0210350126801
36.0 -0.0221108893295
36.5 -0.0231832012432
37.0 -0.0242569817022
37.5 -0.0253399466582
38.0 -0.0264228270854
38.5 -0.0275056233753
39.0 -0.0286077298133
39.5 -0.0297175100377
40.0 -0.0307995704886
40.5 -0.0318538257724
41.0 -0.0329171409873
41.5 -0.0339941953273
42.0 -0.0350337085486
42.5 -0.0360566651481
43.0 -0.037064797345
43.5 -0.038007725064
44.0 -0.03894040376
44.5 -0.0398852361544
45.0 -0.0407442956166
45.5 -0.0415829530031
46.0 -0.0423561095928
46.5 -0.0431078954863
47.0 -0.0437963148811
47.5 -0.0444100632557
48.0 -0.0449988350715
48.5 -0.0455405452116
49.0 -0.046021817772
49.5 -0.0464172571555
50.0 -0.0467362318531
50.5 -0.0470136643844
51.0 -0.0472395652497
51.5 -0.047368865353
52.0 -0.0474505897274
52.5 -0.0474497039565
53.0 -0.0474018813316
53.5 -0.0472736490535
54.0 -0.0470788233379
54.5 -0.0468604946194
55.0 -0.0465080598643
55.5 -0.0461072889134
56.0 -0.04565350598
56.5 -0.0451823821241
57.0 -0.0446467443186
57.5 -0.0440474037246
58.0 -0.0434304237308
58.5 -0.042768847576
59.0 -0.0420466205274
59.5 -0.0412986423205
60.0 -0.0405000907814
60.5 -0.0396720076897
61.0 -0.0388255099856
61.5 -0.0379560866905
62.0 -0.0371007094077
62.5 -0.0361913718689
63.0 -0.0352898261838
63.5 -0.0343719371129
64.0 -0.0334282062298
64.5 -0.032501427917
65.0 -0.0315665344246
65.5 -0.0306361222462
66.0 -0.0296702747178
66.5 -0.0287196763845
67.0 -0.0278115035937
67.5 -0.0268608116608
68.0 -0.0259273400645
68.5 -0.0250386560496
69.0 -0.024161831233
69.5 -0.0232937183044
70.0 -0.0224255767142
70.5 -0.0215580128282
71.0 -0.0207148730116
71.5 -0.0199041653053
72.0 -0.0190608218327
72.5 -0.0182540592708
73.0 -0.0175172641358
73.5 -0.0167930547507
74.0 -0.0160599891747
74.5 -0.0153558694382
75.0 -0.014671017739
75.5 -0.0140112206466
76.0 -0.0132741126676
76.5 -0.012621421393
77.0 -0.0120163358054
77.5 -0.0114235442576
78.0 -0.0108237481204
78.5 -0.0102848047212
79.0 -0.00975972523891
79.5 -0.00924942708251
80.0 -0.00866545681477
80.5 -0.00820141035112
81.0 -0.00771542189341
81.5 -0.00728130542932
82.0 -0.00684998024375
82.5 -0.00638604604391
83.0 -0.00593208396161
83.5 -0.00555274915351
84.0 -0.00519463805362
84.5 -0.00488501711495
85.0 -0.00451711493645
85.5 -0.00425009997216
86.0 -0.00385501049076
86.5 -0.00355734984556
87.0 -0.00326068148065
87.5 -0.00292759880784
88.0 -0.0027052806237
88.5 -0.00246730216731
89.0 -0.00223736942449
89.5 -0.00196005194645
90.0 -0.00175244389192
90.5 -0.00160232045302
91.0 -0.00138389543819
91.5 -0.0011446175372
92.0 -0.000965004008314
92.5 -0.000826376963321
93.0 -0.000721098976708
93.5 -0.000599082068703
94.0 -0.000433567043611
94.5 -0.000241408595471
95.0 -0.000156619849651
95.5 2.20498504078e-05
96.0 0.000112402365883
96.5 0.000203431892569
97.0 0.000226187823777
97.5 0.000290889226342
98.0 0.000380832393656
98.5 0.000423457455803
99.0 0.000465642982551
99.5 0.000451773554644
100.0 0.000489007907586
100.5 0.000546244184513
101.0 0.000639059771942
101.5 0.000682253575974
102.0 0.000701086888952
102.5 0.000665729328816
103.0 0.000671614464473
103.5 0.00064726208025
104.0 0.000676508567786
104.5 0.000753142671954
105.0 0.000601184334954
105.5 0.000497407375683
106.0 0.000534949360834
106.5 0.000478724267275
107.0 0.000581865556086
107.5 0.000551694638112
108.0 0.000325899579259
108.5 0.000132872905056
109.0 -1.64749350162e-05
109.5 -1.58143684104e-05
110.0 0.000330168496966
110.5 1.09042218952e-05
111.0 -0.000275461231546
111.5 -0.000653475941355
112.0 -0.000716593344741
112.5 -0.000855388648972
113.0 -0.00088066372227
113.5 -0.00107665403262
114.0 -0.000774360495086
114.5 -0.000255419454106
115.0 -0.00083844716471
115.5 -0.000357825574454
116.0 -0.000197563915961
116.5 -7.44539142801e-05
117.0 0.000426725715656
117.5 6.94549041782e-05
118.0 0.000831864161484
118.5 0.00113252160905
119.0 0.0016729259775
119.5 0.00731035453934
120.0 0.00908299469151
120.5 0.00786123158503
121.0 0.00561392661326
121.5 -0.000190894863536
122.0 -0.00523428777277
122.5 -0.00690320658492
123.0 -0.0050966336814
123.5 -0.00429588340445
124.0 -0.0038809411499
124.5 -0.00327785067404
125.0 -0.00279755473321
125.5 -0.00205623218973
126.0 -0.00231505638359
126.5 -0.00265273001632
127.0 -0.00241149827083
127.5 -0.00204561202334
128.0 -0.00157713076631
128.5 -0.00153714019353
129.0 -0.00202587461245
129.5 -0.00131725932054
130.0 -0.00137767211188
130.5 -0.00114610934784
131.0 -0.00103107097194
131.5 -0.000648850595482
132.0 -0.000502278783742
132.5 -0.000264413192461
133.0 -0.000143789112308
133.5 -6.31394248032e-05
134.0 -2.17354742915e-05
134.5 -0.000483600956443
135.0 -0.000489103304879
135.5 0.000265390873658
136.0 0.000252719029241
136.5 0.000307548071024
137.0 0.000593178786378
137.5 0.000373560262624
138.0 0.000339259791303
138.5 0.000480104717141
139.0 0.000564487454103
139.5 0.000616931270265
140.0 0.000732040480436
140.5 0.000591829255793
141.0 0.000818346403079
141.5 0.000847732170183
142.0 0.00105996241487
142.5 0.00112008596749
143.0 0.00107744707407
143.5 0.0010220006594
144.0 0.00105184218377
144.5 0.00112930890248
145.0 0.0014344837257
145.5 0.00124633888343
146.0 0.00129876263514
146.5 0.0013151287307
147.0 0.00139688087476
147.5 0.00139462246055
148.0 0.00140741678479
148.5 0.00148780847146
149.0 0.00156136482922
149.5 0.00171874199176
150.0 0.00152422589427
150.5 0.00151511948828
151.0 0.00131702345994
151.5 0.00156045173571
152.0 0.00154575739475
152.5 0.00171171076089
153.0 0.00190681626897
153.5 0.00184039018535
154.0 0.00168055225035
154.5 0.00172911108764
155.0 0.00200262013231
155.5 0.00179611736821
156.0 0.00211599885789
156.5 0.00210603465983
157.0 0.00226502161962
157.5 0.00215326626035
158.0 0.00203651636703
158.5 0.00216640376249
159.0 0.00222592684268
159.5 0.00224354797322
160.0 0.00229004166229
160.5 0.00223786819121
161.0 0.00255460215012
161.5 0.00250900514413
162.0 0.00242675274082
162.5 0.00238596618192
163.0 0.00251728243752
163.5 0.00271811700782
164.0 0.00282504977155
164.5 0.00292366465349
165.0 0.00307416648414
165.5 0.00315825154198
166.0 0.00322251109444
166.5 0.00345209488029
167.0 0.00315718918674
167.5 0.00345580661619
168.0 0.00389080182834
168.5 0.0040438507827
169.0 0.00403187348772
169.5 0.00407187296481
170.0 0.00419054752138
170.5 0.0042341020097
171.0 0.00434847345763
171.5 0.00467832509148
172.0 0.00426104954224
172.5 0.00453824897492
173.0 0.00488958003002
173.5 0.00510822003592
174.0 0.00515763542846
174.5 0.005044145787
175.0 0.00503535065226
175.5 0.0045400228027
176.0 0.00455201097631
176.5 0.0040995307946
177.0 0.00358880652487
177.5 0.00491130949165
178.0 0.00294456427044
178.5 0.00145713173939
179.0 -0.000911009455194
179.5 -0.00294667738684
180.0 -0.00190592448915
180.5 -0.00215914045695
181.0 0.000463470221277
181.5 0.00366920188293
182.0 0.00427190283509
182.5 0.00522447747751
183.0 0.00415822849028
183.5 0.00425194827837
184.0 0.00387146252145
184.5 0.00367001357175
185.0 0.00362874996362
185.5 0.00342320904564
186.0 0.00347820565364
186.5 0.00335056855121
187.0 0.00321874528885
187.5 0.00287789797503
188.0 0.00244569491045
188.5 0.00237000422979
189.0 0.00226479378595
189.5 0.00190727078036
190.0 0.00159797490134
190.5 0.00121814596218
191.0 0.000991753031897
191.5 0.000610689483992
192.0 0.000273895719246
192.5 -1.39024087105e-05
193.0 -0.000601587532628
193.5 -0.0010502447784
194.0 -0.00161593464914
194.5 -0.00229602861698
195.0 -0.00297017452648
195.5 -0.00429999474024
196.0 -0.00491885193723
196.5 -0.00688226244321
197.0 -0.00855367418285
197.5 -0.009826355898
198.0 -0.0127058654721
198.5 -0.0175059912479
199.0 -0.0282050892094
199.5 -0.0451307914427
