0.0 0.00368723498722
0.5 0.0263048234304
1.0 0.0301183060969
1.5 0.0244634720601
2.0 0.0213501388172
2.5 0.0183813948623
3.0 0.0172112822019
3.5 0.0158876721262
4.0 0.0144029870504
4.5 0.0136294927687
5.0 0.0127045744109
5.5 0.0120260370132
6.0 0.0113492364105
6.5 0.0107497886857
7.0 0.0102439878381
7.5 0.00969256165245
8.0 0.00922671560897
8.5 0.00876464194437
9.0 0.00834672618886
9.5 0.00793903393562
10.0 0.00737349447801
10.5 0.00699323871441
11.0 0.00659518189202
11.5 0.00617268113232
12.0 0.00578591769538
12.5 0.00536135128386
13.0 0.00492540801388
13.5 0.00451379988274
14.0 0.00408050402204
14.5 0.00367612280447
15.0 0.0031937874381
15.5 0.00274181196536
16.0 0.00228454575113
16.5 0.00181931365223
17.0 0.00135931271199
17.5 0.000862044775737
18.0 0.000314098625974
18.5 -0.000184024199703
19.0 -0.000713328236701
19.5 -0.00127412524063
20.0 -0.00184664476328
20.5 -0.00243582171677
21.0 -0.00301600473971
21.5 -0.00362598837661
22.0 -0.00426304479103
22.5 -0.004884787359
23.0 -0.00557032628229
23.5 -0.00624642238479
24.0 -0.00694608239258
24.5 -0.00768655175957
25.0 -0.00840928592368
25.5 -0.00915430606706
26.0 -0.00993043298328
26.5 -0.0107113691232
27.0 -0.0115060314317
27.5 -0.0123189418576
28.0 -0.0131250518191
28.5 -0.0139704218014
29.0 -0.0148281158718
29.5 -0.0157036311845
30.0 -0.0165665240118
30.5 -0.0174409454752
31.0 -0.0183260033232
31.5 -0.0192115441809
32.0 -0.0201141647521
32.5 -0.0210113811343
33.0 -0.0219046777775
33.5 -0.0227852285052
34.0 -0.023695392152
34.5 -0.0245808582836
35.0 -0.0254433052892
35.5 -0.0263072527824
36.0 -0.0271445003289
36.5 -0.0279624710789
37.0 -0.0287617529342
37.5 -0.0295336416224
38.0 -0.0302724707765
38.5 -0.0309982587506
39.0 -0.0317003084477
39.5 -0.0323859938097
40.0 -0.0330040968065
40.5 -0.0336094355877
41.0 -0.034153101181
41.5 -0.0346628384771
42.0 -0.0351324221044
42.5 -0.03556535568
43.0 -0.0359602517273
43.5 -0.0363034662302
44.0 -0.0366119505719
44.5 -0.0368800777673
45.0 -0.0370600537548
45.5 -0.0372253545371
46.0 -0.0373361003857
46.5 -0.0373941947248
47.0 -0.0374258410546
47.5 -0.0373964475504
48.0 -0.0373317745945
48.5 -0.0372226769451
49.0 -0.0370995728994
49.5 -0.0369172467114
50.0 -0.0366834241448
50.5 -0.0364339785793
51.0 -0.0361318272816
51.5 -0.0358300045953
52.0 -0.0354901299399
52.5 -0.0351000747294
53.0 -0.0347081184591
53.5 -0.0342782895617
54.0 -0.0338131340407
54.5 -0.033352377995
55.0 -0.0328449991591
55.5 -0.0323253556864
56.0 -0.0318083021802
56.5 -0.0312270351223
57.0 -0.0306743654067
57.5 -0.0301043971933
58.0 -0.0295338926339
58.5 -0.0289436275756
59.0 -0.0283301035768
59.5 -0.0277569049442
60.0 -0.027139929752
60.5 -0.0264988623227
61.0 -0.0258905113518
61.5 -0.0252457248867
62.0 -0.0246238971959
62.5 -0.0240298986402
63.0 -0.0234165441892
63.5 -0.0228092376157
64.0 -0.0222058674446
64.5 -0.0216106313156
65.0 -0.0209547095685
65.5 -0.0203468058346
66.0 -0.0197410576757
66.5 -0.0191467763713
67.0 -0.0185862904953
67.5 -0.0180036420823
68.0 -0.0174502935454
68.5 -0.0169111015283
69.0 -0.01632630641
69.5 -0.0158066100117
70.0 -0.0152747079384
70.5 -0.0147300819548
71.0 -0.0142193719418
71.5 -0.0136806514979
72.0 -0.0131712487658
72.5 -0.0127051152932
73.0 -0.0122527421327
73.5 -0.0117851317186
74.0 -0.0113344573675
74.5 -0.0109087713711
75.0 -0.010511780716
75.5 -0.0100417992426
76.0 -0.00962492931785
76.5 -0.00922989462302
77.0 -0.00881585286824
77.5 -0.00842599247365
78.0 -0.00809479735443
78.5 -0.00774306526885
79.0 -0.00736726572172
79.5 -0.00704950328456
80.0 -0.00672088928777
80.5 -0.00643461416462
81.0 -0.00614561944538
81.5 -0.00580341613367
82.0 -0.00547703980977
82.5 -0.00519475726264
83.0 -0.00492655198189
83.5 -0.00467500733497
84.0 -0.00444327152312
84.5 -0.00422350424561
85.0 -0.00397771467231
85.5 -0.00381063654357
86.0 -0.00361674650504
86.5 -0.00337862744516
87.0 -0.00318184657582
87.5 -0.00298822622037
88.0 -0.00285672575864
88.5 -0.00266071996374
89.0 -0.00243656917452
89.5 -0.00229087362086
90.0 -0.00216933934854
90.5 -0.00210559103261
91.0 -0.00202979778202
91.5 -0.00182804043132
92.0 -0.0016743105757
92.5 -0.00154121404845
93.0 -0.00142946149877
93.5 -0.00134489869271
94.0 -0.00118741483262
94.5 -0.00109101335332
95.0 -0.00101965748385
95.5 -0.000970952104463
96.0 -0.00085885898385
96.5 -0.000776958833033
97.0 -0.000821102068048
97.5 -0.000815539204773
98.0 -0.000798670897737
98.5 -0.000803913925608
99.0 -0.00063753035381
99.5 -0.000568225867553
100.0 -0.000470064742732
100.5 -0.000427072895292
101.0 -0.000460247660257
101.5 -0.000511988441389
102.0 -0.000570824334943
102.5 -0.000688746784718
103.0 -0.000758846018307
103.5 -0.000795925881015
104.0 -0.000681427471136
104.5 -0.000504568254357
105.0 -0.000483514648565
105.5 -0.000747131308451
106.0 -0.000881534992494
106.5 -0.00104615705781
107.0 -0.000999866893444
107.5 -0.000983393209303
108.0 -0.00113419814428
108.5 -0.00130883480009
109.0 -0.00131739218994
109.5 -0.00117708958639
110.0 -0.00138831246176
110.5 -0.00168158837604
111.0 -0.00190605919339
111.5 -0.00182236487326
112.0 -0.00204328111404
112.5 -0.00222245602094
113.0 -0.00237634013416
113.5 -0.00280468231614
114.0 -0.00255614052834
114.5 -0.00284842849929
115.0 -0.00220381236173
115.5 -0.00239583076826
116.0 -0.00329487974007
116.5 -0.00366947937101
117.0 -0.00377911756374
117.5 -0.00415089831412
118.0 -0.00405816413809
118.5 -0.00209046868663
119.0 0.00166902286955
119.5 0.00973038873893
120.0 0.0112146642918
120.5 0.00983568363581
121.0 0.00740970762949
121.5 -0.000946743450442
122.0 -0.00334409484317
122.5 -0.00661155631163
123.0 -0.00479123797864
123.5 -0.00381611146879
124.0 -0.00360460772282
124.5 -0.00389597972909
125.0 -0.00352558454254
125.5 -0.00311472867159
126.0 -0.00422537843647
126.5 -0.00441610568079
127.0 -0.00407058612993
127.5 -0.00358441306057
128.0 -0.00343338539616
128.5 -0.00346306106648
129.0 -0.00324920161625
129.5 -0.00331615191268
130.0 -0.00228584368763
130.5 -0.00215613163839
131.0 -0.00200489585363
131.5 -0.00238771272309
132.0 -0.00206138513219
132.5 -0.00171361489829
133.0 -0.00150104420707
133.5 -0.00142630343248
134.0 -0.0011894406006
134.5 -0.000971585351131
135.0 -0.00140343621151
135.5 -0.00107577297762
136.0 -0.000952780525488
136.5 -0.000905199035433
137.0 -0.000509520982462
137.5 -0.00033746279956
138.0 -0.00039990584963
138.5 -0.000556210942992
139.0 -0.000399516645956
139.5 -0.000318607649433
140.0 -0.00025770712087
140.5 -0.000194658480453
141.0 4.15366574664e-05
141.5 0.000114524086019
142.0 0.000322111950801
142.5 0.000285599909052
143.0 0.000289532852118
143.5 0.000300406181452
144.0 0.000317611774767
144.5 0.000545472835535
145.0 0.000580941864294
145.5 0.000680777842311
146.0 0.000717848124647
146.5 0.000764553066562
147.0 0.000775577436505
147.5 0.00092772232716
148.0 0.00118013928249
148.5 0.00125463643396
149.0 0.00108354491141
149.5 0.00108914378751
150.0 0.000997741828791
150.5 0.00120453122642
151.0 0.00138707962898
151.5 0.00143110970724
152.0 0.0015314756447
152.5 0.00148694296807
153.0 0.00130827084439
153.5 0.00126813190083
154.0 0.00150407588849
154.5 0.00171617857395
155.0 0.00185421055578
155.5 0.00201029681151
156.0 0.00222713690128
156.5 0.00214952669673
157.0 0.00206500029709
157.5 0.00216308112096
158.0 0.00229775031144
158.5 0.0024764850657
159.0 0.00260618780096
159.5 0.0027274162696
160.0 0.00285731424535
160.5 0.00282705676455
161.0 0.00268553085921
161.5 0.00293554402666
162.0 0.00315938440207
162.5 0.00324389946319
163.0 0.00330499382461
163.5 0.00328334968984
164.0 0.0032469062772
164.5 0.00352146021391
165.0 0.00376995847412
165.5 0.00377117440888
166.0 0.00372773080718
166.5 0.00391682262747
167.0 0.00397327607342
167.5 0.0042780992214
168.0 0.00451163856268
168.5 0.00466520531429
169.0 0.00464577942643
169.5 0.00450900402895
170.0 0.00492859611343
170.5 0.00511150321077
171.0 0.00537512921861
171.5 0.00565403639236
172.0 0.00587012821423
172.5 0.00628706180721
173.0 0.00671050127441
173.5 0.00697946120059
174.0 0.00720895482642
174.5 0.00714799024325
175.0 0.00637433463008
175.5 0.00619064085951
176.0 0.00619843298362
176.5 0.0060751843059
177.0 0.00567617099458
177.5 0.00722675315079
178.0 0.00356897083266
178.5 0.00328871864795
179.0 0.000673632113703
179.5 -0.00113827564157
180.0 -0.000660201041057
180.5 -0.00414948735251
181.0 -0.00459163553849
181.5 -0.00236345851899
182.0 4.70814926246e-06
182.5 0.00184302226911
183.0 0.00249307024544
183.5 0.00218827761518
184.0 0.00200452868192
184.5 0.00256781519039
185.0 0.00231972490477
185.5 0.00209502332162
186.0 0.0021850615539
186.5 0.00204703567802
187.0 0.00181380065095
187.5 0.00143322126144
188.0 0.0012539306759
188.5 0.00126165299591
189.0 0.000786785030812
189.5 0.000431657135735
190.0 0.000178362444117
190.5 -0.000341518064303
191.0 -0.000612903799507
191.5 -0.00100952028428
192.0 -0.00147250140083
192.5 -0.00179752956838
193.0 -0.0023562591642
193.5 -0.00293128979889
194.0 -0.00355550028179
194.5 -0.00436932996024
195.0 -0.00574011525929
195.5 -0.00722024042378
196.0 -0.0080863746019
196.5 -0.0105289260879
197.0 -0.0128520784737
197.5 -0.0151901313969
198.0 -0.0207043815787
198.5 -0.0269235879841
199.0 -0.0429087798369
199.5 -0.0657001622284
