0.0 0.00658273824991
0.5 0.0226715752338
1.0 0.0290079488712
1.5 0.0249300833549
2.0 0.0226985951363
2.5 0.0206506013702
3.0 0.0195817901169
3.5 0.0183996945177
4.0 0.0177893305605
4.5 0.0172032053908
5.0 0.0164542793435
5.5 0.0160291488163
6.0 0.0153823479559
6.5 0.0149216605446
7.0 0.0146683747176
7.5 0.0142907328215
8.0 0.0140162281423
8.5 0.0137379473956
9.0 0.0135119776966
9.5 0.0132612778316
10.0 0.0129963503223
10.5 0.0127589536417
11.0 0.0125088747142
11.5 0.0123143285001
12.0 0.0121158005335
12.5 0.0118929424803
13.0 0.0116653087985
13.5 0.0114691859428
14.0 0.0112602160187
14.5 0.0110542107028
15.0 0.0108412667824
15.5 0.0106003100976
16.0 0.0104035746152
16.5 0.0101447760899
17.0 0.00991167034035
17.5 0.00967941292096
18.0 0.00940726581792
18.5 0.00915271682608
19.0 0.00889195189373
19.5 0.00856671983347
20.0 0.00827555818875
20.5 0.00796608604386
21.0 0.00766296782953
21.5 0.00733023064982
22.0 0.00697322902416
22.5 0.00663611767791
23.0 0.00625103091063
23.5 0.00584562024914
24.0 0.00543079261195
24.5 0.00499618424854
25.0 0.00456468438055
25.5 0.00410063667489
26.0 0.00361245453623
26.5 0.00312464409428
27.0 0.00262341548659
27.5 0.00209652019365
28.0 0.00153937730222
28.5 0.000944815397955
29.0 0.000362299078384
29.5 -0.000276471857329
30.0 -0.000907660736174
30.5 -0.00155142804178
31.0 -0.00223955223512
31.5 -0.00294181617557
32.0 -0.00365240886987
32.5 -0.00439076219815
33.0 -0.00516524981472
33.5 -0.00593966596545
34.0 -0.00673593249163
34.5 -0.00757467986553
35.0 -0.00842301183852
35.5 -0.00928947999859
36.0 -0.0101784989775
36.5 -0.0110894617281
37.0 -0.0120063225743
37.5 -0.0129303439638
38.0 -0.013871806897
38.5 -0.0148526351385
39.0 -0.0158274586173
39.5 -0.0168168991231
40.0 -0.0178370719532
40.5 -0.0188446011177
41.0 -0.0198645451225
41.5 -0.0209171017482
42.0 -0.0219687045001
42.5 -0.0230245424233
43.0 -0.0240947862904
43.5 -0.0251661600843
44.0 -0.0262457578025
44.5 -0.0273008772177
45.0 -0.0283627980383
45.5 -0.0294112087781
46.0 -0.0304568574825
46.5 -0.0315053131317
47.0 -0.0325422121306
47.5 -0.0335556848647
48.0 -0.034570877135
48.5 -0.0355536311482
49.0 -0.0365550303108
49.5 -0.0375209933793
50.0 -0.0384152763234
50.5 -0.0393060765025
51.0 -0.0401769131826
51.5 -0.0410102418088
52.0 -0.041819156333
52.5 -0.0425940767447
53.0 -0.0433558401653
53.5 -0.0440633603818
54.0 -0.0447166537373
54.5 -0.0453242755381
55.0 -0.0458590094802
55.5 -0.0463568959042
56.0 -0.0468323180755
56.5 -0.0472136272363
57.0 -0.0475463771141
57.5 -0.0478239390111
58.0 -0.0480975761569
58.5 -0.0482852744814
59.0 -0.0483895270477
59.5 -0.0484600054737
60.0 -0.0484410564367
60.5 -0.0483279355422
61.0 -0.0481787693345
61.5 -0.0479687008106
62.0 -0.047694812434
62.5 -0.047371233459
63.0 -0.0470132123783
63.5 -0.0465980968764
64.0 -0.0461131477802
64.5 -0.0455547120675
65.0 -0.0449618894577
65.5 -0.0443097673033
66.0 -0.0436134685989
66.5 -0.0428832688132
67.0 -0.0421289554529
67.5 -0.0413041513563
68.0 -0.0404680837802
68.5 -0.039621278152
69.0 -0.0387599719509
69.5 -0.0378536817526
70.0 -0.0369156663456
70.5 -0.0359765747162
71.0 -0.0350317417796
71.5 -0.0340131050151
72.0 -0.0330207183199
72.5 -0.0320592731824
73.0 -0.0311410052157
73.5 -0.0301600231899
74.0 -0.0291844480387
74.5 -0.0282449235997
75.0 -0.0272866830378
75.5 -0.0263635868413
76.0 -0.0254392644805
76.5 -0.0244531916644
77.0 -0.0235420453107
77.5 -0.0226775527213
78.0 -0.0218004626239
78.5 -0.0209610657654
79.0 -0.0201291722674
79.5 -0.0193166516954
80.0 -0.0185535034513
80.5 -0.0177945553802
81.0 -0.017016275692
81.5 -0.0163027838023
82.0 -0.0155970136064
82.5 -0.0148994358033
83.0 -0.0141843161344
83.5 -0.013548381765
84.0 -0.0129456069143
84.5 -0.0123163636187
85.0 -0.0118009675855
85.5 -0.0112044615114
86.0 -0.0107205291143
86.5 -0.0101475494215
87.0 -0.00965288203833
87.5 -0.00914380304409
88.0 -0.00865549876198
88.5 -0.00818620466759
89.0 -0.00784031181127
89.5 -0.00747405093422
90.0 -0.00699641225397
90.5 -0.00668939535187
91.0 -0.00631518677728
91.5 -0.0059294628669
92.0 -0.00562117144407
92.5 -0.00527594936544
93.0 -0.00496095833417
93.5 -0.00470685343673
94.0 -0.00431438088085
94.5 -0.00408901922586
95.0 -0.00391044856643
95.5 -0.00372014476497
96.0 -0.00357046118788
96.5 -0.00344219494097
97.0 -0.00323168755861
97.5 -0.00292554663984
98.0 -0.00270080141214
98.5 -0.00261679797292
99.0 -0.00251680900224
99.5 -0.00245629529918
100.0 -0.0023225578736
100.5 -0.00197077099421
101.0 -0.00196392011816
101.5 -0.00197613576372
102.0 -0.00202031339605
102.5 -0.00188862473728
103.0 -0.00168372374636
103.5 -0.00166910548094
104.0 -0.00162560511351
104.5 -0.00176227116685
105.0 -0.00166407782164
105.5 -0.00158055261516
106.0 -0.00150704763124
106.5 -0.00143171956037
107.0 -0.00156291377839
107.5 -0.00173294042656
108.0 -0.00175578741815
108.5 -0.00167692282142
109.0 -0.00172043675305
109.5 -0.0018704299852
110.0 -0.00207466212994
110.5 -0.00199901819295
111.0 -0.00200015477589
111.5 -0.00238851756038
112.0 -0.00268773088307
112.5 -0.00290573039504
113.0 -0.00254523617181
113.5 -0.00227249348312
114.0 -0.00238252540736
114.5 -0.00273503809036
115.0 -0.00273812865321
115.5 -0.0024144257213
116.0 -0.00272095775568
116.5 -0.00224164921843
117.0 -0.00178336555189
117.5 -0.00225376875687
118.0 -0.00168221674031
118.5 -0.000851432374574
119.0 0.000860425288153
119.5 0.00882610125248
120.0 0.0101106902459
120.5 0.00717063899894
121.0 0.00377292639929
121.5 0.000373495535641
122.0 -0.00131478448992
122.5 -0.0016509649206
123.0 -0.0017649434445
123.5 -0.00273807849874
124.0 -0.00309961506528
124.5 -0.00358776405193
125.0 -0.00385868840037
125.5 -0.00296232996294
126.0 -0.0038639956292
126.5 -0.0035960647363
127.0 -0.0033917895897
127.5 -0.00316852876132
128.0 -0.00303445360282
128.5 -0.00305433564863
129.0 -0.00257036462034
129.5 -0.00215097237069
130.0 -0.00208169263651
130.5 -0.0016844397804
131.0 -0.00181341103395
131.5 -0.00113017883277
132.0 -0.00154304418223
132.5 -0.00155553538473
133.0 -0.00110122703349
133.5 -0.000722428450786
134.0 -0.000536683509054
134.5 -0.00109072726351
135.0 -0.000775817095089
135.5 -0.000489173587667
136.0 -0.000403201649895
136.5 -0.000191991932535
137.0 0.000207244588392
137.5 -6.85211056499e-05
138.0 -3.21395021352e-05
138.5 0.000135606044243
139.0 0.000125700113415
139.5 0.000281386049551
140.0 0.000553595875139
140.5 0.000214492217889
141.0 0.00045736051753
141.5 0.000564336059416
142.0 0.000769111920409
142.5 0.000727138170813
143.0 0.000780988832442
143.5 0.000786116417981
144.0 0.000716312660282
144.5 0.0010062740693
145.0 0.000964803216227
145.5 0.00108058591797
146.0 0.00120881569447
146.5 0.00134895577972
147.0 0.00123079561178
147.5 0.00120401266077
148.0 0.00127615569381
148.5 0.00139066602997
149.0 0.00150444973468
149.5 0.00160913542317
150.0 0.00169507528094
150.5 0.00172753711492
151.0 0.00159257562631
151.5 0.00157579442932
152.0 0.0016334872894
152.5 0.00174858279636
153.0 0.00198803097962
153.5 0.00212835766672
154.0 0.00206531959173
154.5 0.00207405089827
155.0 0.00222872059705
155.5 0.00250950512669
156.0 0.00247688293418
156.5 0.00248215313208
157.0 0.00253157108827
157.5 0.00256903616367
158.0 0.0025681900891
158.5 0.00259907696548
159.0 0.00261094423639
159.5 0.00278244485832
160.0 0.0029292313884
160.5 0.00303875892724
161.0 0.00312466386786
161.5 0.00320868277811
162.0 0.00329703272794
162.5 0.00345944813112
163.0 0.00365316417187
163.5 0.003819939944
164.0 0.00384854790606
164.5 0.00380552034886
165.0 0.0039276257835
165.5 0.00369659559816
166.0 0.00398254864395
166.5 0.00432781264509
167.0 0.00410310732574
167.5 0.00443543074365
168.0 0.00484440225721
168.5 0.00485992011318
169.0 0.00469894185328
169.5 0.0050450364233
170.0 0.00538219996807
170.5 0.0056776579774
171.0 0.00581617919113
171.5 0.00602304241387
172.0 0.00625665625411
172.5 0.00678938103761
173.0 0.0066779729011
173.5 0.00672931453326
174.0 0.00725926480453
174.5 0.00755793091942
175.0 0.00772893198271
175.5 0.00740869361891
176.0 0.00634526693
176.5 0.00679875832438
177.0 0.00677419945771
177.5 0.00846654542795
178.0 0.00702271466079
178.5 0.00540922774275
179.0 0.000375827604287
179.5 -0.00275403035775
180.0 -0.00371923208017
180.5 -0.00607483278353
181.0 -0.00405937412204
181.5 -0.00119955468404
182.0 0.000653309441233
182.5 0.00192083288388
183.0 0.00217301782659
183.5 0.00303752797112
184.0 0.00255257071527
184.5 0.00243549756294
185.0 0.00240556838585
185.5 0.00198652480084
186.0 0.00272880782396
186.5 0.0025274399526
187.0 0.00217341633648
187.5 0.00195453898471
188.0 0.00167362253765
188.5 0.00150956957503
189.0 0.00122930966963
189.5 0.000882703543937
190.0 0.000558781985319
190.5 0.000167067198802
191.0 -0.000102199703164
191.5 -0.000551691915135
192.0 -0.000990689296557
192.5 -0.00134551850542
193.0 -0.00198317247219
193.5 -0.00267805966597
194.0 -0.0034344462065
194.5 -0.00421444878465
195.0 -0.00500846405464
195.5 -0.00725427056909
196.0 -0.00855123145216
196.5 -0.0101074385536
197.0 -0.0123184440284
197.5 -0.0145910436282
198.0 -0.0200140661679
198.5 -0.027520483256
199.0 -0.0426619798166
199.5 -0.068507055969
