0.0 0.00461184039589
0.5 0.0288557389412
1.0 0.0307130146005
1.5 0.0246145079531
2.0 0.0218937717945
2.5 0.0195254078723
3.0 0.0181127266777
3.5 0.016908612466
4.0 0.0158104603134
4.5 0.0147649877409
5.0 0.0138561781754
5.5 0.0131884028987
6.0 0.0126236276156
6.5 0.011976915221
7.0 0.0115173819925
7.5 0.0110555334772
8.0 0.0106104490768
8.5 0.0102495413687
9.0 0.00984499657078
9.5 0.0093764365202
10.0 0.00898211749624
10.5 0.00866550731367
11.0 0.00826428406868
11.5 0.00789932958283
12.0 0.00756722713019
12.5 0.00718361002629
13.0 0.00677823122518
13.5 0.00643795643753
14.0 0.00604638292431
14.5 0.00565138157532
15.0 0.00532408701514
15.5 0.0048628429861
16.0 0.00445720454988
16.5 0.00406817466927
17.0 0.0036387512903
17.5 0.0031895075492
18.0 0.0027304272627
18.5 0.00226638970514
19.0 0.00179346080417
19.5 0.00128918539391
20.0 0.000793657747916
20.5 0.000282670925676
21.0 -0.000244645482087
21.5 -0.000795647437552
22.0 -0.00137193222615
22.5 -0.00192724010133
23.0 -0.00253000885656
23.5 -0.00315443878535
24.0 -0.00380824392992
24.5 -0.00446159211237
25.0 -0.00510761270925
25.5 -0.00578396476969
26.0 -0.0064848055396
26.5 -0.00719157701859
27.0 -0.00790705471231
27.5 -0.00863808966514
28.0 -0.00936448150086
28.5 -0.0101311150516
29.0 -0.0109225960842
29.5 -0.0116954506967
30.0 -0.0124793446824
30.5 -0.0132870729873
31.0 -0.014096635386
31.5 -0.014898060646
32.0 -0.0157118421017
32.5 -0.0165098049402
33.0 -0.0173224980819
33.5 -0.0181403448179
34.0 -0.0189618772845
34.5 -0.0197642377259
35.0 -0.0205535377847
35.5 -0.0213335993888
36.0 -0.0221216859709
36.5 -0.0228886044666
37.0 -0.0236234429517
37.5 -0.0243471034576
38.0 -0.0250575601475
38.5 -0.0257523745881
39.0 -0.0264293357291
39.5 -0.0270989918829
40.0 -0.027742618662
40.5 -0.0283338206004
41.0 -0.0289039181973
41.5 -0.0294631359519
42.0 -0.0299978109559
42.5 -0.0304989316712
43.0 -0.030964311815
43.5 -0.0314040126294
44.0 -0.031824686635
44.5 -0.0321842664585
45.0 -0.0325551577587
45.5 -0.0328745871294
46.0 -0.0331613586225
46.5 -0.0334350073432
47.0 -0.0336628269236
47.5 -0.0338490104915
48.0 -0.034032746568
48.5 -0.0341757934117
49.0 -0.0342992213186
49.5 -0.0343973478649
50.0 -0.034433271866
50.5 -0.0344699153746
51.0 -0.0344667625319
51.5 -0.0344708396212
52.0 -0.034438243639
52.5 -0.0343608959844
53.0 -0.0342957380463
53.5 -0.0341853433472
54.0 -0.0340465823073
54.5 -0.0339084640594
55.0 -0.0336943303148
55.5 -0.0334718114173
56.0 -0.0332555123993
56.5 -0.0330015916621
57.0 -0.0327512519068
57.5 -0.032466349213
58.0 -0.0321855323553
58.5 -0.0318721305475
59.0 -0.0315204565497
59.5 -0.031160592452
60.0 -0.0308071633295
60.5 -0.0304087535001
61.0 -0.0300025842915
61.5 -0.0295677436022
62.0 -0.0291469020005
62.5 -0.0287200408609
63.0 -0.0283049503128
63.5 -0.0278556779646
64.0 -0.0273811620659
64.5 -0.0269197680542
65.0 -0.0264339586007
65.5 -0.0259198149701
66.0 -0.0254095032711
66.5 -0.0249080534654
67.0 -0.0243759640931
67.5 -0.0238930885743
68.0 -0.0233529175681
68.5 -0.0228106456218
69.0 -0.0223102709448
69.5 -0.0218043135079
70.0 -0.0212889451038
70.5 -0.0207667088311
71.0 -0.0202365554733
71.5 -0.0196803331703
72.0 -0.0191373132662
72.5 -0.0186176727115
73.0 -0.0181324463201
73.5 -0.0176322264877
74.0 -0.0171394598733
74.5 -0.0166420476534
75.0 -0.0161457718306
75.5 -0.0156557530105
76.0 -0.0151535967404
76.5 -0.0146701965564
77.0 -0.0141722155438
77.5 -0.0137018036155
78.0 -0.0132981327444
78.5 -0.0128207341498
79.0 -0.0123520395124
79.5 -0.0119465937966
80.0 -0.011544387948
80.5 -0.011177092987
81.0 -0.0106946357649
81.5 -0.0103045120675
82.0 -0.00990891779852
82.5 -0.0095387580771
83.0 -0.00916262035802
83.5 -0.00883634847304
84.0 -0.008517856984
84.5 -0.00822080901983
85.0 -0.00791584293439
85.5 -0.0075520063582
86.0 -0.00723394114331
86.5 -0.00694596072294
87.0 -0.00666733324423
87.5 -0.00637811605765
88.0 -0.00611289407195
88.5 -0.00584091484163
89.0 -0.0055951709004
89.5 -0.00538885340733
90.0 -0.00514471464506
90.5 -0.0049564463623
91.0 -0.0047732113274
91.5 -0.0045527843128
92.0 -0.00435048668988
92.5 -0.00418332796957
93.0 -0.00404900937055
93.5 -0.00392028422049
94.0 -0.00376524661521
94.5 -0.00349954947266
95.0 -0.00340182527394
95.5 -0.0033698114064
96.0 -0.00324746120099
96.5 -0.00306397134975
97.0 -0.00292725299164
97.5 -0.00283002257899
98.0 -0.00274191066056
98.5 -0.0026355675264
99.0 -0.00250586166707
99.5 -0.00250825132111
100.0 -0.00260400168378
100.5 -0.00249531783324
101.0 -0.00230220708633
101.5 -0.00220914570518
102.0 -0.00232582374327
102.5 -0.00238593324658
103.0 -0.00229518324047
103.5 -0.00227271395293
104.0 -0.00218992266147
104.5 -0.0021658153718
105.0 -0.00234429600349
105.5 -0.00229465360376
106.0 -0.00224963983628
106.5 -0.00256811705759
107.0 -0.00252658854687
107.5 -0.00253915599408
108.0 -0.00279487321349
108.5 -0.00296978074023
109.0 -0.00288838798266
109.5 -0.0028367536823
110.0 -0.00289642340307
110.5 -0.00333592322686
111.0 -0.0035073363518
111.5 -0.00334361761863
112.0 -0.0035013657218
112.5 -0.00403110675874
113.0 -0.00425669130355
113.5 -0.00442140579467
114.0 -0.00432713019761
114.5 -0.00396572738812
115.0 -0.00366585422897
115.5 -0.00429177244223
116.0 -0.00418427640403
116.5 -0.00425969005595
117.0 -0.00520206059579
117.5 -0.00668284957362
118.0 -0.00616283683701
118.5 -0.00494058604477
119.0 -0.00190438390069
119.5 0.00802117402995
120.0 0.0110010048026
120.5 0.00835203532415
121.0 0.00484876768648
121.5 0.00170538718638
122.0 -0.00086763891764
122.5 -0.00219553514439
123.0 -0.00283417704318
123.5 -0.00306274208323
124.0 -0.00366477843761
124.5 -0.00320487766176
125.0 -0.00381378775921
125.5 -0.00418431972122
126.0 -0.00337577626317
126.5 -0.00336908732767
127.0 -0.00325954837766
127.5 -0.00277051432982
128.0 -0.00288816321613
128.5 -0.00331745630289
129.0 -0.00279700363694
129.5 -0.00222320767687
130.0 -0.00206288924159
130.5 -0.00199414938894
131.0 -0.00194006673185
131.5 -0.00171115532506
132.0 -0.00158716495063
132.5 -0.00150115070617
133.0 -0.00135340718063
133.5 -0.00109978140786
134.0 -0.000937869179985
134.5 -0.000806896082572
135.0 -0.000773786893475
135.5 -0.00062874607714
136.0 -0.000671959786914
136.5 -0.000513633925532
137.0 -0.000361071354085
137.5 -0.000328373769261
138.0 -0.000112670294033
138.5 -1.0077041992e-05
139.0 4.49581733157e-05
139.5 -5.91554698168e-05
140.0 2.32248447141e-05
140.5 5.32925469869e-05
141.0 0.000190796814636
141.5 0.000173411404717
142.0 0.000357560714722
142.5 0.00048278962587
143.0 0.000563765080768
143.5 0.000531874203181
144.0 0.000545964185706
144.5 0.000633489977831
145.0 0.000563531449524
145.5 0.000461585836788
146.0 0.000546878839972
146.5 0.000636212371613
147.0 0.000755298886915
147.5 0.000923837132271
148.0 0.00114996556146
148.5 0.00123969514899
149.0 0.00111261600874
149.5 0.0012125276629
150.0 0.00134626379745
150.5 0.00142721002657
151.0 0.00150175383151
151.5 0.00159014157563
152.0 0.00166002256699
152.5 0.00169096117542
153.0 0.00175748466471
153.5 0.00183554399702
154.0 0.0019054950217
154.5 0.00196396775156
155.0 0.00201345238564
155.5 0.00207915157554
156.0 0.00219160810683
156.5 0.00228939010464
157.0 0.00247161052826
157.5 0.00245840912761
158.0 0.00237127330033
158.5 0.0024197504745
159.0 0.00237482292833
159.5 0.00228911159252
160.0 0.0024929389307
160.5 0.00258382413451
161.0 0.00269560590674
161.5 0.00279435359758
162.0 0.00286481922362
162.5 0.00298858172197
163.0 0.00312147102459
163.5 0.00324951381175
164.0 0.00336028196396
164.5 0.00342676787987
165.0 0.00349327356372
165.5 0.0034958717487
166.0 0.00312361456142
166.5 0.00352223170808
167.0 0.00370227770469
167.5 0.00409368225242
168.0 0.00433131170598
168.5 0.00436037449327
169.0 0.00442011862445
169.5 0.00458073538144
170.0 0.0047064288127
170.5 0.00425279544372
171.0 0.0048519683403
171.5 0.0053173743911
172.0 0.00493003978885
172.5 0.00519960643497
173.0 0.00562097246966
173.5 0.00605525560547
174.0 0.00643924553212
174.5 0.0063462650062
175.0 0.0055810361187
175.5 0.00569461735726
176.0 0.00645685084235
176.5 0.00699248320024
177.0 0.00713104051039
177.5 0.00786050331072
178.0 0.00669053483863
178.5 0.00537091517907
179.0 0.0025749980357
179.5 -0.00052447168224
180.0 -0.00187185385239
180.5 -0.00398525316416
181.0 -0.00140249657036
181.5 0.00213347490056
182.0 0.00312422281281
182.5 0.00398166185012
183.0 0.00265172839411
183.5 0.00223467409316
184.0 0.00193182237376
184.5 0.00236916810368
185.0 0.00205324157321
185.5 0.00176369276572
186.0 0.00189059698178
186.5 0.00189190541444
187.0 0.00186242023679
187.5 0.00164536640771
188.0 0.00128095429815
188.5 0.00103673338212
189.0 0.000802478449231
189.5 0.000700519550492
190.0 0.000436822190224
190.5 6.35326006204e-06
191.0 -0.000276635093925
191.5 -0.000650651322445
192.0 -0.00109808042768
192.5 -0.00145719484429
193.0 -0.00211525723236
193.5 -0.00269083931964
194.0 -0.0034313567662
194.5 -0.00425065809334
195.0 -0.00525341743752
195.5 -0.00694023719348
196.0 -0.00835401273683
196.5 -0.00986084699238
197.0 -0.0115388231192
197.5 -0.0146048120059
198.0 -0.0206086918903
198.5 -0.0277749049844
199.0 -0.0423535544593
199.5 -0.0667914719173
