0.0 0.00500255084211
0.5 0.0289369394891
1.0 0.0329603440073
1.5 0.0274736933139
2.0 0.0244038458343
2.5 0.0217934458065
3.0 0.0203767207467
3.5 0.0191710692813
4.0 0.0182279768953
4.5 0.0173701311287
5.0 0.0164950953623
5.5 0.0159411982037
6.0 0.0153651355285
6.5 0.0148807293734
7.0 0.0144881513975
7.5 0.0140907238065
8.0 0.0137822810867
8.5 0.0134592630899
9.0 0.0131901924805
9.5 0.0129314157372
10.0 0.0126458045719
10.5 0.0124077243778
11.0 0.0121574505512
11.5 0.0119279617107
12.0 0.0117308949924
12.5 0.0114791223569
13.0 0.011188530875
13.5 0.0110016817358
14.0 0.0107703231163
14.5 0.0105520884348
15.0 0.010367694958
15.5 0.0100735219246
16.0 0.0098351085197
16.5 0.00962142661618
17.0 0.00937150898518
17.5 0.00909601069414
18.0 0.0088379437334
18.5 0.00855901250617
19.0 0.00826667833624
19.5 0.00794758925344
20.0 0.00764551190651
20.5 0.00733626535397
21.0 0.00699176165045
21.5 0.00664115100235
22.0 0.00627111810392
22.5 0.0059222656826
23.0 0.00552989831766
23.5 0.00510522500335
24.0 0.00466615909078
24.5 0.00421848306362
25.0 0.00376310610504
25.5 0.00328907724189
26.0 0.00280519335172
26.5 0.00230219821189
27.0 0.00176257090748
27.5 0.00122717205654
28.0 0.000662462003834
28.5 6.00870131793e-05
29.0 -0.000570435541359
29.5 -0.00120637508665
30.0 -0.00185815876797
30.5 -0.00254935345448
31.0 -0.00325343144677
31.5 -0.0039647800036
32.0 -0.0047151937064
32.5 -0.00549000723289
33.0 -0.00628965726599
33.5 -0.00709087136731
34.0 -0.00794417087534
34.5 -0.00880911003889
35.0 -0.00968097053976
35.5 -0.0105895755449
36.0 -0.0115093364928
36.5 -0.0124489451776
37.0 -0.0134213469024
37.5 -0.0144114154133
38.0 -0.0154031120553
38.5 -0.0164199197707
39.0 -0.0174627258318
39.5 -0.01854389456
40.0 -0.019583859467
40.5 -0.0206720340273
41.0 -0.0217515315079
41.5 -0.0228548341085
42.0 -0.0239624468525
42.5 -0.0250786443012
43.0 -0.0262110824317
43.5 -0.0273408988405
44.0 -0.028470102737
44.5 -0.0295972361494
45.0 -0.0307156650526
45.5 -0.0318397455117
46.0 -0.032952640246
46.5 -0.0340306315969
47.0 -0.0351337768893
47.5 -0.0362168877642
48.0 -0.0372825541716
48.5 -0.0383064724212
49.0 -0.0392939667409
49.5 -0.040299701379
50.0 -0.0412356920083
50.5 -0.0421531874923
51.0 -0.0430312859349
51.5 -0.0438432203678
52.0 -0.0446365000703
52.5 -0.0453580271147
53.0 -0.0460567246818
53.5 -0.0467163553584
54.0 -0.0472990971279
54.5 -0.0478299058531
55.0 -0.0482906127415
55.5 -0.0486972252162
56.0 -0.0489809822271
56.5 -0.0492492430444
57.0 -0.0494798325272
57.5 -0.0496298168533
58.0 -0.0497034183865
58.5 -0.0497016343103
59.0 -0.0496321021386
59.5 -0.0495222281408
60.0 -0.0493243357285
60.5 -0.0490369256856
61.0 -0.0487190368076
61.5 -0.0482984941178
62.0 -0.0478362547202
62.5 -0.0473332963725
63.0 -0.046786093409
63.5 -0.0461807864508
64.0 -0.045505546255
64.5 -0.0447746072575
65.0 -0.0440315415968
65.5 -0.0432422209505
66.0 -0.0423821980595
66.5 -0.0415068325078
67.0 -0.0405978557063
67.5 -0.0397017094003
68.0 -0.0387638560468
68.5 -0.0378171266629
69.0 -0.0368682814427
69.5 -0.0359131276732
70.0 -0.0349348549996
70.5 -0.0339321102295
71.0 -0.0329239100779
71.5 -0.0319212870109
72.0 -0.0309181163753
72.5 -0.0299391813596
73.0 -0.0290054791774
73.5 -0.0280268377
74.0 -0.0270962880399
74.5 -0.0261522712053
75.0 -0.0252022534938
75.5 -0.0242878232472
76.0 -0.0233847963782
76.5 -0.0224986482006
77.0 -0.0216267151091
77.5 -0.020786037537
78.0 -0.0199704844411
78.5 -0.0191004293582
79.0 -0.0183585953412
79.5 -0.0176358776665
80.0 -0.0168877191378
80.5 -0.0161768951438
81.0 -0.0154914740096
81.5 -0.0147805179333
82.0 -0.0140949059369
82.5 -0.0134446389873
83.0 -0.0128397155372
83.5 -0.0122875020937
84.0 -0.0117118708502
84.5 -0.0111891656163
85.0 -0.0107870668658
85.5 -0.0101818408194
86.0 -0.00960294836747
86.5 -0.00919604054512
87.0 -0.00875027448495
87.5 -0.00822556768955
88.0 -0.00787271741294
88.5 -0.0075152719343
89.0 -0.00697955317043
89.5 -0.00673644762799
90.0 -0.00630835961465
90.5 -0.00598709651477
91.0 -0.00569943502722
91.5 -0.00537894496685
92.0 -0.00511182544621
92.5 -0.00479567728524
93.0 -0.0045213277018
93.5 -0.00428514211785
94.0 -0.00390965331444
94.5 -0.0037868477653
95.0 -0.00356710350705
95.5 -0.00336483762852
96.0 -0.0031420908123
96.5 -0.00292974233133
97.0 -0.00282713865704
97.5 -0.00270476252997
98.0 -0.00255803789523
98.5 -0.00246570278718
99.0 -0.00235051799357
99.5 -0.00227828489064
100.0 -0.00212668150893
100.5 -0.00192635764537
101.0 -0.00196412828956
101.5 -0.00199919535019
102.0 -0.00189607613806
102.5 -0.00184850416017
103.0 -0.00177501959818
103.5 -0.00166981719327
104.0 -0.00153140437939
104.5 -0.00167265952814
105.0 -0.00177670883826
105.5 -0.00168698991159
106.0 -0.00161857477698
106.5 -0.00176566172863
107.0 -0.00183764555762
107.5 -0.00174384654128
108.0 -0.00178385659562
108.5 -0.00209150125549
109.0 -0.00225628635322
109.5 -0.00216382652237
110.0 -0.00235852939367
110.5 -0.00206938419139
111.0 -0.00229545378804
111.5 -0.00275392060254
112.0 -0.00267149785184
112.5 -0.00286403781961
113.0 -0.00330442525552
113.5 -0.00366051895875
114.0 -0.00321408305567
114.5 -0.0033138834071
115.0 -0.00376056605943
115.5 -0.00426093960725
116.0 -0.00385875523709
116.5 -0.00441175096006
117.0 -0.00553667432509
117.5 -0.00601213313031
118.0 -0.0053777996325
118.5 -0.00305652036725
119.0 -0.000330127171978
119.5 0.00688202786932
120.0 0.00768705738295
120.5 0.00734688669125
121.0 0.00719662295499
121.5 0.000598170127716
122.0 -0.000241250406987
122.5 -0.0029293671974
123.0 -0.00179565073284
123.5 -0.00197709986163
124.0 -0.00177074443
124.5 -0.00179852513008
125.0 -0.00176203362415
125.5 -0.00144070267488
126.0 -0.00110345490582
126.5 -0.00133517089479
127.0 -0.00180584024537
127.5 -0.00175202028105
128.0 -0.00156373440403
128.5 -0.0015747692313
129.0 -0.000988906956906
129.5 -0.000686154359016
130.0 -0.000874715885153
130.5 -0.000587671301403
131.0 -0.000130555129601
131.5 -0.00064055949133
132.0 -0.000598985080991
132.5 -0.000300503446397
133.0 -0.000102109920817
133.5 -4.984815547e-05
134.0 9.878224175e-05
134.5 0.00016997972525
135.0 0.00021237568636
135.5 0.000409787732039
136.0 0.000487082671683
136.5 0.000550642430323
137.0 0.00082107853455
137.5 0.000614762829997
138.0 0.000575088058639
138.5 0.000651537174939
139.0 0.000665931535675
139.5 0.00078612997283
140.0 0.00111633460728
140.5 0.000861422639215
141.0 0.000850523089245
141.5 0.000982048110359
142.0 0.00129510098239
142.5 0.00118627923809
143.0 0.00113752520986
143.5 0.00117566440404
144.0 0.00120196936381
144.5 0.00148061184922
145.0 0.00156379539854
145.5 0.00120186768834
146.0 0.00125178888591
146.5 0.00173600063687
147.0 0.00169939324072
147.5 0.0015842228488
148.0 0.00144326038043
148.5 0.00148358820927
149.0 0.00174076441861
149.5 0.00170851672428
150.0 0.00161610702946
150.5 0.00166461888263
151.0 0.00176846095357
151.5 0.0017807307676
152.0 0.00195094749312
152.5 0.00190615754224
153.0 0.00196948172738
153.5 0.00208416874976
154.0 0.00201626163449
154.5 0.0020183487603
155.0 0.00199405748142
155.5 0.00193033122128
156.0 0.00197978016128
156.5 0.00197891119662
157.0 0.00209511077156
157.5 0.00222743931102
158.0 0.00233929684537
158.5 0.00251528645423
159.0 0.00259912240045
159.5 0.00265391494995
160.0 0.0027851711719
160.5 0.00289509608699
161.0 0.00302063651832
161.5 0.00299676732185
162.0 0.00298911890398
162.5 0.00291816150431
163.0 0.00298962766976
163.5 0.00316742162291
164.0 0.00326635797452
164.5 0.00335575878167
165.0 0.00348364801346
165.5 0.00351307564195
166.0 0.0034663126366
166.5 0.00372125019863
167.0 0.00380186472955
167.5 0.00415841857951
168.0 0.00441433310844
168.5 0.00428746130847
169.0 0.00418483262016
169.5 0.00462179761796
170.0 0.00476434054185
170.5 0.00425172151621
171.0 0.00481099263699
171.5 0.00514630975798
172.0 0.00475617135744
172.5 0.00513313199036
173.0 0.00565332896923
173.5 0.00553891782529
174.0 0.00515429097391
174.5 0.00536510703945
175.0 0.00528174142279
175.5 0.00469376400896
176.0 0.00333969569915
176.5 0.00352473826544
177.0 0.003777079931
177.5 0.00548818255176
178.0 0.00403355731532
178.5 0.00283436489539
179.0 0.00143737773065
179.5 1.67318638802e-05
180.0 -0.000422044474561
180.5 -0.00400303956879
181.0 -0.00393602501821
181.5 -0.000422975829053
182.0 0.00288971469892
182.5 0.00493102969386
183.0 0.00397970711209
183.5 0.00459119500238
184.0 0.00480432904294
184.5 0.00434003444676
185.0 0.00412434895985
185.5 0.00371807417329
186.0 0.00350033942425
186.5 0.00381890348534
187.0 0.00362599715548
187.5 0.00326861433672
188.0 0.00291754298607
188.5 0.00274360341058
189.0 0.00247747484789
189.5 0.00218863433967
190.0 0.00189765158684
190.5 0.00152037822046
191.0 0.00127548035987
191.5 0.000877012068145
192.0 0.00052341138165
192.5 0.000298026666215
193.0 -0.000162517540545
193.5 -0.000658203657821
194.0 -0.00126285159757
194.5 -0.00186373312458
195.0 -0.00232854418817
195.5 -0.00431251384882
196.0 -0.00524555560818
196.5 -0.00626141877483
197.0 -0.00768783336014
197.5 -0.00866877562541
198.0 -0.0115165804949
198.5 -0.0166334266114
199.0 -0.026913325043
199.5 -0.0425868054865
