0.0 0.00308380600194
0.5 0.0280626141825
1.0 0.0328587631414
1.5 0.0273677034692
2.0 0.0240593947039
2.5 0.0213372797644
3.0 0.0198494433436
3.5 0.0185697367873
4.0 0.0175242059264
4.5 0.01656491619
5.0 0.0156163663802
5.5 0.0149377633061
6.0 0.0143015850629
6.5 0.0137451818089
7.0 0.0133184664721
7.5 0.0127706951488
8.0 0.0122805454049
8.5 0.0119577107538
9.0 0.0116201819038
9.5 0.0112546099532
10.0 0.0108727596224
10.5 0.0105640516401
11.0 0.0102327340573
11.5 0.00990300840351
12.0 0.00956717803976
12.5 0.00925359486327
13.0 0.00893613442147
13.5 0.00860284458016
14.0 0.00827043823157
14.5 0.00794889565967
15.0 0.00763253192676
15.5 0.00722884473162
16.0 0.0069005224326
16.5 0.00654897088463
17.0 0.00620065307825
17.5 0.00582923042881
18.0 0.00542648963959
18.5 0.00503818089181
19.0 0.00460453041377
19.5 0.00418062892213
20.0 0.00374954012192
20.5 0.00329159455475
21.0 0.00283118216845
21.5 0.00236025979463
22.0 0.00185581989377
22.5 0.00132976112242
23.0 0.000808029879428
23.5 0.000252096488167
24.0 -0.000322357211232
24.5 -0.000920258781335
25.0 -0.00151611833834
25.5 -0.00214355630065
26.0 -0.00279602915803
26.5 -0.00345584956145
27.0 -0.00413187631882
27.5 -0.00483087869225
28.0 -0.00556077211679
28.5 -0.00633697646663
29.0 -0.00709490906846
29.5 -0.00791284191843
30.0 -0.00872257766224
30.5 -0.00955816392444
31.0 -0.0104310189296
31.5 -0.0113104317492
32.0 -0.0122102391776
32.5 -0.0131337844841
33.0 -0.0140737176773
33.5 -0.0150238220941
34.0 -0.016019532313
34.5 -0.0170169635689
35.0 -0.0180369905783
35.5 -0.0190759216036
36.0 -0.0201104793445
36.5 -0.0211627217275
37.0 -0.0222457678241
37.5 -0.0233532568053
38.0 -0.0244599737606
38.5 -0.0255338635011
39.0 -0.0266373881341
39.5 -0.0277612143632
40.0 -0.0288577340218
40.5 -0.02997256864
41.0 -0.031068441237
41.5 -0.0321680168942
42.0 -0.0332535966337
42.5 -0.0343370563737
43.0 -0.0354108762608
43.5 -0.0364388148743
44.0 -0.0374552794581
44.5 -0.0384501306681
45.0 -0.0394271949624
45.5 -0.0403507861859
46.0 -0.0412082912953
46.5 -0.0420667980899
47.0 -0.0428958985935
47.5 -0.0436585674439
48.0 -0.0443809085348
48.5 -0.0450366165068
49.0 -0.0456490064743
49.5 -0.04617217208
50.0 -0.0466610990503
50.5 -0.0471056525693
51.0 -0.0474495823833
51.5 -0.0477554934609
52.0 -0.0479700970994
52.5 -0.0481091758147
53.0 -0.0482318826862
53.5 -0.0482561787132
54.0 -0.0481943311242
54.5 -0.0480893141421
55.0 -0.0478933859083
55.5 -0.0476442230836
56.0 -0.0473045512159
56.5 -0.0469107728264
57.0 -0.0464923449975
57.5 -0.0460217596902
58.0 -0.0454880623356
58.5 -0.0449028516906
59.0 -0.0442472756736
59.5 -0.0435705870084
60.0 -0.042841275833
60.5 -0.0420890718716
61.0 -0.0412777502953
61.5 -0.0404371069296
62.0 -0.0395859357554
62.5 -0.038719155061
63.0 -0.0378214277463
63.5 -0.0369025944287
64.0 -0.0359843277888
64.5 -0.0350697797163
65.0 -0.0341244082626
65.5 -0.0331548143916
66.0 -0.0321877848565
66.5 -0.0312247988346
67.0 -0.0302600005275
67.5 -0.0293031265293
68.0 -0.0283567011492
68.5 -0.0274384897884
69.0 -0.0265055194804
69.5 -0.0255901144851
70.0 -0.0246803858206
70.5 -0.0237594739914
71.0 -0.0228772122213
71.5 -0.0219866019382
72.0 -0.0210890115456
72.5 -0.0202632126722
73.0 -0.019475697252
73.5 -0.0186834374839
74.0 -0.0179101116371
74.5 -0.0171513782725
75.0 -0.0163973372344
75.5 -0.0156729889641
76.0 -0.0149509993354
76.5 -0.0142589923196
77.0 -0.0135540719757
77.5 -0.0128828683975
78.0 -0.0122835602427
78.5 -0.0116751801428
79.0 -0.011116927192
79.5 -0.0105631146891
80.0 -0.0100565665811
80.5 -0.00946729866475
81.0 -0.00893326322623
81.5 -0.00849877741755
82.0 -0.00796934478993
82.5 -0.00743694851592
83.0 -0.00700866922842
83.5 -0.00660734229434
84.0 -0.00625238980926
84.5 -0.00589450950549
85.0 -0.00544017134039
85.5 -0.00510484925062
86.0 -0.00471740064065
86.5 -0.00440452974792
87.0 -0.00413169416554
87.5 -0.00375970403006
88.0 -0.00346255899061
88.5 -0.00319893730024
89.0 -0.00291646122855
89.5 -0.00277325013185
90.0 -0.00241362697414
90.5 -0.00220515922632
91.0 -0.00197907782885
91.5 -0.00176945956168
92.0 -0.00159277642204
92.5 -0.00140228377341
93.0 -0.00125355764216
93.5 -0.00116697199466
94.0 -0.000966919975909
94.5 -0.000780306851354
95.0 -0.000669645250529
95.5 -0.000545341410891
96.0 -0.000437703595104
96.5 -0.000313569263987
97.0 -0.000255935095012
97.5 -0.000127513430982
98.0 1.37726574927e-05
98.5 3.82720812411e-05
99.0 6.13791965272e-05
99.5 0.000198858735583
100.0 0.000328011311687
100.5 0.000432574033411
101.0 0.00038352660777
101.5 0.000352967198893
102.0 0.000316637121415
102.5 0.000289792670593
103.0 0.000306619896307
103.5 0.000230144909487
104.0 0.000151110510515
104.5 9.61026810273e-05
105.0 0.000218715538338
105.5 0.000238414615858
106.0 0.000244244788178
106.5 0.000209173379474
107.0 8.92082011177e-05
107.5 -0.000128158866609
108.0 -0.000274812012925
108.5 -0.000381737597912
109.0 -0.000468864462725
109.5 -0.000442620380362
110.0 -0.000505682140023
110.5 -0.000584441430028
111.0 -0.000728622539242
111.5 -0.000934414073498
112.0 -0.00111311353555
112.5 -0.00101209002734
113.0 -0.000911419629603
113.5 -0.00143308028626
114.0 -0.00151749109583
114.5 -0.00157803967201
115.0 -0.00146589747332
115.5 -0.00116042854633
116.0 -0.001422339322
116.5 -0.0016353440846
117.0 -0.00106148195779
117.5 -0.00250908896302
118.0 -0.000742985558787
118.5 0.000735978621364
119.0 0.00319822208063
119.5 0.010020601227
120.0 0.0105970562787
120.5 0.00952976332914
121.0 0.00688160142398
121.5 -0.00148603637354
122.0 -0.00185286692204
122.5 -0.00306508374507
123.0 -0.00237823349939
123.5 -0.00223231899759
124.0 -0.00286032112862
124.5 -0.00220274848451
125.0 -0.00209125689607
125.5 -0.00152642458369
126.0 -0.00181058734603
126.5 -0.00225146734688
127.0 -0.00192089895364
127.5 -0.00162793662234
128.0 -0.00168458318478
128.5 -0.00175772350858
129.0 -0.00133162116227
129.5 -0.00107396482911
130.0 -0.000757014672111
130.5 -0.000413481423536
131.0 -0.00050844914594
131.5 -0.000658066884817
132.0 -0.000537443331375
132.5 -0.000504871753236
133.0 -0.000285592833869
133.5 0.000115733434718
134.0 0.000220918073673
134.5 0.000440145461312
135.0 0.00014493010363
135.5 0.000268196563042
136.0 0.000548680480165
136.5 0.000446668674602
137.0 0.000561143271632
137.5 0.000546195757416
138.0 0.000674924799355
138.5 0.000722279331118
139.0 0.000795236579819
139.5 0.000871800716631
140.0 0.000952635844023
140.5 0.000956262550037
141.0 0.00111000697501
141.5 0.00131903016228
142.0 0.00132649116939
142.5 0.00120507982505
143.0 0.00121351698216
143.5 0.00124918609137
144.0 0.00134810639487
144.5 0.00151544821757
145.0 0.00145246844098
145.5 0.00146635525195
146.0 0.0012683549392
146.5 0.00175094338222
147.0 0.00170009513901
147.5 0.00163401009192
148.0 0.00170366336753
148.5 0.00170703898441
149.0 0.00162791476485
149.5 0.00179345033723
150.0 0.00199058878906
150.5 0.00148848000247
151.0 0.00187467930377
151.5 0.00194272221776
152.0 0.00204096083095
152.5 0.00213860374985
153.0 0.00215581973932
153.5 0.00202793839958
154.0 0.00203471643643
154.5 0.00241153641116
155.0 0.00237754009335
155.5 0.00260554300706
156.0 0.0025796573731
156.5 0.00239788160563
157.0 0.00209723115502
157.5 0.00231830068243
158.0 0.00253898501961
158.5 0.00261360599398
159.0 0.00267946081218
159.5 0.00277228470866
160.0 0.00290945223715
160.5 0.00293827859576
161.0 0.00265197912205
161.5 0.00267882783719
162.0 0.00284122874726
162.5 0.0030725714318
163.0 0.00332005171008
163.5 0.00351806910626
164.0 0.00357237504564
164.5 0.00355638078806
165.0 0.00370368247084
165.5 0.00369806199544
166.0 0.00369910772005
166.5 0.00369811419703
167.0 0.00389336372734
167.5 0.00429915987045
168.0 0.00452568461188
168.5 0.00456521510632
169.0 0.0046034390019
169.5 0.00470959887064
170.0 0.00480313610101
170.5 0.00485831004704
171.0 0.00505738360303
171.5 0.00529405174201
172.0 0.00547100170962
172.5 0.00582553957102
173.0 0.00609668392845
173.5 0.00622788202264
174.0 0.00638573101109
174.5 0.00643530796124
175.0 0.00644511278365
175.5 0.00589281252195
176.0 0.00620235172011
176.5 0.00558075002381
177.0 0.00595587581029
177.5 0.0066349650194
178.0 0.00650533153843
178.5 0.00380870980202
179.0 -0.00125725849773
179.5 -0.00321232955432
180.0 -0.00259123169248
180.5 -0.00319135445082
181.0 -0.000132666883559
181.5 0.00118818742787
182.0 0.00105380111619
182.5 0.00167269704359
183.0 0.00263180857816
183.5 0.00285388820166
184.0 0.00269446142018
184.5 0.00255006981988
185.0 0.00251042535213
185.5 0.00304193349562
186.0 0.00292834680718
186.5 0.0028342426608
187.0 0.00268257415253
187.5 0.00248564414599
188.0 0.00225090995984
188.5 0.00197245057973
189.0 0.001803609947
189.5 0.00149459163148
190.0 0.0011847924289
190.5 0.000801288142341
191.0 0.000612681081165
191.5 0.000222502806665
192.0 -8.69433047797e-05
192.5 -0.000282048632741
193.0 -0.0007804539527
193.5 -0.00120993444725
194.0 -0.0020814591328
194.5 -0.00277581174142
195.0 -0.00343098500981
195.5 -0.0046172761088
196.0 -0.0055042528097
196.5 -0.00648970160032
197.0 -0.00734862111567
197.5 -0.00910728255258
198.0 -0.0131851839585
198.5 -0.0182231833316
199.0 -0.0275349755584
199.5 -0.0432028269546
