0.0 0.00492940851867
0.5 0.0213100886497
1.0 0.0290728738746
1.5 0.0252308049714
2.0 0.0223256637167
2.5 0.0200762390016
3.0 0.0193239254736
3.5 0.0183820093996
4.0 0.0175297630932
4.5 0.0167745161404
5.0 0.0160410193884
5.5 0.0156004394674
6.0 0.0148942251666
6.5 0.0144137783225
7.0 0.014132643784
7.5 0.0137723839545
8.0 0.0135155346812
8.5 0.0132275253042
9.0 0.0128130679715
9.5 0.0126128166555
10.0 0.0123532018999
10.5 0.0121047549406
11.0 0.0118467229086
11.5 0.0116559266198
12.0 0.0113926170025
12.5 0.0111075969483
13.0 0.0108972044505
13.5 0.0106970686642
14.0 0.0104721786452
14.5 0.0101672569256
15.0 0.00997380275233
15.5 0.00972793167277
16.0 0.00948024361764
16.5 0.00922508619514
17.0 0.00895823289799
17.5 0.00866703939981
18.0 0.00837681398105
18.5 0.00810139950678
19.0 0.00781440440645
19.5 0.00746453671706
20.0 0.00714411395983
20.5 0.00680232515977
21.0 0.00646488915654
21.5 0.00610040014023
22.0 0.00571833735332
22.5 0.00531587358367
23.0 0.00490961448529
23.5 0.00447736599821
24.0 0.00402571554955
24.5 0.00353803407248
25.0 0.00306912723704
25.5 0.00257877511828
26.0 0.00206109891217
26.5 0.00153276529888
27.0 0.000975764194218
27.5 0.000406381536862
28.0 -0.000193243095914
28.5 -0.000830181245166
29.0 -0.00146194559939
29.5 -0.00214231686046
30.0 -0.00281201708754
30.5 -0.00351060167586
31.0 -0.00424438572833
31.5 -0.00498308210012
32.0 -0.00575491737916
32.5 -0.00655748363237
33.0 -0.00738185208408
33.5 -0.00822255747461
34.0 -0.00908189022463
34.5 -0.0099910239555
35.0 -0.0108873562949
35.5 -0.0118234892475
36.0 -0.0127625537896
36.5 -0.0137244598541
37.0 -0.0147246553585
37.5 -0.01574281239
38.0 -0.016765360939
38.5 -0.017790103881
39.0 -0.0188446555344
39.5 -0.0199288765279
40.0 -0.0210004699693
40.5 -0.0221072566767
41.0 -0.0231990820219
41.5 -0.0243238364404
42.0 -0.025466670718
42.5 -0.0266048039002
43.0 -0.0277288590726
43.5 -0.0288528745643
44.0 -0.0300195314608
44.5 -0.0311623547798
45.0 -0.0322697960175
45.5 -0.0333786370964
46.0 -0.034468227107
46.5 -0.0355668331835
47.0 -0.0366317451654
47.5 -0.0376534105071
48.0 -0.0386878506465
48.5 -0.0397127560214
49.0 -0.0407022654108
49.5 -0.0416414870088
50.0 -0.0425124650517
50.5 -0.0433464085057
51.0 -0.0441808928878
51.5 -0.0449774330995
52.0 -0.0457004273796
52.5 -0.0463507894843
53.0 -0.0469787925933
53.5 -0.0475395820998
54.0 -0.0480313041136
54.5 -0.0484699577087
55.0 -0.048823115543
55.5 -0.0490870494821
56.0 -0.049344391833
56.5 -0.049497118482
57.0 -0.04960510974
57.5 -0.0496416853679
58.0 -0.0496058584019
58.5 -0.0495001976803
59.0 -0.0493256762783
59.5 -0.0490817259787
60.0 -0.0487832501157
60.5 -0.0483884908052
61.0 -0.0479664608184
61.5 -0.047443598477
62.0 -0.0468833778178
62.5 -0.046303336151
63.0 -0.0456412283224
63.5 -0.044929978758
64.0 -0.0442089520919
64.5 -0.0434406672392
65.0 -0.0425983188185
65.5 -0.0417403804308
66.0 -0.0408399303392
66.5 -0.0399277349966
67.0 -0.0390153663166
67.5 -0.0380531492639
68.0 -0.0370961050893
68.5 -0.0361536974956
69.0 -0.0351768409344
69.5 -0.0341967871484
70.0 -0.033175507178
70.5 -0.0321915755983
71.0 -0.031209599259
71.5 -0.0302421662236
72.0 -0.0292102049882
72.5 -0.028226617029
73.0 -0.0273300982631
73.5 -0.0263741135823
74.0 -0.0254265516378
74.5 -0.0245189841173
75.0 -0.0235964830589
75.5 -0.022715552601
76.0 -0.0218496306257
76.5 -0.0209919240638
77.0 -0.0201328607483
77.5 -0.0193055864829
78.0 -0.0185200050501
78.5 -0.0177462401489
79.0 -0.0170279721709
79.5 -0.0162593485138
80.0 -0.0155537143981
80.5 -0.01488772234
81.0 -0.0142013234843
81.5 -0.0135465151719
82.0 -0.0128871730508
82.5 -0.0122731931188
83.0 -0.0116795792029
83.5 -0.0110921251719
84.0 -0.0105972092601
84.5 -0.0100670344997
85.0 -0.00952968437589
85.5 -0.00907021963804
86.0 -0.00859933614378
86.5 -0.00816254777609
87.0 -0.00775924560425
87.5 -0.00730319474967
88.0 -0.00685960864441
88.5 -0.00646317967102
89.0 -0.00612737001729
89.5 -0.00581052521595
90.0 -0.00551105734256
90.5 -0.00514828860754
91.0 -0.00483238410405
91.5 -0.00459828591176
92.0 -0.00430078901458
92.5 -0.0039720783726
93.0 -0.00371846507927
93.5 -0.00347328311248
94.0 -0.0031983664888
94.5 -0.00298875757696
95.0 -0.00288354271296
95.5 -0.00264495734132
96.0 -0.00240488928781
96.5 -0.00220704977898
97.0 -0.00214301544909
97.5 -0.00203034573311
98.0 -0.00188143299706
98.5 -0.00180253115528
99.0 -0.00170853020856
99.5 -0.00166171589411
100.0 -0.0014238970741
100.5 -0.00131041773674
101.0 -0.00114864943615
101.5 -0.00120464421894
102.0 -0.00120801828483
102.5 -0.00111682889141
103.0 -0.00100238123382
103.5 -0.00104375563746
104.0 -0.00104257368089
104.5 -0.00108011824624
105.0 -0.00113029845347
105.5 -0.00100071402591
106.0 -0.000756514012586
106.5 -0.000988503946246
107.0 -0.00105162862481
107.5 -0.00112046486681
108.0 -0.00125816219148
108.5 -0.0013538866254
109.0 -0.0014601459303
109.5 -0.00159535424976
110.0 -0.001639684415
110.5 -0.00126385590547
111.0 -0.00164218045291
111.5 -0.0021007881523
112.0 -0.00225098591204
112.5 -0.00241728558298
113.0 -0.00245732234875
113.5 -0.00264711544301
114.0 -0.00242723125211
114.5 -0.00200031507532
115.0 -0.00275333873012
115.5 -0.00194983265929
116.0 -0.00233292786768
116.5 -0.00193230994265
117.0 -0.00244917695831
117.5 -0.00406822909173
118.0 -0.00311923158969
118.5 -0.00153618260215
119.0 8.89521384693e-05
119.5 0.00859930747781
120.0 0.0114929655377
120.5 0.0107741535777
121.0 0.00778175118413
121.5 0.0029101139027
122.0 -0.000987594844659
122.5 -0.00214961017842
123.0 -0.00280556593273
123.5 -0.00287601275265
124.0 -0.00294768831691
124.5 -0.00304378918743
125.0 -0.00326060767928
125.5 -0.0029807187621
126.0 -0.0026689013543
126.5 -0.00316590251497
127.0 -0.00297874387753
127.5 -0.00259429205062
128.0 -0.00245395192657
128.5 -0.00237025312502
129.0 -0.00196293678214
129.5 -0.00153041972841
130.0 -0.00166271271007
130.5 -0.00143328188569
131.0 -0.00129940285837
131.5 -0.00087408942624
132.0 -0.000938597015356
132.5 -0.00068377837701
133.0 -0.000302671995236
133.5 -0.000332013011182
134.0 -0.000486540986287
134.5 -0.000316790430148
135.0 0.000206920205045
135.5 -0.000291093621627
136.0 4.42805343042e-05
136.5 -1.13280759457e-05
137.0 0.00022135280911
137.5 0.000253266458419
138.0 0.000483681442002
138.5 0.000610115135711
139.0 0.000460961031301
139.5 0.000457316074748
140.0 0.000625281497431
140.5 0.000686236615294
141.0 0.000847228137985
141.5 0.000907757863651
142.0 0.000929364472015
142.5 0.000932907200667
143.0 0.000982915377282
143.5 0.00102301395912
144.0 0.00121025496817
144.5 0.00148269498582
145.0 0.00132979693545
145.5 0.00134979292182
146.0 0.00131167171022
146.5 0.00137145670165
147.0 0.00148049279045
147.5 0.00148339134179
148.0 0.00150221024297
148.5 0.00152321525911
149.0 0.00151547600902
149.5 0.00176383775444
150.0 0.00171022929636
150.5 0.00215515572929
151.0 0.00192833510691
151.5 0.00188669446896
152.0 0.00184546116656
152.5 0.00199591815429
153.0 0.00210424389535
153.5 0.00207480403005
154.0 0.00206931464299
154.5 0.00210724438995
155.0 0.00237722439303
155.5 0.00232218003735
156.0 0.00209921309094
156.5 0.00236853255249
157.0 0.0023825672925
157.5 0.00229388890593
158.0 0.00228561793682
158.5 0.00247398917293
159.0 0.00260354465158
159.5 0.00261212519109
160.0 0.00270074595525
160.5 0.00277616573499
161.0 0.00268364633409
161.5 0.00297526719974
162.0 0.00320812142979
162.5 0.00328461045231
163.0 0.00319278038612
163.5 0.00318351470395
164.0 0.00338147507147
164.5 0.00354115697051
165.0 0.00377578207427
165.5 0.00385034059411
166.0 0.00373228853204
166.5 0.00356331052537
167.0 0.00367916813087
167.5 0.0040079110198
168.0 0.00429993695968
168.5 0.0044837836842
169.0 0.00451360337647
169.5 0.00464538936385
170.0 0.0048486561351
170.5 0.0049554806164
171.0 0.00512415481178
171.5 0.00545806884148
172.0 0.00562638423912
172.5 0.00604189410825
173.0 0.00641036965877
173.5 0.00665664408655
174.0 0.0069459766143
174.5 0.00720092357902
175.0 0.0076121398217
175.5 0.00735207666517
176.0 0.00759636766705
176.5 0.00808751471635
177.0 0.00857560189726
177.5 0.00823100969023
178.0 0.00627222085815
178.5 0.00390479959448
179.0 0.000395255209142
179.5 -0.00289600650058
180.0 -0.00420739491449
180.5 -0.00530333214699
181.0 -0.00144423041634
181.5 0.000587306745444
182.0 0.00203907461032
182.5 0.00252066165457
183.0 0.00259767333158
183.5 0.00309421891151
184.0 0.00347530117783
184.5 0.00301305365898
185.0 0.0028123092454
185.5 0.00242935790224
186.0 0.00239418644233
186.5 0.00226013933012
187.0 0.00210883099759
187.5 0.00186121513833
188.0 0.00150947785316
188.5 0.00124331124205
189.0 0.0010646908372
189.5 0.000860944134885
190.0 0.000484222627591
190.5 7.82748056594e-05
191.0 -0.000202718426678
191.5 -0.000644638350664
192.0 -0.00105793493734
192.5 -0.00136381609128
193.0 -0.00188690064401
193.5 -0.00261751623223
194.0 -0.0035719213444
194.5 -0.00437838105647
195.0 -0.0050915265422
195.5 -0.00650095813229
196.0 -0.0085512124099
196.5 -0.0102435703002
197.0 -0.012558938933
197.5 -0.0149615200213
198.0 -0.0202848245688
198.5 -0.0276947772836
199.0 -0.0429309692672
199.5 -0.069163109729
