0.0 0.00354179330424
0.5 0.028072110313
1.0 0.0325608139363
1.5 0.02651196306
2.0 0.0241881372955
2.5 0.0217574614631
3.0 0.0203596009911
3.5 0.0191399999337
4.0 0.0178077489224
4.5 0.0171128615645
5.0 0.0162861792383
5.5 0.0156220241236
6.0 0.0150661517123
6.5 0.014468791173
7.0 0.0140357241667
7.5 0.0136742713831
8.0 0.0133332660895
8.5 0.0129091509324
9.0 0.0126181359261
9.5 0.0122435667383
10.0 0.0119694729011
10.5 0.0115683506832
11.0 0.0112809575344
11.5 0.0110251558154
12.0 0.0107005348323
12.5 0.0103927546993
13.0 0.0101284163133
13.5 0.00985124421013
14.0 0.00958071732206
14.5 0.00917566150945
15.0 0.00891863613105
15.5 0.00858559885922
16.0 0.00827550145394
16.5 0.0079447499518
17.0 0.00762212748635
17.5 0.00726778925451
18.0 0.00688278910561
18.5 0.00650984101879
19.0 0.00612372771582
19.5 0.00570431292873
20.0 0.00529982363587
20.5 0.00484632867029
21.0 0.00439852308164
21.5 0.00395363813376
22.0 0.00347595016627
22.5 0.00298233584273
23.0 0.00246244422697
23.5 0.00193376192249
24.0 0.00138578652148
24.5 0.000798026119503
25.0 0.000226078220773
25.5 -0.000370621820589
26.0 -0.000988761565566
26.5 -0.00161451398746
27.0 -0.0022726341948
27.5 -0.00291789416346
28.0 -0.0035921401924
28.5 -0.00430984105067
29.0 -0.00504983480438
29.5 -0.0057776924157
30.0 -0.00652352853527
30.5 -0.00729780752247
31.0 -0.00807816066783
31.5 -0.00886103881928
32.0 -0.009666713133
32.5 -0.0104640139144
33.0 -0.0112814747872
33.5 -0.0121204766392
34.0 -0.0129667320834
34.5 -0.0138367392739
35.0 -0.0146814957708
35.5 -0.0155364361476
36.0 -0.0163961957449
36.5 -0.0172570212524
37.0 -0.0181279253046
37.5 -0.0189944271883
38.0 -0.0198444665201
38.5 -0.0207081232213
39.0 -0.0215414326474
39.5 -0.0223923931626
40.0 -0.0232354295308
40.5 -0.0240692567533
41.0 -0.0248772437931
41.5 -0.0256802655413
42.0 -0.0264683898209
42.5 -0.027248093856
43.0 -0.0280206621132
43.5 -0.0287746232623
44.0 -0.0295177208521
44.5 -0.0302108191345
45.0 -0.0309350359593
45.5 -0.0316195641312
46.0 -0.0322779049014
46.5 -0.0329290136544
47.0 -0.0335584882136
47.5 -0.0341487538
48.0 -0.0347329218699
48.5 -0.035285731127
49.0 -0.0358315641599
49.5 -0.0363582838475
50.0 -0.0368046557788
50.5 -0.0372597608264
51.0 -0.0376771501612
51.5 -0.0380635060032
52.0 -0.0384308112097
52.5 -0.03875177931
53.0 -0.0390580048339
53.5 -0.0393282848911
54.0 -0.0395917268278
54.5 -0.0397959142008
55.0 -0.039953773363
55.5 -0.0400837628785
56.0 -0.0402089187653
56.5 -0.0402620571249
57.0 -0.0402910472122
57.5 -0.0402909640419
58.0 -0.0402714914825
58.5 -0.0402157520935
59.0 -0.0401094846747
59.5 -0.0399637626707
60.0 -0.0397485009359
60.5 -0.0395420041599
61.0 -0.0392915788612
61.5 -0.0389951233923
62.0 -0.0386844895986
62.5 -0.0383581008533
63.0 -0.0379743930867
63.5 -0.0375606020679
64.0 -0.0371098790959
64.5 -0.0366490368588
65.0 -0.0361434842577
65.5 -0.0355952794635
66.0 -0.0350413712187
66.5 -0.0344519628944
67.0 -0.0338290137157
67.5 -0.0332420788348
68.0 -0.0325871951694
68.5 -0.0319263954738
69.0 -0.0312609333927
69.5 -0.03060116076
70.0 -0.0298633018436
70.5 -0.0291427129603
71.0 -0.0284213008619
71.5 -0.0276994579805
72.0 -0.0269266944708
72.5 -0.0261931713552
73.0 -0.0255082986168
73.5 -0.0247770585779
74.0 -0.0240575491337
74.5 -0.0232908164025
75.0 -0.0225867919881
75.5 -0.0218731300017
76.0 -0.0211445749563
76.5 -0.020436931912
77.0 -0.0197140116149
77.5 -0.0190120965953
78.0 -0.018343018693
78.5 -0.0176721958294
79.0 -0.0170397776838
79.5 -0.0163999956164
80.0 -0.0157698101149
80.5 -0.0151645718872
81.0 -0.0145523365198
81.5 -0.0140063540279
82.0 -0.0134466831293
82.5 -0.0128384436997
83.0 -0.0122859706501
83.5 -0.0117463052468
84.0 -0.0112451119631
84.5 -0.0108103032508
85.0 -0.0102608015123
85.5 -0.00982727787799
86.0 -0.00933630100147
86.5 -0.00891300596549
87.0 -0.00850588748173
87.5 -0.00807290587422
88.0 -0.007751493496
88.5 -0.00736435640447
89.0 -0.00686853973664
89.5 -0.00655528150401
90.0 -0.00627781668029
90.5 -0.0060518505345
91.0 -0.00566201087309
91.5 -0.00537293032739
92.0 -0.00513604586113
92.5 -0.00486647660818
93.0 -0.00461125908407
93.5 -0.00439324006695
94.0 -0.00412837982368
94.5 -0.00390049482073
95.0 -0.00375535313285
95.5 -0.00350985345447
96.0 -0.00335589579736
96.5 -0.00321889542419
97.0 -0.00307685747664
97.5 -0.00290822842305
98.0 -0.00276844195508
98.5 -0.00269053435711
99.0 -0.00256051539067
99.5 -0.0024073571106
100.0 -0.00228294891559
100.5 -0.00200863937727
101.0 -0.00196097429185
101.5 -0.00198433086025
102.0 -0.00184825370965
102.5 -0.00187513874204
103.0 -0.00189540277261
103.5 -0.00187799932058
104.0 -0.00194262097259
104.5 -0.0018405193343
105.0 -0.00171424690895
105.5 -0.00174350439184
106.0 -0.0017224115313
106.5 -0.00170653107084
107.0 -0.00181736350131
107.5 -0.00188397271384
108.0 -0.00194996404992
108.5 -0.00196713029616
109.0 -0.00180273508591
109.5 -0.00174210860954
110.0 -0.00229499917223
110.5 -0.0020918853354
111.0 -0.0024075265431
111.5 -0.00266499594017
112.0 -0.00258152924733
112.5 -0.00265063109349
113.0 -0.00242474324328
113.5 -0.00247151299389
114.0 -0.00280976882067
114.5 -0.00273796026437
115.0 -0.00311194137262
115.5 -0.00236463898138
116.0 -0.00311574440737
116.5 -0.00308911225754
117.0 -0.0028020467756
117.5 -0.00394811207566
118.0 -0.00265868696191
118.5 -0.00103411627899
119.0 0.00174619095735
119.5 0.00946996550682
120.0 0.00945578762824
120.5 0.00555966392507
121.0 0.00191509228729
121.5 -0.000894882202729
122.0 -0.0028381257244
122.5 -0.00389666424422
123.0 -0.00411709089177
123.5 -0.00261698755894
124.0 -0.00251158420201
124.5 -0.00284397576577
125.0 -0.00242436772089
125.5 -0.00280131147865
126.0 -0.00305769510028
126.5 -0.00315135634574
127.0 -0.00311359446681
127.5 -0.00293060239539
128.0 -0.00276565142303
128.5 -0.00264813764321
129.0 -0.00239851768196
129.5 -0.00232323159685
130.0 -0.00165939021851
130.5 -0.001962007682
131.0 -0.00133835731339
131.5 -0.00179454498802
132.0 -0.00150785730401
132.5 -0.00107730162424
133.0 -0.000812211163264
133.5 -0.000939925998949
134.0 -0.00136394497911
134.5 -0.000756574659803
135.0 -0.000916775174282
135.5 -0.00032911282316
136.0 -0.000118379563084
136.5 -0.000469005896729
137.0 -0.000644567474506
137.5 -0.000462291053832
138.0 -8.97736511618e-05
138.5 -0.000160145173876
139.0 -0.000125847236454
139.5 0.000190802214341
140.0 9.13300933298e-05
140.5 3.73705213903e-05
141.0 0.00043677881353
141.5 0.000414938078418
142.0 0.000519227270136
142.5 0.000493264454491
143.0 0.000503231177756
143.5 0.000580731702174
144.0 0.000701440345569
144.5 0.000674143808093
145.0 0.000867072076209
145.5 0.000841072642515
146.0 0.000786158283058
146.5 0.000877508361119
147.0 0.0011052952082
147.5 0.00111788957109
148.0 0.00105856177539
148.5 0.00116751459342
149.0 0.00132469681991
149.5 0.00143397135917
150.0 0.00152232673569
150.5 0.00159359076033
151.0 0.00166678096795
151.5 0.00175764626688
152.0 0.00184837197884
152.5 0.00196845514229
153.0 0.00200002511224
153.5 0.00195134351948
154.0 0.00196581257699
154.5 0.00194711116914
155.0 0.00188925252424
155.5 0.00199752919076
156.0 0.0021317224369
156.5 0.00222800846669
157.0 0.00235802291679
157.5 0.00245748855697
158.0 0.00253770704638
158.5 0.00262313113608
159.0 0.00250997184535
159.5 0.0024060969274
160.0 0.00262395302406
160.5 0.00269766729379
161.0 0.00282541610801
161.5 0.00294984207867
162.0 0.00304998713801
162.5 0.0032239144085
163.0 0.00337550730023
163.5 0.00341394039357
164.0 0.00330424423574
164.5 0.00317366867219
165.0 0.0034640998666
165.5 0.00356490267202
166.0 0.00353614274989
166.5 0.00379758939984
167.0 0.00382530313336
167.5 0.00419244595748
168.0 0.00454449791959
168.5 0.00474881952912
169.0 0.00465387295984
169.5 0.00445950515381
170.0 0.00496255780713
170.5 0.00505981561986
171.0 0.00509794879295
171.5 0.0053042894195
172.0 0.00554879570224
172.5 0.00592093943901
173.0 0.00625169373389
173.5 0.00619520419781
174.0 0.0060220687182
174.5 0.00640990885671
175.0 0.00650524716185
175.5 0.00591588176972
176.0 0.00590077607852
176.5 0.00610624683654
177.0 0.00632952701912
177.5 0.00675433665857
178.0 0.00663672449953
178.5 0.00400609136084
179.0 -0.00188638985755
179.5 -0.00427668835282
180.0 -0.00455408597112
180.5 -0.00548306101341
181.0 -0.00238204702893
181.5 -0.000701462972117
182.0 0.000967307043538
182.5 0.00196734181102
183.0 0.00257971821449
183.5 0.00258172724121
184.0 0.00224952716897
184.5 0.00219947571354
185.0 0.00214567799968
185.5 0.00181349262385
186.0 0.00164867784584
186.5 0.00202331344806
187.0 0.00192007604993
187.5 0.00164719057035
188.0 0.00128982230748
188.5 0.00103268766512
189.0 0.000669468550129
189.5 0.000331497876061
190.0 1.60131013729e-05
190.5 -0.000399958379887
191.0 -0.00069883927749
191.5 -0.00115709549134
192.0 -0.00154519333293
192.5 -0.00187585605664
193.0 -0.00258149474588
193.5 -0.00308978544788
194.0 -0.00384701499456
194.5 -0.00465158160767
195.0 -0.00560909382135
195.5 -0.00718466365237
196.0 -0.00844935654749
196.5 -0.00972890256911
197.0 -0.0127433477808
197.5 -0.0153490476071
198.0 -0.0209793602898
198.5 -0.0284196046047
199.0 -0.0433460145537
199.5 -0.0683525377321
