0.0 0.00539609717453
0.5 0.0301066250897
1.0 0.033398981725
1.5 0.0274862837363
2.0 0.0244987600503
2.5 0.0219295727483
3.0 0.0204651239956
3.5 0.0191571137252
4.0 0.0184979845237
4.5 0.017770859328
5.0 0.0168900472661
5.5 0.016307889232
6.0 0.0157156265881
6.5 0.0152149788159
7.0 0.0149028507954
7.5 0.0144473762376
8.0 0.0140419801854
8.5 0.013808353075
9.0 0.0135606124207
9.5 0.0133062541904
10.0 0.0130771700286
10.5 0.0127451143578
11.0 0.0124940602576
11.5 0.0123065026851
12.0 0.0120884346711
12.5 0.0118842030152
13.0 0.0116745493523
13.5 0.0114546867157
14.0 0.0112468577891
14.5 0.0110518179241
15.0 0.0108680152429
15.5 0.0105783137093
16.0 0.0103529540352
16.5 0.0101575998125
17.0 0.00992869254648
17.5 0.00967707348852
18.0 0.00943153284191
18.5 0.00914257085013
19.0 0.00888233163437
19.5 0.00858561285084
20.0 0.00829769760145
20.5 0.0080003306834
21.0 0.00769305896013
21.5 0.00736781782582
22.0 0.00702186981955
22.5 0.00667699990089
23.0 0.00629992815224
23.5 0.00590052730842
24.0 0.00549731255468
24.5 0.0050687416707
25.0 0.00464303100569
25.5 0.00418616145884
26.0 0.00370628825006
26.5 0.00322126860323
27.0 0.00271720488467
27.5 0.00218642201427
28.0 0.00165583306198
28.5 0.00108527120035
29.0 0.000494629203632
29.5 -0.000127155845941
30.0 -0.000758432000642
30.5 -0.00140736145309
31.0 -0.00208462195679
31.5 -0.00277536653806
32.0 -0.00349788380136
32.5 -0.00423445779723
33.0 -0.00498445705559
33.5 -0.00578192281574
34.0 -0.00657725622172
34.5 -0.00741441338554
35.0 -0.00824876411361
35.5 -0.00912326234196
36.0 -0.0100077178844
36.5 -0.0109117891662
37.0 -0.011831172139
37.5 -0.0127651046621
38.0 -0.0137214255208
38.5 -0.0147158983346
39.0 -0.0156989073026
39.5 -0.016719363088
40.0 -0.0177582612859
40.5 -0.0187976148741
41.0 -0.0198257462375
41.5 -0.0208733465618
42.0 -0.0219438127841
42.5 -0.023023721947
43.0 -0.0241041373128
43.5 -0.0251896271081
44.0 -0.0262864477026
44.5 -0.0274010681743
45.0 -0.028475225544
45.5 -0.0295846007341
46.0 -0.0306798318884
46.5 -0.0317587914483
47.0 -0.0328411590268
47.5 -0.0338764342007
48.0 -0.0349160574572
48.5 -0.035969709334
49.0 -0.036993391634
49.5 -0.0379586971137
50.0 -0.0388993975863
50.5 -0.0398486402345
51.0 -0.0407104565546
51.5 -0.041584257138
52.0 -0.0424487187986
52.5 -0.0432558030771
53.0 -0.0440190849762
53.5 -0.0447250804185
54.0 -0.0454007944921
54.5 -0.0460167098505
55.0 -0.0465328832388
55.5 -0.047049997485
56.0 -0.0475267103527
56.5 -0.0479089444802
57.0 -0.0482608684167
57.5 -0.0485328553325
58.0 -0.0487402399044
58.5 -0.0489149281079
59.0 -0.0490060624086
59.5 -0.0490288459634
60.0 -0.0489838086656
60.5 -0.0488716516726
61.0 -0.0486705327943
61.5 -0.0484204620475
62.0 -0.0481392606188
62.5 -0.047773695302
63.0 -0.047383452378
63.5 -0.0469145342556
64.0 -0.0463711447848
64.5 -0.0457934845246
65.0 -0.0451287685659
65.5 -0.0444664855003
66.0 -0.0437170176639
66.5 -0.0429484826498
67.0 -0.0421531588073
67.5 -0.0412999523396
68.0 -0.0404523019566
68.5 -0.0395893153276
69.0 -0.0386749636584
69.5 -0.0377543256887
70.0 -0.0368099797762
70.5 -0.0358294870628
71.0 -0.0348575721736
71.5 -0.0338465767123
72.0 -0.0328601602397
72.5 -0.0318568969203
73.0 -0.0308861650046
73.5 -0.0299124145984
74.0 -0.0289602556626
74.5 -0.0280130240474
75.0 -0.0270662045043
75.5 -0.0261272040909
76.0 -0.0251821186643
76.5 -0.0242657118995
77.0 -0.0233553917903
77.5 -0.0224435758278
78.0 -0.0215930368192
78.5 -0.0207402815982
79.0 -0.019953734685
79.5 -0.0191706488614
80.0 -0.0183272533119
80.5 -0.0175976140843
81.0 -0.0168493985816
81.5 -0.0161385577669
82.0 -0.0154116393054
82.5 -0.0147187539102
83.0 -0.0140524647458
83.5 -0.0134182223824
84.0 -0.0128512860693
84.5 -0.0122260673427
85.0 -0.0117160689201
85.5 -0.0111357262028
86.0 -0.0105645630023
86.5 -0.0100711313023
87.0 -0.00958654298955
87.5 -0.00901666948167
88.0 -0.00856135856801
88.5 -0.00815427296136
89.0 -0.00769664884873
89.5 -0.00734312478935
90.0 -0.00695306382904
90.5 -0.00666387049928
91.0 -0.00640679960075
91.5 -0.00595407251322
92.0 -0.0055902818579
92.5 -0.00528528357932
93.0 -0.00499895430848
93.5 -0.00474272529321
94.0 -0.00438870806849
94.5 -0.00416398735278
95.0 -0.00388156736628
95.5 -0.00369180831713
96.0 -0.00357066614577
96.5 -0.00340044796496
97.0 -0.00318681965238
97.5 -0.00301235694198
98.0 -0.00288833492259
98.5 -0.00271456238532
99.0 -0.00247346626294
99.5 -0.00239887332647
100.0 -0.00230794861579
100.5 -0.00219205413391
101.0 -0.00222352160772
101.5 -0.00208354845491
102.0 -0.001929825952
102.5 -0.00187680658183
103.0 -0.0018114089013
103.5 -0.00180343229513
104.0 -0.00181337871567
104.5 -0.00187367962507
105.0 -0.00160985424048
105.5 -0.00158842121233
106.0 -0.00163819599167
106.5 -0.00167029304843
107.0 -0.00171161482074
107.5 -0.00176378751241
108.0 -0.0017606211001
108.5 -0.00178420321637
109.0 -0.00195248285495
109.5 -0.00208572981468
110.0 -0.00218526791712
110.5 -0.0021050834556
111.0 -0.001887688624
111.5 -0.00246129720112
112.0 -0.00266249162797
112.5 -0.00289344329899
113.0 -0.0031721621737
113.5 -0.00342852974914
114.0 -0.00311302263967
114.5 -0.0035008614375
115.0 -0.00385652406567
115.5 -0.00337782016007
116.0 -0.00317534675936
116.5 -0.00315386069182
117.0 -0.00353799781895
117.5 -0.00314226284391
118.0 -0.00285589731124
118.5 -0.00185278165051
119.0 0.00111025828872
119.5 0.0113836448186
120.0 0.013975324773
120.5 0.0108872203979
121.0 0.00536879754318
121.5 0.000971398178791
122.0 -0.000995036541752
122.5 -0.00179142701117
123.0 -0.0016836500013
123.5 -0.00270265449407
124.0 -0.00339667875662
124.5 -0.00318422961124
125.0 -0.00324556882502
125.5 -0.0029336737646
126.0 -0.00267141471572
126.5 -0.00313102001562
127.0 -0.00297583410945
127.5 -0.00234813950439
128.0 -0.00195134850168
128.5 -0.00221606459576
129.0 -0.00226663522194
129.5 -0.00189169112063
130.0 -0.00161046390947
130.5 -0.0015246781709
131.0 -0.00118518173122
131.5 -0.000891796630469
132.0 -0.00125374676416
132.5 -0.00119330624565
133.0 -0.000703124749371
133.5 -0.000579766946856
134.0 -0.000466669136564
134.5 -0.000139608364137
135.0 -0.000474254906592
135.5 -0.000366749903293
136.0 -0.000226860573768
136.5 -0.000107622276712
137.0 0.000120774361484
137.5 0.000297516348969
138.0 0.00036362142599
138.5 0.00012334744013
139.0 0.000225581950797
139.5 0.000426293542613
140.0 0.000459052914891
140.5 0.000562083859347
141.0 0.000553736685596
141.5 0.000575698927683
142.0 0.000675617445705
142.5 0.000731566905236
143.0 0.000871984782345
143.5 0.000928804980058
144.0 0.000924407000577
144.5 0.00109181647792
145.0 0.00113650054738
145.5 0.0010811708724
146.0 0.000943971191609
146.5 0.0011154780426
147.0 0.00117328470876
147.5 0.00125063915857
148.0 0.0013296455717
148.5 0.00136711276768
149.0 0.00129884485916
149.5 0.00125124770718
150.0 0.00156562128451
150.5 0.00157132887286
151.0 0.00165133060968
151.5 0.00148847236179
152.0 0.00177001717373
152.5 0.00171191010812
153.0 0.00152691116077
153.5 0.0015364215818
154.0 0.00167837202921
154.5 0.00185422709477
155.0 0.00195640960729
155.5 0.00204933044556
156.0 0.0021657507082
156.5 0.00228928622466
157.0 0.00249683874728
157.5 0.00248763338585
158.0 0.00241923615716
158.5 0.00248038999943
159.0 0.00246055360076
159.5 0.00244448873295
160.0 0.00252135166964
160.5 0.00256488092214
161.0 0.00242520470908
161.5 0.00261556687378
162.0 0.0027939392145
162.5 0.00307036682023
163.0 0.00326353011324
163.5 0.00319518838104
164.0 0.00307561439494
164.5 0.00335007523411
165.0 0.00358254125801
165.5 0.00349890195738
166.0 0.00340604594227
166.5 0.00358590872327
167.0 0.00370455441357
167.5 0.00382777411821
168.0 0.00402661331989
168.5 0.00422340146454
169.0 0.00426912918518
169.5 0.00438158494658
170.0 0.00450970653571
170.5 0.00456425727749
171.0 0.00476133925231
171.5 0.00488587586221
172.0 0.00504479654269
172.5 0.00543731205505
173.0 0.00525244855514
173.5 0.00514556323233
174.0 0.0055323516758
174.5 0.00562145169823
175.0 0.00571203030671
175.5 0.00504211682546
176.0 0.00492501493939
176.5 0.00519572008834
177.0 0.00407161911558
177.5 0.00555895005552
178.0 0.0023086382736
178.5 0.00228963952051
179.0 -0.000911571109512
179.5 -0.00196261289913
180.0 -0.00247098650883
180.5 -0.00412313681016
181.0 -0.000900601182963
181.5 0.00186567524013
182.0 0.00203456362064
182.5 0.00269256132583
183.0 0.00246931099834
183.5 0.00342249618369
184.0 0.00392654543414
184.5 0.00356718562028
185.0 0.00340301875315
185.5 0.00299425552851
186.0 0.00368435498818
186.5 0.00335276088298
187.0 0.00313258623085
187.5 0.00283160090991
188.0 0.00250755782038
188.5 0.00232265116048
189.0 0.00201438747715
189.5 0.00170564504185
190.0 0.00155392171771
190.5 0.00106669064704
191.0 0.000814679960968
191.5 0.000494685398792
192.0 0.000216562955416
192.5 -1.44221117608e-05
193.0 -0.0006223290669
193.5 -0.000984446663395
194.0 -0.00168189721316
194.5 -0.00236385482732
195.0 -0.00297204892547
195.5 -0.00442044448187
196.0 -0.00537591250304
196.5 -0.00637378823612
197.0 -0.00726733150741
197.5 -0.00915471569994
198.0 -0.0133843187801
198.5 -0.0183130746627
199.0 -0.0280235020349
199.5 -0.0453006926715
