0.0 0.00486123514582
0.5 0.0213000443119
1.0 0.0289623128213
1.5 0.025020598784
2.0 0.0220513826474
2.5 0.0197994112077
3.0 0.0191062875158
3.5 0.0181045304289
4.0 0.0168494108955
4.5 0.0163289755273
5.0 0.0156358506983
5.5 0.0148702943952
6.0 0.0143586531219
6.5 0.0139496870856
7.0 0.0135722589749
7.5 0.0131734242963
8.0 0.0128501108244
8.5 0.0125197816814
9.0 0.0122132781458
9.5 0.0119051859916
10.0 0.0116077257715
10.5 0.0113428623479
11.0 0.0110546935394
11.5 0.0107612684739
12.0 0.010514049098
12.5 0.0102368662368
13.0 0.00995637925871
13.5 0.00970374267815
14.0 0.00943575942111
14.5 0.00909216240642
15.0 0.00885510207332
15.5 0.00856951514343
16.0 0.00828475285222
16.5 0.00799311617098
17.0 0.00769074545265
17.5 0.00736861088006
18.0 0.00701501277236
18.5 0.00667784649251
19.0 0.00632379990713
19.5 0.00594152175057
20.0 0.00557659126838
20.5 0.0051865890948
21.0 0.00478482546313
21.5 0.00437220260108
22.0 0.00393883047331
22.5 0.00349707552135
23.0 0.00301979566844
23.5 0.00253135850162
24.0 0.0020332429841
24.5 0.00150579330374
25.0 0.000966911565632
25.5 0.000409123249984
26.0 -0.000159880235866
26.5 -0.00075292937407
27.0 -0.00138284245796
27.5 -0.00200118254987
28.0 -0.00265429081318
28.5 -0.00334878157225
29.0 -0.00407343935143
29.5 -0.00480248180857
30.0 -0.00554206974796
30.5 -0.00632130096432
31.0 -0.00711670250693
31.5 -0.00790725089441
32.0 -0.00873928652471
32.5 -0.00960211926311
33.0 -0.0104899662366
33.5 -0.0113955567993
34.0 -0.012322619785
34.5 -0.0132792484264
35.0 -0.0142578010934
35.5 -0.0152412208203
36.0 -0.0162391558031
36.5 -0.0172567450599
37.0 -0.018300766573
37.5 -0.0193523652606
38.0 -0.0204013581808
38.5 -0.0214761948195
39.0 -0.0225690907102
39.5 -0.0237051143114
40.0 -0.0248255501738
40.5 -0.0259338741919
41.0 -0.027068426556
41.5 -0.0282356482351
42.0 -0.0293675628812
42.5 -0.0304899413072
43.0 -0.031625643946
43.5 -0.0327283037657
44.0 -0.0338307349768
44.5 -0.0349219467189
45.0 -0.0360020374004
45.5 -0.0370848872858
46.0 -0.0381164529073
46.5 -0.0391281969785
47.0 -0.0401135076297
47.5 -0.041065126763
48.0 -0.0420075334984
48.5 -0.042891281001
49.0 -0.0437228026332
49.5 -0.0445192894079
50.0 -0.0452330624538
50.5 -0.0459200939144
51.0 -0.0465393932572
51.5 -0.0471036008172
52.0 -0.0476279633206
52.5 -0.0480715621976
53.0 -0.048474443393
53.5 -0.0488004590322
54.0 -0.0490468152312
54.5 -0.0492355574469
55.0 -0.0493331581999
55.5 -0.0493697697018
56.0 -0.049342367057
56.5 -0.0492416687266
57.0 -0.0490752375901
57.5 -0.0488353028972
58.0 -0.048572088895
58.5 -0.0482132254482
59.0 -0.0477748259007
59.5 -0.0473129653245
60.0 -0.0467530487611
60.5 -0.0461403030725
61.0 -0.045491376258
61.5 -0.0447988234019
62.0 -0.04408997263
62.5 -0.0433113201202
63.0 -0.042506495062
63.5 -0.0416621537175
64.0 -0.0408113729062
64.5 -0.0399288103708
65.0 -0.038991375018
65.5 -0.0380479658554
66.0 -0.0370884068329
66.5 -0.0361263459846
67.0 -0.0351172537551
67.5 -0.0341391967958
68.0 -0.0331604508784
68.5 -0.0321908896945
69.0 -0.0312180166888
69.5 -0.0302421799691
70.0 -0.0292688097309
70.5 -0.0283094405418
71.0 -0.0273173407526
71.5 -0.0263773114073
72.0 -0.0254417333011
72.5 -0.0245193766358
73.0 -0.023633411625
73.5 -0.0227624428532
74.0 -0.0218873954675
74.5 -0.0210431265901
75.0 -0.020143015449
75.5 -0.0193559747446
76.0 -0.0185609946169
76.5 -0.0177618422754
77.0 -0.017023093542
77.5 -0.0162765105974
78.0 -0.0155146081614
78.5 -0.0148163746738
79.0 -0.0141686801871
79.5 -0.0135444484317
80.0 -0.012896512906
80.5 -0.0123049065489
81.0 -0.0117042048002
81.5 -0.0111319790894
82.0 -0.0105509577518
82.5 -0.0100101124324
83.0 -0.0095160043784
83.5 -0.00900164075548
84.0 -0.00852574529378
84.5 -0.00803217743119
85.0 -0.00756908030533
85.5 -0.00719400410157
86.0 -0.00682653151591
86.5 -0.00640451403232
87.0 -0.00601027886567
87.5 -0.00563768800595
88.0 -0.00530048582709
88.5 -0.00496532878181
89.0 -0.00466085389953
89.5 -0.00434201835826
90.0 -0.00402634987223
90.5 -0.00377886806959
91.0 -0.00352241750593
91.5 -0.00326376490662
92.0 -0.00302757486302
92.5 -0.0027839907039
93.0 -0.00257517619851
93.5 -0.00240497465064
94.0 -0.00218643736859
94.5 -0.00197644147509
95.0 -0.00182074421264
95.5 -0.00171684467693
96.0 -0.00157311700565
96.5 -0.00139648136559
97.0 -0.00131682840835
97.5 -0.00119255406181
98.0 -0.00104861330274
98.5 -0.000961514474813
99.0 -0.000800838604427
99.5 -0.000693997560997
100.0 -0.00054965382013
100.5 -0.000417664169248
101.0 -0.000461426990263
101.5 -0.000490213200671
102.0 -0.000486983735264
102.5 -0.000534811381691
103.0 -0.000566538485828
103.5 -0.000612770005048
104.0 -0.000534522511145
104.5 -0.000426975302467
105.0 -0.000280133968516
105.5 -0.000434159891824
106.0 -0.000488209408715
106.5 -0.000446512146119
107.0 -0.000448863157978
107.5 -0.000629221811202
108.0 -0.000835205663002
108.5 -0.000920000515244
109.0 -0.000851241861199
109.5 -0.000599619816562
110.0 -0.0008976820749
110.5 -0.0011914537515
111.0 -0.00133624357107
111.5 -0.00126523327427
112.0 -0.00153593652092
112.5 -0.00196682005513
113.0 -0.00207004916375
113.5 -0.00234259596252
114.0 -0.00218063308537
114.5 -0.00179439693227
115.0 -0.00230804448115
115.5 -0.00228083156935
116.0 -0.00250021413832
116.5 -0.00282540412029
117.0 -0.00322646743192
117.5 -0.00497286837918
118.0 -0.00258494526632
118.5 -0.000645625838516
119.0 0.00293872066679
119.5 0.00848800301594
120.0 0.00618431170004
120.5 0.00571892706465
121.0 0.0040645613972
121.5 0.000541659138904
122.0 -0.00248484968388
122.5 -0.00372882223739
123.0 -0.00252196051594
123.5 -0.00260962559686
124.0 -0.0022557743582
124.5 -0.00138849861801
125.0 -0.0023183561084
125.5 -0.0020389931187
126.0 -0.00215473030531
126.5 -0.00234659874884
127.0 -0.00224788986461
127.5 -0.00203122130716
128.0 -0.00167570598717
128.5 -0.00177711665836
129.0 -0.00188916656459
129.5 -0.00126393789569
130.0 -0.00120870511505
130.5 -0.00118920820415
131.0 -0.00136627866144
131.5 -0.000963960333834
132.0 -0.000807765386149
132.5 -0.00065735041332
133.0 -0.000382141706481
133.5 -0.000258679426508
134.0 -0.000159293164955
134.5 -8.53637147458e-05
135.0 8.43731089049e-05
135.5 0.000456088955545
136.0 0.000122459130139
136.5 0.000300767423834
137.0 0.000350193876734
137.5 0.000278446117978
138.0 0.000488036329653
138.5 0.000538885696411
139.0 0.000497172211229
139.5 0.000675245176062
140.0 0.000830619599608
140.5 0.000948039693057
141.0 0.00124956960622
141.5 0.000993894704092
142.0 0.00104724144022
142.5 0.00107753743804
143.0 0.00117589431455
143.5 0.00123373214933
144.0 0.00122694474323
144.5 0.00134796511219
145.0 0.0012886832648
145.5 0.0016671881929
146.0 0.00150318935629
146.5 0.00154566314624
147.0 0.00149342856406
147.5 0.00160258875001
148.0 0.00177818868424
148.5 0.00181892625246
149.0 0.00171958615488
149.5 0.0017181036177
150.0 0.00164062839241
150.5 0.00198786922453
151.0 0.00202221944668
151.5 0.00217134287513
152.0 0.00203020788743
152.5 0.00210374117323
153.0 0.0021605162555
153.5 0.00210560300555
154.0 0.00220111385347
154.5 0.00232813271659
155.0 0.00242125720488
155.5 0.00233082696846
156.0 0.00237978227663
156.5 0.00279371181085
157.0 0.00277823421242
157.5 0.00268488429556
158.0 0.00257012917032
158.5 0.00261514942768
159.0 0.00276585745461
159.5 0.00287315592414
160.0 0.00293802573969
160.5 0.00277227177268
161.0 0.00288634665262
161.5 0.00304536265695
162.0 0.00312615627674
162.5 0.00326954784531
163.0 0.00340717474912
163.5 0.0035124639433
164.0 0.00356097636536
164.5 0.00357137574417
165.0 0.00354284196537
165.5 0.00377123528579
166.0 0.00383414712323
166.5 0.00412620145507
167.0 0.00415126752257
167.5 0.00444560897413
168.0 0.00478318572639
168.5 0.00509924011099
169.0 0.0050759938083
169.5 0.00489350130469
170.0 0.00541617639587
170.5 0.00564980886659
171.0 0.005294869403
171.5 0.005669116357
172.0 0.00614134006454
172.5 0.00665329359224
173.0 0.00687828045436
173.5 0.00715901584392
174.0 0.00743572248885
174.5 0.00745978965527
175.0 0.00675757284345
175.5 0.00658382689581
176.0 0.00671241356567
176.5 0.00701245989001
177.0 0.00732791533105
177.5 0.00771997162103
178.0 0.00714699123233
178.5 0.00457996853709
179.0 0.000225478232508
179.5 -0.00375324730017
180.0 -0.00360806071529
180.5 -0.00381084993712
181.0 -0.000935098797726
181.5 0.00179853449704
182.0 0.00108171990922
182.5 0.00281175389904
183.0 0.00201772537707
183.5 0.00234689997841
184.0 0.00217558703356
184.5 0.00216304442297
185.0 0.00224387487486
185.5 0.00202439553006
186.0 0.00198309204731
186.5 0.00245665825807
187.0 0.00223034724829
187.5 0.00188904136604
188.0 0.00156700071409
188.5 0.00135595762727
189.0 0.0011730373415
189.5 0.000806896027171
190.0 0.00057742860696
190.5 7.71596023839e-05
191.0 -0.00023862192667
191.5 -0.000622293976775
192.0 -0.000990581489319
192.5 -0.00130123191146
193.0 -0.00199283256701
193.5 -0.0024381179206
194.0 -0.00319444595515
194.5 -0.00409113937327
195.0 -0.00539583622862
195.5 -0.00694257887035
196.0 -0.00822087573958
196.5 -0.00995435263717
197.0 -0.0121922797758
197.5 -0.0144649026637
198.0 -0.0199429423915
198.5 -0.0274726935989
199.0 -0.0424856633231
199.5 -0.0667371484945
