0.0 0.00552827904626
0.5 0.0305690866769
1.0 0.0344706279801
1.5 0.0286450747423
2.0 0.0257708130911
2.5 0.0232333597263
3.0 0.0218482542377
3.5 0.0205822320625
4.0 0.0196207369689
4.5 0.0187451201054
5.0 0.0178008519409
5.5 0.0172409199945
6.0 0.0166771008929
6.5 0.016171732188
7.0 0.0157641324959
7.5 0.015374629055
8.0 0.0150541239443
8.5 0.0146709438219
9.0 0.0144457271683
9.5 0.0142047903829
10.0 0.0138083132344
10.5 0.0136052032921
11.0 0.0133548631712
11.5 0.0130863416605
12.0 0.0128216634923
12.5 0.0125730708571
13.0 0.0123449673289
13.5 0.0120712738649
14.0 0.0118270165455
14.5 0.0115904720609
15.0 0.0113407302124
15.5 0.0110670990515
16.0 0.0108232151798
16.5 0.0105653970807
17.0 0.0102591977102
17.5 0.00992170280758
18.0 0.00962995358384
18.5 0.00929807724534
19.0 0.00897429601189
19.5 0.00863038548153
20.0 0.00827763961454
20.5 0.00791300882028
21.0 0.00753139989395
21.5 0.00713091152541
22.0 0.00671207695267
22.5 0.00627134611521
23.0 0.00582452273133
23.5 0.00534407625187
24.0 0.0048386792924
24.5 0.00432465471871
25.0 0.00380728063583
25.5 0.00324767675751
26.0 0.00266358099899
26.5 0.00207498449942
27.0 0.00146735829123
27.5 0.000831489685764
28.0 0.000191838900847
28.5 -0.000500063368506
29.0 -0.00121536262818
29.5 -0.00193803565665
30.0 -0.00266487375494
30.5 -0.00343698779922
31.0 -0.00422319553041
31.5 -0.00501774314494
32.0 -0.00584258929881
32.5 -0.00666913394529
33.0 -0.00753129017252
33.5 -0.00842782077891
34.0 -0.00930011344437
34.5 -0.0102192048242
35.0 -0.0111497474253
35.5 -0.012091277414
36.0 -0.013039877647
36.5 -0.0140059997757
37.0 -0.0149742700479
37.5 -0.0159560463527
38.0 -0.0169585744948
38.5 -0.0179477160711
39.0 -0.0189503170106
39.5 -0.0199784143955
40.0 -0.0209739966771
40.5 -0.0219849638922
41.0 -0.0230036686247
41.5 -0.0240389117166
42.0 -0.0250476159719
42.5 -0.0260490974012
43.0 -0.0270642404097
43.5 -0.0280643021087
44.0 -0.0290667162589
44.5 -0.0300652690507
45.0 -0.0310530517712
45.5 -0.0320179234193
46.0 -0.0329575781614
46.5 -0.0339118146962
47.0 -0.0348344051254
47.5 -0.0357192225605
48.0 -0.0366091513221
48.5 -0.0374665020709
49.0 -0.0383161166188
49.5 -0.0391499573472
50.0 -0.0398917990513
50.5 -0.0406439342898
51.0 -0.0413628575366
51.5 -0.0420722005396
52.0 -0.0427359524875
52.5 -0.0433345433191
53.0 -0.0439274541262
53.5 -0.0444964156505
54.0 -0.0450160563445
54.5 -0.0455026180935
55.0 -0.0459230040276
55.5 -0.0463080523584
56.0 -0.0466279455854
56.5 -0.0469268342561
57.0 -0.0471442767539
57.5 -0.0473106685582
58.0 -0.0474819798422
58.5 -0.0475808216556
59.0 -0.0476060010546
59.5 -0.0476040732456
60.0 -0.0474969158157
60.5 -0.0473429167709
61.0 -0.0471626294672
61.5 -0.046914321043
62.0 -0.0466386091093
62.5 -0.0462850958707
63.0 -0.0459122543965
63.5 -0.0454664971532
64.0 -0.0449450548796
64.5 -0.0444408728977
65.0 -0.0438533710022
65.5 -0.0431992741312
66.0 -0.0425094793438
66.5 -0.0417999796972
67.0 -0.0410218383237
67.5 -0.0402596842132
68.0 -0.0394344255707
68.5 -0.0385978056006
69.0 -0.0377471700845
69.5 -0.0368379746931
70.0 -0.0359424714767
70.5 -0.0350133643098
71.0 -0.0340368732059
71.5 -0.0330960219089
72.0 -0.0321120023811
72.5 -0.0311640869388
73.0 -0.030250468803
73.5 -0.0292891477341
74.0 -0.0283616745409
74.5 -0.027368435456
75.0 -0.0264262664022
75.5 -0.0255085420766
76.0 -0.024595944685
76.5 -0.0236890411843
77.0 -0.0227750153441
77.5 -0.02189852371
78.0 -0.0210791201197
78.5 -0.020207883975
79.0 -0.0194042470345
79.5 -0.0186244011479
80.0 -0.0178218688374
80.5 -0.0170543188852
81.0 -0.0162978688966
81.5 -0.0156301507545
82.0 -0.0148864257032
82.5 -0.0141512323705
83.0 -0.0135188744747
83.5 -0.0128507849481
84.0 -0.0122309664531
84.5 -0.0116642815958
85.0 -0.0110554172333
85.5 -0.0105320523342
86.0 -0.00996222157433
86.5 -0.00949035468805
87.0 -0.00905332584721
87.5 -0.00856828854763
88.0 -0.00808819318222
88.5 -0.00765922037737
89.0 -0.0073151544738
89.5 -0.00678009817619
90.0 -0.00640205406066
90.5 -0.00611678057262
91.0 -0.00584082904258
91.5 -0.00546767999732
92.0 -0.00512877134428
92.5 -0.00479788737113
93.0 -0.00449823384371
93.5 -0.00423631131995
94.0 -0.00391454592068
94.5 -0.00367528993027
95.0 -0.00341325096308
95.5 -0.00331661078036
96.0 -0.00317052174932
96.5 -0.00292383630001
97.0 -0.00283544435628
97.5 -0.00268429672196
98.0 -0.00246612589743
98.5 -0.00228797616491
99.0 -0.00206649858866
99.5 -0.00198374548289
100.0 -0.00194676888741
100.5 -0.0017512072283
101.0 -0.0015675610144
101.5 -0.00156299928206
102.0 -0.00161929984306
102.5 -0.00165920548303
103.0 -0.0014946080545
103.5 -0.00134514166929
104.0 -0.0013862569386
104.5 -0.00141768724253
105.0 -0.00141373809656
105.5 -0.00143001896648
106.0 -0.00128578627629
106.5 -0.00133932390377
107.0 -0.00141636864664
107.5 -0.00154250758582
108.0 -0.00166285412323
108.5 -0.00173403597889
109.0 -0.00173679241145
109.5 -0.00168810286873
110.0 -0.00183367466808
110.5 -0.00169739178264
111.0 -0.00187080320534
111.5 -0.00199668085003
112.0 -0.00192399624272
112.5 -0.00212649043483
113.0 -0.00237592189782
113.5 -0.0026783632934
114.0 -0.00244404190708
114.5 -0.00267214132853
115.0 -0.00291923454985
115.5 -0.00260913802994
116.0 -0.00298357409707
116.5 -0.00338175006236
117.0 -0.00254213391761
117.5 -0.00378069725112
118.0 -0.00245202334806
118.5 -0.00197943848184
119.0 0.000548749322007
119.5 0.00804656909996
120.0 0.00969360869026
120.5 0.00965056378385
121.0 0.00599317369839
121.5 0.00164814886986
122.0 -0.00217105463481
122.5 -0.00404410883513
123.0 -0.00284056336679
123.5 -0.00239735821043
124.0 -0.0021741370952
124.5 -0.00239113404767
125.0 -0.0040371496649
125.5 -0.00338052161833
126.0 -0.00338643440531
126.5 -0.00350971088444
127.0 -0.0032303639818
127.5 -0.00292440258389
128.0 -0.00272861245925
128.5 -0.00266875846567
129.0 -0.00245046653408
129.5 -0.00207340412781
130.0 -0.00159882829765
130.5 -0.0017174716905
131.0 -0.00166168052615
131.5 -0.00139237140938
132.0 -0.00123808362437
132.5 -0.00128736628368
133.0 -0.000985479620141
133.5 -0.000623677084974
134.0 -0.000565909342711
134.5 -0.00044840778758
135.0 -0.00048132090437
135.5 -0.000381260129956
136.0 -0.000571851530808
136.5 -0.000131567442427
137.0 2.39928676429e-05
137.5 -2.16639112587e-05
138.0 0.00025542686026
138.5 0.000241436751065
139.0 1.3461806148e-05
139.5 0.000220391163463
140.0 0.00037208625173
140.5 0.000481261460028
141.0 0.000396018622794
141.5 0.000778755230009
142.0 0.000725814810568
142.5 0.000587873192615
143.0 0.000650382605542
143.5 0.000721018751848
144.0 0.00080677922408
144.5 0.000812124171656
145.0 0.000917896441695
145.5 0.00096817042271
146.0 0.00106144865105
146.5 0.000995756898105
147.0 0.00114764314297
147.5 0.00114751642151
148.0 0.00116740049159
148.5 0.00134797141656
149.0 0.00146762800952
149.5 0.00156182954312
150.0 0.00163062248917
150.5 0.00170134086672
151.0 0.00177932137926
151.5 0.00184663865646
152.0 0.00191021307544
152.5 0.00194879554408
153.0 0.00201773820587
153.5 0.00208317371568
154.0 0.00213358028343
154.5 0.00219402771959
155.0 0.00223933539461
155.5 0.00230755179468
156.0 0.00241569236631
156.5 0.0025057373733
157.0 0.00268054063256
157.5 0.00266476178469
158.0 0.00250043893823
158.5 0.00254356268908
159.0 0.00269085912391
159.5 0.00277934450529
160.0 0.00295732731272
160.5 0.00301805225125
161.0 0.00279857553092
161.5 0.00298744143473
162.0 0.0031397141608
162.5 0.00306994408659
163.0 0.00310433520484
163.5 0.00327042374931
164.0 0.0033778350689
164.5 0.00349336957835
165.0 0.00365216365677
165.5 0.00371423512469
166.0 0.00369116905309
166.5 0.0038942785342
167.0 0.00396728131534
167.5 0.00419191189193
168.0 0.00454819658071
168.5 0.00477364184932
169.0 0.00477114780812
169.5 0.00476703948419
170.0 0.00449959877275
170.5 0.00483110041785
171.0 0.00509191836494
171.5 0.00537147819469
172.0 0.00565541516579
172.5 0.00612649684876
173.0 0.00642094773052
173.5 0.00684047189871
174.0 0.00718003839317
174.5 0.0073074867354
175.0 0.00740132838223
175.5 0.00587086665229
176.0 0.00639942907455
176.5 0.00689180872995
177.0 0.0074192624236
177.5 0.0102709644806
178.0 0.00636244268085
178.5 0.00488118892365
179.0 -0.0025981812844
179.5 -0.00581764413478
180.0 -0.00442591701982
180.5 -0.00403469721596
181.0 -0.00132998607143
181.5 -0.000445531272277
182.0 0.000814104786457
182.5 0.00145954404722
183.0 0.0016696945095
183.5 0.0022252952583
184.0 0.00254820096319
184.5 0.00224406360172
185.0 0.00223580354347
185.5 0.00201390161885
186.0 0.00210068560631
186.5 0.00207310987254
187.0 0.00191796310166
187.5 0.00166065500574
188.0 0.00135987709363
188.5 0.00115710103401
189.0 0.000828758417384
189.5 0.000499968856786
190.0 0.000332112932057
190.5 -0.000162826270625
191.0 -0.000369225622563
191.5 -0.000747261760068
192.0 -0.00124168980314
192.5 -0.00162246471868
193.0 -0.00220973220657
193.5 -0.00280858575029
194.0 -0.00346658914839
194.5 -0.00433984071638
195.0 -0.00570049906707
195.5 -0.00736084546557
196.0 -0.00852593534022
196.5 -0.0101120265601
197.0 -0.011904097677
197.5 -0.0149578863455
198.0 -0.0208616529019
198.5 -0.0280352756231
199.0 -0.0425447499748
199.5 -0.0667735504159
