0.0 0.00351785446536
0.5 0.0162272725904
1.0 0.0183065595499
1.5 0.0144771943731
2.0 0.0120518395782
2.5 0.0103590650551
3.0 0.00937218598712
3.5 0.00841880461868
4.0 0.00756144961591
4.5 0.00681414963456
5.0 0.00609086285899
5.5 0.00553908756837
6.0 0.00501242333083
6.5 0.00439483104977
7.0 0.00391661617615
7.5 0.00354441637769
8.0 0.00319686772606
8.5 0.00279788320888
9.0 0.00244231314551
9.5 0.00209066021566
10.0 0.00171270554425
10.5 0.00139968161815
11.0 0.000967864996769
11.5 0.000640254309562
12.0 0.000326571378068
12.5 1.28328889328e-05
13.0 -0.000306703596575
13.5 -0.000636566621658
14.0 -0.000976613556318
14.5 -0.00129973670189
15.0 -0.00161065065169
15.5 -0.00195160984387
16.0 -0.00227455289983
16.5 -0.00263411559578
17.0 -0.00298351484312
17.5 -0.00332382711924
18.0 -0.00367067297554
18.5 -0.00403195356825
19.0 -0.00437303463332
19.5 -0.004767429482
20.0 -0.00512821868547
20.5 -0.0055034522932
21.0 -0.0058643044538
21.5 -0.00624609392346
22.0 -0.00664389057676
22.5 -0.00701427886405
23.0 -0.00743407541541
23.5 -0.00783162296241
24.0 -0.00823829644566
24.5 -0.00865354952533
25.0 -0.0090610694257
25.5 -0.00947892489653
26.0 -0.00988744080907
26.5 -0.0102980098464
27.0 -0.0107266529595
27.5 -0.0111493876275
28.0 -0.0115808198649
28.5 -0.0120389459012
29.0 -0.0124677971546
29.5 -0.0129263340269
30.0 -0.0133514912391
30.5 -0.0137798401137
31.0 -0.014227407256
31.5 -0.0146588269867
32.0 -0.0150827437403
32.5 -0.0155137509268
33.0 -0.0159512635744
33.5 -0.0163954832461
34.0 -0.0168298260096
34.5 -0.0172517207748
35.0 -0.017669616368
35.5 -0.0180896265931
36.0 -0.018490797041
36.5 -0.0188826685875
37.0 -0.019276355452
37.5 -0.0196629284598
38.0 -0.0200320323906
38.5 -0.0203872839952
39.0 -0.0207467397582
39.5 -0.021095475996
40.0 -0.0214423315529
40.5 -0.0217421906195
41.0 -0.0220328756122
41.5 -0.0223264579946
42.0 -0.0226006286259
42.5 -0.0228596848755
43.0 -0.0231035196997
43.5 -0.0233165069741
44.0 -0.023516209868
44.5 -0.0237190609095
45.0 -0.0239012496628
45.5 -0.024050695034
46.0 -0.0241806783767
46.5 -0.0243174401184
47.0 -0.0244213686857
47.5 -0.0244957713563
48.0 -0.0245828438057
48.5 -0.0246269982169
49.0 -0.0246442377781
49.5 -0.0246640028556
50.0 -0.0246132677338
50.5 -0.0245700888728
51.0 -0.0245398344607
51.5 -0.0244652921354
52.0 -0.0243848443483
52.5 -0.0242721722292
53.0 -0.0241698533856
53.5 -0.024029888321
54.0 -0.0238679034781
54.5 -0.0237139167242
55.0 -0.0234988894206
55.5 -0.0232886142001
56.0 -0.0230812660832
56.5 -0.0228220688027
57.0 -0.0225797916019
57.5 -0.0223160631792
58.0 -0.0220731299309
58.5 -0.0218032674923
59.0 -0.0215080417646
59.5 -0.021227761279
60.0 -0.0209190632997
60.5 -0.0205495475918
61.0 -0.0202322287968
61.5 -0.0198747854397
62.0 -0.0195336021468
62.5 -0.0192099539754
63.0 -0.0188595008565
63.5 -0.0185095995018
64.0 -0.0181624009462
64.5 -0.0178116675044
65.0 -0.017434813948
65.5 -0.017072191571
66.0 -0.0166772042226
66.5 -0.0163018715457
67.0 -0.015962121224
67.5 -0.0155671424567
68.0 -0.0151846516641
68.5 -0.0148581008558
69.0 -0.0144998881064
69.5 -0.0141572358431
70.0 -0.0138174662697
70.5 -0.0133850713893
71.0 -0.0130250869688
71.5 -0.0126831318488
72.0 -0.0123512243989
72.5 -0.012007303592
73.0 -0.0116774737747
73.5 -0.011301480387
74.0 -0.0110135942198
74.5 -0.0106858998027
75.0 -0.010346718244
75.5 -0.0100382981921
76.0 -0.00973317413113
76.5 -0.009433492883
77.0 -0.00911248073527
77.5 -0.00882131875114
78.0 -0.00853544362664
78.5 -0.00823200118103
79.0 -0.00797872224306
79.5 -0.00770857475656
80.0 -0.0074400052368
80.5 -0.00719293730539
81.0 -0.0069304180217
81.5 -0.00671112527236
82.0 -0.00645560289207
82.5 -0.0061924236161
83.0 -0.00598908153117
83.5 -0.00579257860844
84.0 -0.00555695536443
84.5 -0.00536195873155
85.0 -0.00512667528823
85.5 -0.00497111452774
86.0 -0.00483431666587
86.5 -0.00461232772035
87.0 -0.00440455691672
87.5 -0.00422708452451
88.0 -0.00408123496485
88.5 -0.00392185081242
89.0 -0.00381184685189
89.5 -0.00369596257183
90.0 -0.0034522033262
90.5 -0.00339875508986
91.0 -0.00333130104384
91.5 -0.00315837968954
92.0 -0.00301611016723
92.5 -0.00286383429019
93.0 -0.00274736229821
93.5 -0.0026639702465
94.0 -0.00249432267645
94.5 -0.00245687792764
95.0 -0.00244207498631
95.5 -0.00236007332074
96.0 -0.00234609098262
96.5 -0.00228216746003
97.0 -0.00216667510973
97.5 -0.00207872567175
98.0 -0.00204766992655
98.5 -0.00205191677824
99.0 -0.0020599391752
99.5 -0.00197562131893
100.0 -0.00181272734344
100.5 -0.00178866400974
101.0 -0.00170565824573
101.5 -0.00177934925768
102.0 -0.00186853355895
102.5 -0.00185178287634
103.0 -0.00174121654349
103.5 -0.0016861522681
104.0 -0.0016121878709
104.5 -0.00176398918261
105.0 -0.00180775954063
105.5 -0.0019013656963
106.0 -0.0016984956471
106.5 -0.00182869207043
107.0 -0.00196400803113
107.5 -0.00201963531742
108.0 -0.00210026664242
108.5 -0.0022387804699
109.0 -0.00244422495042
109.5 -0.00248276473265
110.0 -0.00207119210892
110.5 -0.00233413149736
111.0 -0.00254732367639
111.5 -0.00279751175576
112.0 -0.00292368316713
112.5 -0.00313806759689
113.0 -0.0032548723096
113.5 -0.00356896214191
114.0 -0.00359100719528
114.5 -0.00391401138343
115.0 -0.00408522238575
115.5 -0.00297135236001
116.0 -0.00353001509212
116.5 -0.0039763428402
117.0 -0.00421034656706
117.5 -0.00309344226572
118.0 -0.00225445190802
118.5 -0.000994887098543
119.0 0.00145098304976
119.5 0.00989514056404
120.0 0.0115134634185
120.5 0.00822379266005
121.0 0.00355170255663
121.5 -0.000448970089948
122.0 -0.00344259870612
122.5 -0.00474328488514
123.0 -0.00482468521847
123.5 -0.00492293685673
124.0 -0.0049201367552
124.5 -0.0050109066493
125.0 -0.00394499951376
125.5 -0.00370190789238
126.0 -0.00385858922408
126.5 -0.0033334847611
127.0 -0.0032906935063
127.5 -0.00309082201383
128.0 -0.00262684128199
128.5 -0.00264924000795
129.0 -0.00265857414871
129.5 -0.00223415886616
130.0 -0.00193245163241
130.5 -0.0015980944233
131.0 -0.00195511959419
131.5 -0.00151058126605
132.0 -0.00154335739714
132.5 -0.00134585753793
133.0 -0.00122083752998
133.5 -0.00123763347182
134.0 -0.000960721008042
134.5 -0.000761936660687
135.0 -0.000939752276523
135.5 -0.000527183794958
136.0 -0.000710054779212
136.5 -0.000582028213469
137.0 -0.000400322213991
137.5 -0.000421850762152
138.0 -0.000168293150299
138.5 -0.000138130712589
139.0 -0.000206612081247
139.5 -3.51033224248e-05
140.0 -0.000186238259737
140.5 2.3582631723e-05
141.0 0.000290292683591
141.5 0.000118925086266
142.0 0.000248169609495
142.5 0.000356599030413
143.0 0.000398284283023
143.5 0.000395701841541
144.0 0.000522798810836
144.5 0.000644555635924
145.0 0.000525599584156
145.5 0.000721670218229
146.0 0.000612471697742
146.5 0.000726379369081
147.0 0.000664118609583
147.5 0.000706118202612
148.0 0.000868145309237
148.5 0.000993060237137
149.0 0.00108550551425
149.5 0.00131631127273
150.0 0.00105849188753
150.5 0.00123515773756
151.0 0.00114251336231
151.5 0.00125885887676
152.0 0.00117277957595
152.5 0.00117966641774
153.0 0.00130083575596
153.5 0.00133320249669
154.0 0.00135151685695
154.5 0.00158527607373
155.0 0.00181779119357
155.5 0.00154446891758
156.0 0.00169218621724
156.5 0.00179406885189
157.0 0.00177932171454
157.5 0.00168449848967
158.0 0.00164574699015
158.5 0.00175544741419
159.0 0.00181217721173
159.5 0.00190558889289
160.0 0.00208191711171
160.5 0.00203480861161
161.0 0.00255588714851
161.5 0.00255511265907
162.0 0.00247389807956
162.5 0.00254979466105
163.0 0.00230185713978
163.5 0.00227403408449
164.0 0.00262574813637
164.5 0.00254503797182
165.0 0.00300711609035
165.5 0.00268834091445
166.0 0.0030139184636
166.5 0.003020759414
167.0 0.00325941982852
167.5 0.00344000189611
168.0 0.00360081869203
168.5 0.00374447644305
169.0 0.00377331271864
169.5 0.00385587559792
170.0 0.00365214585457
170.5 0.00402908119371
171.0 0.00432016974376
171.5 0.00455397975323
172.0 0.00481038251391
172.5 0.00521727238335
173.0 0.00556931020265
173.5 0.00590829156585
174.0 0.00581393506737
174.5 0.00524614177398
175.0 0.00578425830908
175.5 0.00543929979591
176.0 0.00589155919855
176.5 0.00536375291325
177.0 0.00563488434226
177.5 0.00776919006424
178.0 0.0045257394596
178.5 0.00439327524066
179.0 -0.000290836594615
179.5 -0.0028802312325
180.0 -0.0032296489188
180.5 -0.0054895478174
181.0 -0.00324613209969
181.5 -0.0002622492987
182.0 -0.000190763344719
182.5 0.00204709581277
183.0 0.00160638329658
183.5 0.00170655607616
184.0 0.00169453440125
184.5 0.0023155156186
185.0 0.00216151951673
185.5 0.00193171942088
186.0 0.00199516255211
186.5 0.00193672966478
187.0 0.00175175595926
187.5 0.00148093334936
188.0 0.00114670939425
188.5 0.000920851757911
189.0 0.000722640263518
189.5 0.000349172691756
190.0 -2.13746599798e-06
190.5 -0.000431435246668
191.0 -0.000661250986994
191.5 -0.00109760937535
192.0 -0.00151765024108
192.5 -0.00188183691434
193.0 -0.00248571421605
193.5 -0.00313344447974
194.0 -0.00388356897392
194.5 -0.00480763354741
195.0 -0.00564847706976
195.5 -0.00739991919237
196.0 -0.00883992570074
196.5 -0.0106111223609
197.0 -0.012967125214
197.5 -0.0154860267526
198.0 -0.0212944458777
198.5 -0.0288692194853
199.0 -0.0438325174574
199.5 -0.0687850023566
