0.0 0.00262740512064
0.5 0.0245482780809
1.0 0.0246200521146
1.5 0.0194757106125
2.0 0.0164321692433
2.5 0.0139682330403
3.0 0.0126520451288
3.5 0.0114658431699
4.0 0.0104776856294
4.5 0.00970416034578
5.0 0.00887220183149
5.5 0.0080348807228
6.0 0.0074511294507
6.5 0.00698791513966
7.0 0.00658949624126
7.5 0.00614584874387
8.0 0.00578251612051
8.5 0.00539352420529
9.0 0.00506677254614
9.5 0.00477286064976
10.0 0.00430498267427
10.5 0.0040427920156
11.0 0.00374764022948
11.5 0.00342801823432
12.0 0.00315604474985
12.5 0.0028564431026
13.0 0.0025660736347
13.5 0.00226948976655
14.0 0.00199031259939
14.5 0.0016364856611
15.0 0.0013747795243
15.5 0.00107213237618
16.0 0.000780658960554
16.5 0.00051924433957
17.0 0.000204221823553
17.5 -0.00013717825516
18.0 -0.00042334062262
18.5 -0.000729414875506
19.0 -0.00104646830403
19.5 -0.00138455781518
20.0 -0.00169763084553
20.5 -0.00200943833504
21.0 -0.00235074401697
21.5 -0.00269609000679
22.0 -0.00305205990163
22.5 -0.00338246683571
23.0 -0.00375767149263
23.5 -0.00411315774044
24.0 -0.00448302195718
24.5 -0.00487486968772
25.0 -0.00525375327311
25.5 -0.00564467152569
26.0 -0.00603612489696
26.5 -0.00642541034492
27.0 -0.0068383773324
27.5 -0.0072420277958
28.0 -0.00764838476779
28.5 -0.00808048015304
29.0 -0.00851821226924
29.5 -0.00896558219604
30.0 -0.00939269721046
30.5 -0.00982609686644
31.0 -0.0102761179852
31.5 -0.0107299636463
32.0 -0.0111901476625
32.5 -0.0116331582147
33.0 -0.0120914222428
33.5 -0.0125664331673
34.0 -0.0130204724809
34.5 -0.0135050626247
35.0 -0.0139910553071
35.5 -0.0144568971036
36.0 -0.0149326856885
36.5 -0.0154009534823
37.0 -0.0158537080164
37.5 -0.0163210775883
38.0 -0.0167983190567
38.5 -0.0172518762805
39.0 -0.0177141848097
39.5 -0.0181918411349
40.0 -0.0186388786132
40.5 -0.0190944486452
41.0 -0.0195241229762
41.5 -0.0199551995124
42.0 -0.0203736874721
42.5 -0.0207888758684
43.0 -0.0212023582876
43.5 -0.021592146275
44.0 -0.0219820234526
44.5 -0.0223719261203
45.0 -0.0227123997047
45.5 -0.0230747433472
46.0 -0.0234133840325
46.5 -0.0237447986826
47.0 -0.0240534705552
47.5 -0.0243283234705
48.0 -0.0246046571593
48.5 -0.0248514601743
49.0 -0.0250994888791
49.5 -0.0253413528587
50.0 -0.025505439447
50.5 -0.0256829056242
51.0 -0.0258409118492
51.5 -0.0259788831624
52.0 -0.0261068339083
52.5 -0.0261889171407
53.0 -0.0262816088724
53.5 -0.0263519341414
54.0 -0.0263891660164
54.5 -0.0264309630456
55.0 -0.0264005715314
55.5 -0.0263447286751
56.0 -0.0263239515096
56.5 -0.0262469201947
57.0 -0.0261753461849
57.5 -0.0260781934143
58.0 -0.0259595493638
58.5 -0.0258256511617
59.0 -0.0256545131861
59.5 -0.025466856028
60.0 -0.0252587823969
60.5 -0.0250434482976
61.0 -0.0248254210897
61.5 -0.0245576249878
62.0 -0.0242829687595
62.5 -0.0240219449466
63.0 -0.0237451219231
63.5 -0.0234573029132
64.0 -0.0231570858228
64.5 -0.0228078531103
65.0 -0.0224679544258
65.5 -0.0221261383043
66.0 -0.0217731733183
66.5 -0.0214244439709
67.0 -0.021036395857
67.5 -0.020698334579
68.0 -0.0203033886582
68.5 -0.0199029150266
69.0 -0.0195616825925
69.5 -0.0191798419815
70.0 -0.0187759990574
70.5 -0.0183728408409
71.0 -0.0179718647379
71.5 -0.0175712191681
72.0 -0.0171673527978
72.5 -0.0167509921813
73.0 -0.0163496125118
73.5 -0.01597320772
74.0 -0.0155889596294
74.5 -0.0152052877494
75.0 -0.0148123960074
75.5 -0.0144411888544
76.0 -0.0140560052288
76.5 -0.0136490659734
77.0 -0.0132788442284
77.5 -0.0129253017516
78.0 -0.0125544979702
78.5 -0.0122078860432
79.0 -0.0118988638487
79.5 -0.0115044447644
80.0 -0.0111846967226
80.5 -0.0108614920551
81.0 -0.0105090681649
81.5 -0.010201408888
82.0 -0.00989791104028
82.5 -0.00956466253478
83.0 -0.00921232392412
83.5 -0.00895934339469
84.0 -0.00869864699617
84.5 -0.00838508243401
85.0 -0.00809995690252
85.5 -0.00792363164561
86.0 -0.0075918907705
86.5 -0.00733873793205
87.0 -0.00708896775646
87.5 -0.00681250200347
88.0 -0.00664189348733
88.5 -0.00644008491334
89.0 -0.00611439588688
89.5 -0.00598184921449
90.0 -0.00581101234113
90.5 -0.00555979407538
91.0 -0.00536391302177
91.5 -0.00515172267238
92.0 -0.00498480847896
92.5 -0.00485634325703
93.0 -0.00469446813318
93.5 -0.00448726145469
94.0 -0.00427156938607
94.5 -0.00414856893818
95.0 -0.00404602581161
95.5 -0.00385714081797
96.0 -0.00379394633919
96.5 -0.0037094523767
97.0 -0.00355645198012
97.5 -0.00340255744006
98.0 -0.00334182763127
98.5 -0.00330649362105
99.0 -0.00314020937161
99.5 -0.00301193715153
100.0 -0.00278576783309
100.5 -0.00284934227867
101.0 -0.00286874801691
101.5 -0.00270347570945
102.0 -0.00263443382059
102.5 -0.00265911134034
103.0 -0.00266563116139
103.5 -0.00274418831521
104.0 -0.00272069386654
104.5 -0.00256834051469
105.0 -0.00246655394493
105.5 -0.00226627403032
106.0 -0.00238503609059
106.5 -0.00259275759326
107.0 -0.0025693065562
107.5 -0.00253381845895
108.0 -0.00257434897016
108.5 -0.00255642007802
109.0 -0.00242554306338
109.5 -0.00255596481873
110.0 -0.00266750587794
110.5 -0.00287249393998
111.0 -0.00287195598214
111.5 -0.00304901153036
112.0 -0.00307112201683
112.5 -0.00316480713471
113.0 -0.00314744928433
113.5 -0.00337936343946
114.0 -0.00313536858231
114.5 -0.00261447460835
115.0 -0.00303350484452
115.5 -0.00278612833056
116.0 -0.0018324952255
116.5 -0.00155640620123
117.0 -0.00160597090827
117.5 -0.00226487980359
118.0 -0.000542638243189
118.5 0.00203979859097
119.0 0.00502250698541
119.5 0.0094386364822
120.0 0.00713875074143
120.5 0.00500286439323
121.0 0.0012161271752
121.5 -0.00305745885186
122.0 -0.00646089577097
122.5 -0.00742804616969
123.0 -0.00596376657494
123.5 -0.00532109941292
124.0 -0.0051306779836
124.5 -0.00481914544523
125.0 -0.00451704086827
125.5 -0.00562587286088
126.0 -0.00504078277719
126.5 -0.00443190930126
127.0 -0.00490807014791
127.5 -0.00493193419082
128.0 -0.00442952086983
128.5 -0.00419827597108
129.0 -0.00377030240318
129.5 -0.00368519643789
130.0 -0.00304040253304
130.5 -0.00229219334868
131.0 -0.00310938206727
131.5 -0.00288634987282
132.0 -0.00280520100073
132.5 -0.00249425280611
133.0 -0.0020346620997
133.5 -0.00185396162445
134.0 -0.00183268540096
134.5 -0.00176830354108
135.0 -0.00154592417781
135.5 -0.00129445212642
136.0 -0.00104711055467
136.5 -0.00125397309333
137.0 -0.00107061254833
137.5 -0.000882663915529
138.0 -0.000792869185695
138.5 -0.000965818058663
139.0 -0.000842147131539
139.5 -0.000632096327781
140.0 -0.000462358217121
140.5 -0.000321783292559
141.0 -0.000283817316799
141.5 -0.000335918003355
142.0 -0.000160822974724
142.5 -8.82461392937e-05
143.0 7.49289183446e-05
143.5 0.000261009546774
144.0 0.000354825330732
144.5 0.000292510452075
145.0 0.000232326872037
145.5 0.00066353801411
146.0 0.000286770709317
146.5 0.00038436697919
147.0 0.000587165927346
147.5 0.000619863561423
148.0 0.000613372660369
148.5 0.000736471923992
149.0 0.000842905281994
149.5 0.000828105167681
150.0 0.000820544097092
150.5 0.00111480099808
151.0 0.00103146922488
151.5 0.00109618849295
152.0 0.00104373851676
152.5 0.00110844282971
153.0 0.00131221432876
153.5 0.00156597817502
154.0 0.00169970219031
154.5 0.00148802891787
155.0 0.00156422831235
155.5 0.00165696281491
156.0 0.00171949497352
156.5 0.00182709515827
157.0 0.00184221830705
157.5 0.00180024506212
158.0 0.00182403662996
158.5 0.00201668726262
159.0 0.00206502594524
159.5 0.00194346178635
160.0 0.00207434486236
160.5 0.00212738548075
161.0 0.00224975720033
161.5 0.00234444121865
162.0 0.00222373867339
162.5 0.0024729668937
163.0 0.00277097225102
163.5 0.00278686422987
164.0 0.00264284779378
164.5 0.00275720872256
165.0 0.00318126838707
165.5 0.00309042353229
166.0 0.00304644748025
166.5 0.00323518420711
167.0 0.00338881961807
167.5 0.00351760985347
168.0 0.00365204285802
168.5 0.00381519600278
169.0 0.00397134873469
169.5 0.00420163852402
170.0 0.00442997677607
170.5 0.00404134081764
171.0 0.00466817059082
171.5 0.00500546964963
172.0 0.00526295907424
172.5 0.00566572242771
173.0 0.00603167987222
173.5 0.00600211080204
174.0 0.00592011593561
174.5 0.00643838811433
175.0 0.00658622205715
175.5 0.00619363219276
176.0 0.0050975950041
176.5 0.00593485875963
177.0 0.0064976028001
177.5 0.00719828801077
178.0 0.00652386911902
178.5 0.00394491101019
179.0 -0.000872504398899
179.5 -0.0057356029786
180.0 -0.00691521600906
180.5 -0.00618322128085
181.0 -0.000805256565428
181.5 0.00132525576382
182.0 0.00242881140187
182.5 0.00270454526694
183.0 0.0027212741788
183.5 0.00262834575005
184.0 0.00251060075
184.5 0.00301956076964
185.0 0.00277394052223
185.5 0.00249575843876
186.0 0.00251065163459
186.5 0.00239413425631
187.0 0.00231900682437
187.5 0.00197414528587
188.0 0.00182821034971
188.5 0.00190647143849
189.0 0.00145395130582
189.5 0.00112448816256
190.0 0.00099657872812
190.5 0.000599129130777
191.0 0.000361037870206
191.5 -8.70742505299e-06
192.0 -0.000308713136704
192.5 -0.000550693666028
193.0 -0.00115144763691
193.5 -0.00148437744592
194.0 -0.00218426830125
194.5 -0.00291741622956
195.0 -0.00348816004478
195.5 -0.00478677247175
196.0 -0.00542703935311
196.5 -0.00745134358914
197.0 -0.00912937164867
197.5 -0.0100567267526
198.0 -0.0129664785778
198.5 -0.0183352469283
199.0 -0.0290563360348
199.5 -0.0455566287878
