0.0 0.00403151430706
0.5 0.0173870150099
1.0 0.0207863879416
1.5 0.0170221019266
2.0 0.0146154576258
2.5 0.0129579283348
3.0 0.0120185101248
3.5 0.0110991714144
4.0 0.0102849361009
4.5 0.0095794427961
5.0 0.00882088662861
5.5 0.00834150007772
6.0 0.00784309276353
6.5 0.00740157925316
7.0 0.00702712216476
7.5 0.00663784130999
8.0 0.00632350602608
8.5 0.00598737532404
9.0 0.00570052358785
9.5 0.00541137684805
10.0 0.00509674108428
10.5 0.00484702021689
11.0 0.00457406188406
11.5 0.00431126682187
12.0 0.00406450979164
12.5 0.00382219081787
13.0 0.00356693926398
13.5 0.00325850520246
14.0 0.0030273268295
14.5 0.00278771610281
15.0 0.00255041283707
15.5 0.00228595167556
16.0 0.00203566353742
16.5 0.00178517327114
17.0 0.00152539793654
17.5 0.00124045563641
18.0 0.000961627043155
18.5 0.000700796544342
19.0 0.000432337907061
19.5 0.000143303323685
20.0 -0.000139997156648
20.5 -0.000457599302106
21.0 -0.000736875097711
21.5 -0.00103175111661
22.0 -0.00134754449974
22.5 -0.00163854174662
23.0 -0.00197631780045
23.5 -0.00229349787444
24.0 -0.00262294789996
24.5 -0.00297702722315
25.0 -0.0033180910211
25.5 -0.00367018344319
26.0 -0.00402199717605
26.5 -0.00437830284262
27.0 -0.00475750877494
27.5 -0.00511287065708
28.0 -0.00549444850852
28.5 -0.00589813976364
29.0 -0.00630027018933
29.5 -0.0067161316679
30.0 -0.00712350432083
30.5 -0.00754650185082
31.0 -0.00796034878939
31.5 -0.00836472767642
32.0 -0.00879393192671
32.5 -0.00923405383829
33.0 -0.00968633781244
33.5 -0.0101221935585
34.0 -0.0105866728172
34.5 -0.0110377381591
35.0 -0.0114934426313
35.5 -0.0119486717348
36.0 -0.0124069613635
36.5 -0.0128658878058
37.0 -0.0133290126803
37.5 -0.0138007391809
38.0 -0.0142807390248
38.5 -0.0147662032016
39.0 -0.015215718219
39.5 -0.0156894840434
40.0 -0.0161748263836
40.5 -0.0166331332738
41.0 -0.017096037317
41.5 -0.0175743526958
42.0 -0.0180235038206
42.5 -0.0184685360804
43.0 -0.018922980622
43.5 -0.0193493972182
44.0 -0.0197873830845
44.5 -0.0202204589915
45.0 -0.0206477993257
45.5 -0.0210564094574
46.0 -0.0214568178265
46.5 -0.0218472468785
47.0 -0.0222185135215
47.5 -0.0225784438686
48.0 -0.0229517573415
48.5 -0.0232937537077
49.0 -0.0236277819546
49.5 -0.0239469239542
50.0 -0.0242215293306
50.5 -0.0245084997754
51.0 -0.0247684274278
51.5 -0.0250108721791
52.0 -0.0252513133135
52.5 -0.0254503933248
53.0 -0.0256380497456
53.5 -0.0258120492837
54.0 -0.0259701740719
54.5 -0.0261188100022
55.0 -0.0262169886269
55.5 -0.0263029555866
56.0 -0.0263746385521
56.5 -0.0264234090011
57.0 -0.0264613651899
57.5 -0.0264679999885
58.0 -0.026480251441
58.5 -0.0264760796884
59.0 -0.0264186641194
59.5 -0.0263372016996
60.0 -0.0262278483835
60.5 -0.0261084835094
61.0 -0.0259904488271
61.5 -0.0258133767545
62.0 -0.0256416366635
62.5 -0.0254794996483
63.0 -0.0252832498854
63.5 -0.0250686120408
64.0 -0.0248178149765
64.5 -0.024591086082
65.0 -0.0243066989144
65.5 -0.0240253075203
66.0 -0.0237293577691
66.5 -0.0234367641957
67.0 -0.0231028494782
67.5 -0.0228143058495
68.0 -0.0224841148416
68.5 -0.0221386562884
69.0 -0.0217712827377
69.5 -0.0214392931343
70.0 -0.0210686322047
70.5 -0.0206877122718
71.0 -0.0203227412784
71.5 -0.0199104173104
72.0 -0.019478089868
72.5 -0.0191001037019
73.0 -0.0187450033131
73.5 -0.0183930892639
74.0 -0.0180120546968
74.5 -0.01762837144
75.0 -0.017253911904
75.5 -0.0168150667649
76.0 -0.0164270022728
76.5 -0.0160357279376
77.0 -0.0156198205927
77.5 -0.0152235445235
78.0 -0.0148452533795
78.5 -0.0144920189766
79.0 -0.0141277653223
79.5 -0.0137525125051
80.0 -0.0133812547059
80.5 -0.0130468566493
81.0 -0.0126741327217
81.5 -0.0123243842261
82.0 -0.0119656355136
82.5 -0.0116381570575
83.0 -0.0113103352651
83.5 -0.0110018223338
84.0 -0.0106553587196
84.5 -0.010356293713
85.0 -0.0100443521508
85.5 -0.00975493007314
86.0 -0.00942352301353
86.5 -0.00919420087389
87.0 -0.00890972847079
87.5 -0.00859789988841
88.0 -0.00834255765711
88.5 -0.00806105500695
89.0 -0.00781534464341
89.5 -0.00755041243035
90.0 -0.00731063279527
90.5 -0.00720100912944
91.0 -0.00692789613026
91.5 -0.00669387219216
92.0 -0.00649213807077
92.5 -0.00627717285452
93.0 -0.00607897532105
93.5 -0.0058727235288
94.0 -0.00559390720167
94.5 -0.00546652605197
95.0 -0.00538330907066
95.5 -0.00526416390709
96.0 -0.00508060971165
96.5 -0.00486501127857
97.0 -0.00472373479476
97.5 -0.00456129742426
98.0 -0.00439303667073
98.5 -0.00429505971464
99.0 -0.00422976257281
99.5 -0.00416149406791
100.0 -0.00397808083131
100.5 -0.00395719883382
101.0 -0.00388850565939
101.5 -0.0038548067188
102.0 -0.00375762246626
102.5 -0.00363119972319
103.0 -0.00348516549271
103.5 -0.00338161338428
104.0 -0.00324349444479
104.5 -0.00333321430303
105.0 -0.00329428317966
105.5 -0.00334952216065
106.0 -0.00340986647842
106.5 -0.00346328948579
107.0 -0.00336440345617
107.5 -0.00331520402366
108.0 -0.00322713347671
108.5 -0.0031585035174
109.0 -0.00338076952114
109.5 -0.00349888642652
110.0 -0.00355462848072
110.5 -0.00355097736351
111.0 -0.00349301135468
111.5 -0.00375140000964
112.0 -0.00368977804907
112.5 -0.00374582364311
113.0 -0.00379548521971
113.5 -0.00393790332458
114.0 -0.00370052787964
114.5 -0.00368668416615
115.0 -0.00353932105097
115.5 -0.00310556298443
116.0 -0.00307808179249
116.5 -0.00278875938665
117.0 -0.0023407687729
117.5 -0.00149155997651
118.0 -0.000967931789475
118.5 0.00129240874664
119.0 0.00432938414849
119.5 0.0101746765648
120.0 0.00905919176267
120.5 0.00550316830278
121.0 0.000393367506518
121.5 -0.00500370849007
122.0 -0.00718246781315
122.5 -0.00784069641928
123.0 -0.0063943913726
123.5 -0.00554470176073
124.0 -0.0052661089817
124.5 -0.00503116318906
125.0 -0.00506819206649
125.5 -0.00506644985752
126.0 -0.00555744953208
126.5 -0.00536976660655
127.0 -0.00498218447115
127.5 -0.00453551516485
128.0 -0.00408021643796
128.5 -0.00367874488208
129.0 -0.00326138784043
129.5 -0.00403065774373
130.0 -0.00379150753108
130.5 -0.00335945509824
131.0 -0.00333755993029
131.5 -0.0030632849492
132.0 -0.00284476414635
132.5 -0.0025570621973
133.0 -0.0022745308212
133.5 -0.00209851026138
134.0 -0.00186561020261
134.5 -0.00161772722946
135.0 -0.00198845212189
135.5 -0.00152485946605
136.0 -0.00166943987077
136.5 -0.00147261391082
137.0 -0.0014523889802
137.5 -0.00146897029565
138.0 -0.00125522532182
138.5 -0.00114475101157
139.0 -0.00101039323023
139.5 -0.000849562012728
140.0 -0.000915061244108
140.5 -0.000619411365921
141.0 -0.000532792502543
141.5 -0.000616112566508
142.0 -0.000329836928337
142.5 -0.000163522288712
143.0 -0.00021720278092
143.5 -0.000381558915675
144.0 -0.000314930331591
144.5 4.70002487063e-06
145.0 -7.07913648306e-05
145.5 0.000179685433136
146.0 0.000208089054407
146.5 7.99083768115e-05
147.0 0.000108995863981
147.5 0.000161106232854
148.0 0.000197214396723
148.5 0.000299687794407
149.0 0.000440500583106
149.5 0.000550618001259
150.0 0.000368740351553
150.5 0.000451673901292
151.0 0.00055697766035
151.5 0.000648136945084
152.0 0.000730785823661
152.5 0.000757466378616
153.0 0.000828411874501
153.5 0.000926776563912
154.0 0.00104289265614
154.5 0.00116600656344
155.0 0.00101133556583
155.5 0.00112597454879
156.0 0.00141341116468
156.5 0.00144259609266
157.0 0.00134379267024
157.5 0.00134666051765
158.0 0.00130631127988
158.5 0.0013743029442
159.0 0.00146810938049
159.5 0.00137531607755
160.0 0.00132219574121
160.5 0.0012892365056
161.0 0.00163220977521
161.5 0.00188183231965
162.0 0.00176801150668
162.5 0.00173750259688
163.0 0.00168219619504
163.5 0.00168658064027
164.0 0.00184398493601
164.5 0.00194067672634
165.0 0.00209170213865
165.5 0.00217664329695
166.0 0.00224463618395
166.5 0.00257346907063
167.0 0.00268826352303
167.5 0.00299850370813
168.0 0.00320747133043
168.5 0.00327834968309
169.0 0.00322155024978
169.5 0.00305498021378
170.0 0.00339553699525
170.5 0.00353514113732
171.0 0.00388071458198
171.5 0.00411223630731
172.0 0.00420597827677
172.5 0.00449158893015
173.0 0.00467071242491
173.5 0.00483041932148
174.0 0.00502046273617
174.5 0.00505725809494
175.0 0.00512583561535
175.5 0.00477411116906
176.0 0.00501287373346
176.5 0.00530496045418
177.0 0.0045175362681
177.5 0.00616324184709
178.0 0.00482594258645
178.5 0.00327944002419
179.0 4.87791547528e-05
179.5 -0.0028566661038
180.0 -0.0036465027941
180.5 -0.0043791697111
181.0 -0.00187417468776
181.5 0.000158348821401
182.0 0.0018404751314
182.5 0.00284503130383
183.0 0.00243737760555
183.5 0.0026348627345
184.0 0.00265086471931
184.5 0.00314844059082
185.0 0.00281940686381
185.5 0.00251827341474
186.0 0.00251866330265
186.5 0.00235100406461
187.0 0.00211033756942
187.5 0.00181835224855
188.0 0.00149484457638
188.5 0.00137530640971
189.0 0.000960642050657
189.5 0.000589733247509
190.0 0.000346265812752
190.5 -0.00014841796515
191.0 -0.0004150208146
191.5 -0.000810991607239
192.0 -0.00125309814294
192.5 -0.00169425369641
193.0 -0.00231391942947
193.5 -0.00275267124543
194.0 -0.00362075571446
194.5 -0.00485049972799
195.0 -0.00573896033158
195.5 -0.00737632935069
196.0 -0.00876379843338
196.5 -0.010466221209
197.0 -0.0127132284707
197.5 -0.015046320311
198.0 -0.0206027736171
198.5 -0.0282789903624
199.0 -0.0436654324082
199.5 -0.0694542324281
