0.0 0.00322051529741
0.5 0.0167438109741
1.0 0.0196218064257
1.5 0.0162169131518
2.0 0.0134857378617
2.5 0.0112520773182
3.0 0.0105684924347
3.5 0.00975784766316
4.0 0.00896580715992
4.5 0.00788444579615
5.0 0.00731569235624
5.5 0.00689757590068
6.0 0.00618516067103
6.5 0.00567083681972
7.0 0.00537821799159
7.5 0.00493838419275
8.0 0.00458570809756
8.5 0.0042435299128
9.0 0.00393278979426
9.5 0.00345637169847
10.0 0.00316199061618
10.5 0.00286408987342
11.0 0.00254452400228
11.5 0.00224783163391
12.0 0.00197654488784
12.5 0.00164596987109
13.0 0.0012818765069
13.5 0.000995154856483
14.0 0.000695784033555
14.5 0.000402041427055
15.0 0.00012137621095
15.5 -0.000249640495166
16.0 -0.000529572916633
16.5 -0.000804836402788
17.0 -0.00113186957461
17.5 -0.00148039332456
18.0 -0.00180244787656
18.5 -0.00213270199253
19.0 -0.00247342724646
19.5 -0.00283190397936
20.0 -0.00316178829204
20.5 -0.00350717571971
21.0 -0.00385931355005
21.5 -0.00420267064319
22.0 -0.00456866047414
22.5 -0.00494546861193
23.0 -0.00531370736106
23.5 -0.00570142025557
24.0 -0.00609546807905
24.5 -0.00651010608264
25.0 -0.00690494565999
25.5 -0.00730396649011
26.0 -0.00771092670405
26.5 -0.00811837424861
27.0 -0.00854687549437
27.5 -0.00897310411871
28.0 -0.00938002344781
28.5 -0.00981937134
29.0 -0.0102613076075
29.5 -0.0107177354317
30.0 -0.0111632645934
30.5 -0.0116198166716
31.0 -0.0120748733778
31.5 -0.0125227341621
32.0 -0.0129856757425
32.5 -0.0134284115933
33.0 -0.0138800420918
33.5 -0.0143426554652
34.0 -0.0148099223263
34.5 -0.0152766244069
35.0 -0.0157521840745
35.5 -0.016205195492
36.0 -0.0166673844259
36.5 -0.0171196226199
37.0 -0.0175610857211
37.5 -0.0180113287489
38.0 -0.0184618847117
38.5 -0.0189014757775
39.0 -0.0193312794217
39.5 -0.0197574393661
40.0 -0.0201736284576
40.5 -0.0205793753906
41.0 -0.0209679333194
41.5 -0.0213482083763
42.0 -0.0217133885059
42.5 -0.0220728545875
43.0 -0.022425295909
43.5 -0.0227579678844
44.0 -0.0230889927691
44.5 -0.0234162275283
45.0 -0.0236867757431
45.5 -0.0239658557497
46.0 -0.0242118721345
46.5 -0.0244625521166
47.0 -0.024700290073
47.5 -0.0249082609803
48.0 -0.0251135058863
48.5 -0.0252727477799
49.0 -0.0254301685874
49.5 -0.0255831057796
50.0 -0.025663691544
50.5 -0.0257552806231
51.0 -0.0258220200607
51.5 -0.025861250236
52.0 -0.0259078618888
52.5 -0.0259096334616
53.0 -0.0259174536013
53.5 -0.0258890570913
54.0 -0.0258362160036
54.5 -0.0257794985322
55.0 -0.0256530928174
55.5 -0.0255291574359
56.0 -0.0254002617611
56.5 -0.0252357680282
57.0 -0.0250839168798
57.5 -0.0249205935002
58.0 -0.0247282869689
58.5 -0.0245135964875
59.0 -0.0242815825877
59.5 -0.0240530251944
60.0 -0.0237909535738
60.5 -0.0234854886148
61.0 -0.0232032191282
61.5 -0.0228981035255
62.0 -0.0225905921527
62.5 -0.0222744400251
63.0 -0.0219503817341
63.5 -0.0216107867692
64.0 -0.0212551212098
64.5 -0.0209172598446
65.0 -0.0205556253527
65.5 -0.0201717732437
66.0 -0.0197924807898
66.5 -0.0194230105436
67.0 -0.0190143453595
67.5 -0.0186249038715
68.0 -0.0182473845593
68.5 -0.0178858003705
69.0 -0.0174920974662
69.5 -0.0170972349606
70.0 -0.0167090374747
70.5 -0.0163116332146
71.0 -0.0159181087301
71.5 -0.0155306790166
72.0 -0.0151125505788
72.5 -0.0147192848608
73.0 -0.0143694735571
73.5 -0.0140199455633
74.0 -0.0136519851532
74.5 -0.0132188112319
75.0 -0.0128653856679
75.5 -0.0125279023583
76.0 -0.0121711547465
76.5 -0.0117888902672
77.0 -0.0114347784753
77.5 -0.0110903107713
78.0 -0.0107693069407
78.5 -0.0104364077895
79.0 -0.0101433040198
79.5 -0.00983422444513
80.0 -0.00951763194103
80.5 -0.00921932932257
81.0 -0.00892445338304
81.5 -0.00860632202388
82.0 -0.00828278638997
82.5 -0.00796769908801
83.0 -0.00770407064267
83.5 -0.00746309432587
84.0 -0.00724076884669
84.5 -0.00699760133597
85.0 -0.00679050703203
85.5 -0.00649323877454
86.0 -0.00623706573477
86.5 -0.00605670944872
87.0 -0.00584978735935
87.5 -0.00558130929755
88.0 -0.00540914833184
88.5 -0.00521724342646
89.0 -0.00499674376798
89.5 -0.0048971013645
90.0 -0.00458001532305
90.5 -0.00443263297122
91.0 -0.00428822781602
91.5 -0.00414910303291
92.0 -0.00400748663055
92.5 -0.0038306615029
93.0 -0.00370698279145
93.5 -0.00362373375309
94.0 -0.00343399307183
94.5 -0.00334999569886
95.0 -0.00314238398726
95.5 -0.00308118802835
96.0 -0.00300423731903
96.5 -0.0028849858422
97.0 -0.00284446657815
97.5 -0.00282438094412
98.0 -0.00271063193562
98.5 -0.00254594480761
99.0 -0.00251542253173
99.5 -0.00254842975723
100.0 -0.00239415645406
100.5 -0.0023610138765
101.0 -0.00231555288249
101.5 -0.00228564033457
102.0 -0.00223473337631
102.5 -0.00221523671114
103.0 -0.00211713172877
103.5 -0.00212238407596
104.0 -0.00224612458585
104.5 -0.00220462743158
105.0 -0.00211067695185
105.5 -0.00210585819921
106.0 -0.00207387622429
106.5 -0.00217546491821
107.0 -0.00218597676721
107.5 -0.00226528768686
108.0 -0.00240325246312
108.5 -0.00247578725267
109.0 -0.00252283627233
109.5 -0.0025341345905
110.0 -0.00249544386663
110.5 -0.00253288056415
111.0 -0.00261180541032
111.5 -0.00296336516808
112.0 -0.00298248434115
112.5 -0.00309537877378
113.0 -0.00325690442136
113.5 -0.00328923969143
114.0 -0.00274894265026
114.5 -0.00317395440628
115.0 -0.00336978461669
115.5 -0.0031971234057
116.0 -0.00238888440666
116.5 -0.00233610539854
117.0 -0.00241036196458
117.5 -0.00307099870716
118.0 -0.00257975555225
118.5 -0.00169211584293
119.0 0.00184071789563
119.5 0.00935054936535
120.0 0.00886863338013
120.5 0.00579944882023
121.0 0.00288881708013
121.5 -0.00239258905316
122.0 -0.00291366567626
122.5 -0.00527011709454
123.0 -0.00497526544085
123.5 -0.00369512745493
124.0 -0.00328355809573
124.5 -0.00310038018287
125.0 -0.00325734105316
125.5 -0.00311348735232
126.0 -0.00314052603311
126.5 -0.00328470076053
127.0 -0.0030604405831
127.5 -0.0027606170911
128.0 -0.00260644845399
128.5 -0.00260743241374
129.0 -0.00262953094074
129.5 -0.00260266887629
130.0 -0.00198283555209
130.5 -0.0015603055767
131.0 -0.00199442506115
131.5 -0.00160368612265
132.0 -0.0012868939052
132.5 -0.00135803734811
133.0 -0.00121803229445
133.5 -0.000902626140018
134.0 -0.000758313533801
134.5 -0.00114642757408
135.0 -0.000983124730794
135.5 -0.000503339841956
136.0 -0.000572885564068
136.5 -0.000283669716655
137.0 -0.000442919674061
137.5 -0.000627782400588
138.0 -0.000346145913387
138.5 -0.000164628242985
139.0 -5.73219753974e-06
139.5 9.02183045639e-05
140.0 -0.000165608984478
140.5 -2.40482510065e-05
141.0 0.000229448446046
141.5 0.000353620213755
142.0 0.000347867155536
142.5 0.00033404367289
143.0 0.000537838414878
143.5 0.000581613092059
144.0 0.000478896237853
144.5 0.000669395398285
145.0 0.000801508525834
145.5 0.000696845831178
146.0 0.000947115788795
146.5 0.000868391295572
147.0 0.000708077238015
147.5 0.00079957695237
148.0 0.000935257981345
148.5 0.000963120636087
149.0 0.000987127937711
149.5 0.00116765330302
150.0 0.001366385017
150.5 0.00148358430521
151.0 0.00130517515221
151.5 0.00131649691634
152.0 0.00127214746924
152.5 0.001258003309
153.0 0.00131715313078
153.5 0.00135329416739
154.0 0.00141987454752
154.5 0.00157933294857
155.0 0.00158389106742
155.5 0.00184883966139
156.0 0.00182477646142
156.5 0.00185949642642
157.0 0.00175877726382
157.5 0.00168932757285
158.0 0.00188662444288
158.5 0.00216499853321
159.0 0.00211759009482
159.5 0.00208561767406
160.0 0.00219758809237
160.5 0.0020931857007
161.0 0.002260728681
161.5 0.00218330973142
162.0 0.00222523492503
162.5 0.00237551319697
163.0 0.00251723325802
163.5 0.00264027676359
164.0 0.00253168633857
164.5 0.00222852672396
165.0 0.00270503390353
165.5 0.00293161755715
166.0 0.00301236569263
166.5 0.00301925842579
167.0 0.00281595423693
167.5 0.00295563985297
168.0 0.00340504024457
168.5 0.00358369139386
169.0 0.0034039554192
169.5 0.00370171258729
170.0 0.00392201482787
170.5 0.00348822866179
171.0 0.00402311208144
171.5 0.00432103995219
172.0 0.00450198477236
172.5 0.00487491971158
173.0 0.0051095072657
173.5 0.0053016680106
174.0 0.00556311955053
174.5 0.00581643839389
175.0 0.00615027487864
175.5 0.00494908570853
176.0 0.00606227622309
176.5 0.00721298324851
177.0 0.00764583280285
177.5 0.00830423886482
178.0 0.0065927562398
178.5 0.00402368323861
179.0 -0.00142938984119
179.5 -0.0032160126121
180.0 -0.00174731391076
180.5 -0.00222782016088
181.0 -0.000154431140899
181.5 0.000315531925096
182.0 0.00116536285876
182.5 0.00154921243225
183.0 0.00174549839778
183.5 0.00184625247648
184.0 0.00155861210628
184.5 0.00147142814353
185.0 0.00147255944314
185.5 0.00132183549697
186.0 0.0014949414728
186.5 0.00146807322274
187.0 0.00137368349587
187.5 0.00120196506097
188.0 0.000936810765751
188.5 0.000865054804322
189.0 0.000478268043508
189.5 0.000158191612499
190.0 8.87462847743e-06
190.5 -0.00045817568477
191.0 -0.000790112437542
191.5 -0.00124737000998
192.0 -0.00162561936162
192.5 -0.00193542260989
193.0 -0.00261205418617
193.5 -0.00304539898752
194.0 -0.00380236427816
194.5 -0.00471871907241
195.0 -0.00603287886561
195.5 -0.00757690748989
196.0 -0.00885701096716
196.5 -0.0106084848716
197.0 -0.0128855533776
197.5 -0.015111463111
198.0 -0.020448679484
198.5 -0.0280094771456
199.0 -0.0431188113865
199.5 -0.0683047634132
