0.0 0.00444757362513
0.5 0.0178806395283
1.0 0.0210642427347
1.5 0.0175991162732
2.0 0.0151296510968
2.5 0.0130606029865
3.0 0.0120930971738
3.5 0.0111783987468
4.0 0.0100384624488
4.5 0.009549417769
5.0 0.00891663888644
5.5 0.00843186649959
6.0 0.00792889124198
6.5 0.00748021049288
7.0 0.00712132770198
7.5 0.00677325993791
8.0 0.00646475346858
8.5 0.00602958562665
9.0 0.0058250317457
9.5 0.00557632547363
10.0 0.00528273911908
10.5 0.0050487466537
11.0 0.0048065088255
11.5 0.00448335874008
12.0 0.00423303761261
12.5 0.00400657467965
13.0 0.00376209612918
13.5 0.00353322680918
14.0 0.00321834098378
14.5 0.00300243763309
15.0 0.00276807022206
15.5 0.00251202005718
16.0 0.00228320403291
16.5 0.00203233765101
17.0 0.00180675559837
17.5 0.00154311593708
18.0 0.00124941974454
18.5 0.00097962289184
19.0 0.000722136551728
19.5 0.000448097278677
20.0 0.000173638639143
20.5 -0.000122105597772
21.0 -0.000407829551729
21.5 -0.000678620753682
22.0 -0.000968830660174
22.5 -0.00126486396883
23.0 -0.00157750582655
23.5 -0.00190521709943
24.0 -0.00224288238289
24.5 -0.00257648295223
25.0 -0.00290593974663
25.5 -0.00324649949813
26.0 -0.00358477190352
26.5 -0.00393610328812
27.0 -0.00430783263321
27.5 -0.00465871534733
28.0 -0.00502431228237
28.5 -0.00541286126194
29.0 -0.00581671162821
29.5 -0.00620973390416
30.0 -0.00660266613289
30.5 -0.00701929973648
31.0 -0.00743065789014
31.5 -0.00783471607156
32.0 -0.00826008419858
32.5 -0.00868761029142
33.0 -0.00912741864596
33.5 -0.0095533828503
34.0 -0.0100086675686
34.5 -0.0104515322809
35.0 -0.0109008054254
35.5 -0.0113532098824
36.0 -0.0118214547959
36.5 -0.0122795465896
37.0 -0.0127318512081
37.5 -0.0132023210473
38.0 -0.0136783536629
38.5 -0.0141365696098
39.0 -0.0146147822288
39.5 -0.0150908948442
40.0 -0.015551542691
40.5 -0.0160415573665
41.0 -0.0164974170774
41.5 -0.0169543271269
42.0 -0.0174044549131
42.5 -0.0178537601385
43.0 -0.0183080083498
43.5 -0.0187546872573
44.0 -0.0191995797733
44.5 -0.019632208544
45.0 -0.0200531842195
45.5 -0.0204845060829
46.0 -0.0208992150284
46.5 -0.0212926650661
47.0 -0.0216804257106
47.5 -0.0220540702532
48.0 -0.0224337419314
48.5 -0.0227873829558
49.0 -0.023154325709
49.5 -0.0234914252195
50.0 -0.0237909239897
50.5 -0.0240900488609
51.0 -0.0243642826226
51.5 -0.0246219862944
52.0 -0.0248789351503
52.5 -0.02510379599
53.0 -0.0253430419848
53.5 -0.0255376826576
54.0 -0.0256854876164
54.5 -0.0258660337146
55.0 -0.0260012409177
55.5 -0.0261271233299
56.0 -0.026232029361
56.5 -0.0263093862525
57.0 -0.0263592004501
57.5 -0.0263960833752
58.0 -0.0264309866604
58.5 -0.0264446292607
59.0 -0.0264262057879
59.5 -0.0263906767184
60.0 -0.0263262416878
60.5 -0.026240805942
61.0 -0.0261393263487
61.5 -0.0260093096249
62.0 -0.0258730457985
62.5 -0.0257224454604
63.0 -0.025558821947
63.5 -0.0253744837958
64.0 -0.0251654578311
64.5 -0.0249531100674
65.0 -0.0246701030586
65.5 -0.0244376269596
66.0 -0.024154272192
66.5 -0.0238362065004
67.0 -0.0235560102296
67.5 -0.0232487102718
68.0 -0.0229390644205
68.5 -0.0226418328851
69.0 -0.0223111732111
69.5 -0.0219800385406
70.0 -0.0216324213839
70.5 -0.0212530427604
71.0 -0.0208880817467
71.5 -0.0205428632596
72.0 -0.0201251288297
72.5 -0.0197162942626
73.0 -0.0193671361863
73.5 -0.0190115615875
74.0 -0.0186254448772
74.5 -0.018241818152
75.0 -0.0178542957102
75.5 -0.0174734059102
76.0 -0.0170694690118
76.5 -0.0166664923789
77.0 -0.0162994267986
77.5 -0.0158821138109
78.0 -0.0155026735584
78.5 -0.0151101160276
79.0 -0.0147664898511
79.5 -0.0144340672767
80.0 -0.0140985213225
80.5 -0.0136713590835
81.0 -0.0133093360448
81.5 -0.0130187895679
82.0 -0.0126161923029
82.5 -0.0121974992777
83.0 -0.0118833949639
83.5 -0.0115759344801
84.0 -0.0112511737483
84.5 -0.0109777385569
85.0 -0.0106376345625
85.5 -0.0103948892077
86.0 -0.0100162076533
86.5 -0.00973011323649
87.0 -0.00944643527906
87.5 -0.0091275194313
88.0 -0.00891079026445
88.5 -0.00868710075203
89.0 -0.0084038488127
89.5 -0.00808194331083
90.0 -0.00784564892774
90.5 -0.00766496666661
91.0 -0.00741972927992
91.5 -0.00715102102367
92.0 -0.00702762178072
92.5 -0.00687011470787
93.0 -0.00666481674711
93.5 -0.00646680765632
94.0 -0.00626958648555
94.5 -0.00613182570346
95.0 -0.00584910980113
95.5 -0.00572122031784
96.0 -0.00560241800278
96.5 -0.00548077719652
97.0 -0.00532251518957
97.5 -0.00512938856028
98.0 -0.00496042393354
98.5 -0.00479391316126
99.0 -0.00460268480928
99.5 -0.00455379283602
100.0 -0.00443418009996
100.5 -0.00443851742306
101.0 -0.00431326180954
101.5 -0.00424020291086
102.0 -0.00420357690017
102.5 -0.00425250209899
103.0 -0.00426264604766
103.5 -0.00421715913679
104.0 -0.00405611873283
104.5 -0.00396018554802
105.0 -0.00393050366581
105.5 -0.00368603004424
106.0 -0.00377954006589
106.5 -0.0039321780655
107.0 -0.00392548499063
107.5 -0.00388764799246
108.0 -0.00392360672577
108.5 -0.00400344840858
109.0 -0.00398677182097
109.5 -0.00371744815761
110.0 -0.00396254156582
110.5 -0.00403086699603
111.0 -0.00405014165336
111.5 -0.00419910036803
112.0 -0.00423788318574
112.5 -0.00437344028683
113.0 -0.00445837229051
113.5 -0.00449201228686
114.0 -0.00391088285278
114.5 -0.00418739809179
115.0 -0.00415728775981
115.5 -0.00389579553931
116.0 -0.00408839777756
116.5 -0.00401921055257
117.0 -0.0041570294517
117.5 -0.00396570810857
118.0 -0.00357319110746
118.5 -0.00133559745309
119.0 0.00212705405518
119.5 0.00679024912789
120.0 0.00451898490799
120.5 0.00331141379579
121.0 0.000283733327748
121.5 -0.00373033593382
122.0 -0.00460121687831
122.5 -0.00563975516069
123.0 -0.00513855940824
123.5 -0.00534297854912
124.0 -0.00457771331418
124.5 -0.00355417026911
125.0 -0.00456216414705
125.5 -0.00378624273951
126.0 -0.0034461407582
126.5 -0.00414063641358
127.0 -0.00405029002128
127.5 -0.00359350082951
128.0 -0.00325456384674
128.5 -0.00298162977891
129.0 -0.00268172188405
129.5 -0.00350127628482
130.0 -0.00246371960316
130.5 -0.00233737876762
131.0 -0.00263677916715
131.5 -0.00253316001896
132.0 -0.00217282283386
132.5 -0.00199924459594
133.0 -0.00181043005598
133.5 -0.0014674370066
134.0 -0.00126783180448
134.5 -0.00150516486401
135.0 -0.0016600488841
135.5 -0.00139163252271
136.0 -0.00118267755907
136.5 -0.00107860949864
137.0 -0.000814682944625
137.5 -0.000912113794346
138.0 -0.0008434854828
138.5 -0.000627725637319
139.0 -0.000486858429557
139.5 -0.000580636884813
140.0 -0.000414128937518
140.5 -0.000263213424184
141.0 0.000144639563768
141.5 -0.000293553173645
142.0 -0.000200535740444
142.5 5.55773126472e-05
143.0 0.000269410148229
143.5 0.000270282090851
144.0 0.00015596451372
144.5 0.000226614458942
145.0 0.00039426576005
145.5 0.000288029726229
146.0 0.000440005289287
146.5 0.000311361023227
147.0 0.00040240087263
147.5 0.000579268302878
148.0 0.000563831536375
148.5 0.000552544280775
149.0 0.000680872188956
149.5 0.000698755554952
150.0 0.000694718251101
150.5 0.000831059197237
151.0 0.000933151681789
151.5 0.00104766334607
152.0 0.00118405993837
152.5 0.00115646974272
153.0 0.00123981948035
153.5 0.00134706847115
154.0 0.0013713201666
154.5 0.00158662614573
155.0 0.00163797123427
155.5 0.00165358163982
156.0 0.0015149944978
156.5 0.00162109125527
157.0 0.0017739372776
157.5 0.00171232296412
158.0 0.0016828045826
158.5 0.00168695645342
159.0 0.00156400577192
159.5 0.00178909997157
160.0 0.00197985997027
160.5 0.00215278755003
161.0 0.00209577559982
161.5 0.00236668481982
162.0 0.00242985195459
162.5 0.0024376289518
163.0 0.00239495006997
163.5 0.00236975593629
164.0 0.00243342157005
164.5 0.00257460078224
165.0 0.00280125515986
165.5 0.00257299308619
166.0 0.0028702303409
166.5 0.00322690601487
167.0 0.00321786732818
167.5 0.00321478013815
168.0 0.00338954458491
168.5 0.00367930427668
169.0 0.00383257702308
169.5 0.0040756977439
170.0 0.00439077319479
170.5 0.00445122306348
171.0 0.00461081456939
171.5 0.00473248575767
172.0 0.0049151292172
172.5 0.00536849575063
173.0 0.00518888086778
173.5 0.00526652295771
174.0 0.0058503266866
174.5 0.00583857734162
175.0 0.00508639014207
175.5 0.00502587405887
176.0 0.00554415707978
176.5 0.00614142184695
177.0 0.00627921449325
177.5 0.00586718856184
178.0 0.00572093207531
178.5 0.00421267788484
179.0 -0.000110771291972
179.5 -0.000565376801845
180.0 0.000677209445342
180.5 -0.00193692670101
181.0 -0.00155398102288
181.5 -0.000137321346173
182.0 0.000465445579266
182.5 0.00115361329424
183.0 0.0021100746187
183.5 0.00229843764244
184.0 0.00214541705876
184.5 0.00212418890216
185.0 0.00223619905863
185.5 0.0021656569423
186.0 0.00230083541835
186.5 0.00223228593111
187.0 0.00219714779891
187.5 0.00193454660919
188.0 0.00162757585109
188.5 0.0014789152914
189.0 0.00131420696663
189.5 0.00101003854435
190.0 0.000875202465338
190.5 0.00041512065583
191.0 0.000244557511564
191.5 -7.27326211489e-05
192.0 -0.000435925391884
192.5 -0.00079760712147
193.0 -0.00134208563267
193.5 -0.00165789288019
194.0 -0.00236493676398
194.5 -0.00310506247615
195.0 -0.00375202591199
195.5 -0.0052220413906
196.0 -0.00610250949089
196.5 -0.00721214500527
197.0 -0.00864365472269
197.5 -0.0096572468475
198.0 -0.0125653058239
198.5 -0.0176332614039
199.0 -0.0281145866997
199.5 -0.0447455498493
