0.0 0.00326876791822
0.5 0.0174874879839
1.0 0.0183879164358
1.5 0.0143864503671
2.0 0.0126209445064
2.5 0.0110218892594
3.0 0.0101204412604
3.5 0.00889364324517
4.0 0.00848057303732
4.5 0.00790884893335
5.0 0.00719465040955
5.5 0.00674845559626
6.0 0.00624637284213
6.5 0.00560696297501
7.0 0.00517703605443
7.5 0.00481239836069
8.0 0.00446767693647
8.5 0.00409263136514
9.0 0.00376075253458
9.5 0.00343045959648
10.0 0.00312305175567
10.5 0.00271416803999
11.0 0.00239192822232
11.5 0.00212946906124
12.0 0.00183357387296
12.5 0.00151383774987
13.0 0.00119725294036
13.5 0.000904386174003
14.0 0.000524061439904
14.5 0.000254684868446
15.0 -2.38751327952e-05
15.5 -0.000343958582249
16.0 -0.000657438109569
16.5 -0.000947293908746
17.0 -0.00125437670954
17.5 -0.00159017550441
18.0 -0.00190732196388
18.5 -0.0022422334664
19.0 -0.00255899400525
19.5 -0.00289123700218
20.0 -0.00321651863905
20.5 -0.00354559567357
21.0 -0.00389343894316
21.5 -0.00424194129747
22.0 -0.00459878965502
22.5 -0.0049260453458
23.0 -0.00528965558003
23.5 -0.00566249107323
24.0 -0.00604483273523
24.5 -0.00641787565626
25.0 -0.0067728378733
25.5 -0.00714401040827
26.0 -0.00751828217716
26.5 -0.0078884421379
27.0 -0.00826636585934
27.5 -0.00863345656616
28.0 -0.00901253218593
28.5 -0.00941627642797
29.0 -0.00978989530274
29.5 -0.0101861690098
30.0 -0.0105710762255
30.5 -0.0109579913091
31.0 -0.0113406082348
31.5 -0.011709067876
32.0 -0.0120863851874
32.5 -0.0124657662724
33.0 -0.0128435269758
33.5 -0.0132165593422
34.0 -0.0135881501668
34.5 -0.0139726086405
35.0 -0.0143447894234
35.5 -0.0147056480319
36.0 -0.0150596500137
36.5 -0.0153969597418
37.0 -0.0157273145988
37.5 -0.016060273647
38.0 -0.0163949158061
38.5 -0.0167300678368
39.0 -0.0170307802767
39.5 -0.0173422858722
40.0 -0.0176595293222
40.5 -0.0179437201839
41.0 -0.0182159360056
41.5 -0.0184910480125
42.0 -0.0187508322341
42.5 -0.0189966951791
43.0 -0.0192307177764
43.5 -0.0194479943326
44.0 -0.0196677545879
44.5 -0.019884501595
45.0 -0.0200559198077
45.5 -0.0202488822844
46.0 -0.0204136438991
46.5 -0.0205729594884
47.0 -0.0207209751566
47.5 -0.0208523596652
48.0 -0.0209868837457
48.5 -0.0210824780917
49.0 -0.0211862951976
49.5 -0.0212790498296
50.0 -0.0213382570882
50.5 -0.0214145003726
51.0 -0.021438997274
51.5 -0.0214697664764
52.0 -0.021513171058
52.5 -0.0215344814526
53.0 -0.0215500441625
53.5 -0.0215438672534
54.0 -0.0215220390112
54.5 -0.021463509691
55.0 -0.021413776598
55.5 -0.021357745614
56.0 -0.0212855272339
56.5 -0.0211900963487
57.0 -0.0211038046359
57.5 -0.0209992603423
58.0 -0.0209168224504
58.5 -0.0207929842624
59.0 -0.0206265335879
59.5 -0.0205182639284
60.0 -0.0203684465875
60.5 -0.0201888586245
61.0 -0.0200291484539
61.5 -0.019799227817
62.0 -0.0196084029284
62.5 -0.0194491398835
63.0 -0.0192527916828
63.5 -0.0190494864065
64.0 -0.0188442864596
64.5 -0.0186389905344
65.0 -0.0184023961055
65.5 -0.0181775467261
66.0 -0.0178755067829
66.5 -0.0176179437811
67.0 -0.0173836646335
67.5 -0.0171451372465
68.0 -0.0168853021697
68.5 -0.0166274779153
69.0 -0.0163738236319
69.5 -0.0161295355152
70.0 -0.0158145840423
70.5 -0.0155536666247
71.0 -0.0152793425779
71.5 -0.0149996173817
72.0 -0.0147155219261
72.5 -0.0144219711181
73.0 -0.0141504507823
73.5 -0.0138935141944
74.0 -0.0136183558005
74.5 -0.0133415304243
75.0 -0.0130574466144
75.5 -0.0127973623516
76.0 -0.0125174399153
76.5 -0.0122279027122
77.0 -0.0119189828733
77.5 -0.0116337204285
78.0 -0.0113710591659
78.5 -0.011149245763
79.0 -0.0109185545228
79.5 -0.0105998897048
80.0 -0.0103620368549
80.5 -0.0101230828035
81.0 -0.00984652911707
81.5 -0.00960839895396
82.0 -0.00935342531023
82.5 -0.00912457523829
83.0 -0.00893953262766
83.5 -0.00868936083795
84.0 -0.00840723982715
84.5 -0.00822752193793
85.0 -0.00799674177599
85.5 -0.00780635658789
86.0 -0.00756939314345
86.5 -0.00736806721332
87.0 -0.00718432877454
87.5 -0.00700564443688
88.0 -0.00682210116554
88.5 -0.00658058497095
89.0 -0.00643146105597
89.5 -0.00624426701538
90.0 -0.00603526034382
90.5 -0.0058771858096
91.0 -0.00574857325272
91.5 -0.00563470321728
92.0 -0.00544988837899
92.5 -0.00527685890017
93.0 -0.00514647133003
93.5 -0.00500104254317
94.0 -0.00488169202949
94.5 -0.00480671781378
95.0 -0.00461623384138
95.5 -0.00452059071788
96.0 -0.00446480559972
96.5 -0.00432177036365
97.0 -0.00423650576446
97.5 -0.00415739130223
98.0 -0.00405055095861
98.5 -0.00394333825887
99.0 -0.00384999621687
99.5 -0.00379602009804
100.0 -0.00362359352657
100.5 -0.00354064633396
101.0 -0.00356025338465
101.5 -0.003573301375
102.0 -0.00349911329763
102.5 -0.00344259326773
103.0 -0.00337084386192
103.5 -0.00336026250146
104.0 -0.00332218335501
104.5 -0.00324891904317
105.0 -0.002962027615
105.5 -0.00324175682052
106.0 -0.00341621973698
106.5 -0.00358318135191
107.0 -0.00350268526648
107.5 -0.00331342241291
108.0 -0.00333986464279
108.5 -0.00351707297569
109.0 -0.00352606168215
109.5 -0.00336588761166
110.0 -0.00357492370333
110.5 -0.00378071644307
111.0 -0.00373068867761
111.5 -0.00389205966758
112.0 -0.00409021336675
112.5 -0.00438848546955
113.0 -0.00435378978187
113.5 -0.0042988190435
114.0 -0.00405149788743
114.5 -0.0041940528214
115.0 -0.00348448120235
115.5 -0.00355258165766
116.0 -0.00385028055032
116.5 -0.00405329730309
117.0 -0.00437758681711
117.5 -0.00566535873831
118.0 -0.00415688510684
118.5 -0.00394798681057
119.0 -0.00089038639932
119.5 0.00803273663919
120.0 0.0105554850719
120.5 0.00749973587865
121.0 0.00458556305526
121.5 0.000700799256748
122.0 -0.00230897594612
122.5 -0.00490397440458
123.0 -0.00437474388747
123.5 -0.00378202145848
124.0 -0.00388040871937
124.5 -0.00389807875793
125.0 -0.0043094990736
125.5 -0.00511180297279
126.0 -0.0047110609034
126.5 -0.00458240151129
127.0 -0.0043139835649
127.5 -0.00408523425958
128.0 -0.00418349116271
128.5 -0.0040451312651
129.0 -0.00311942479954
129.5 -0.00306175673077
130.0 -0.0038088150899
130.5 -0.00277390697587
131.0 -0.00249083313845
131.5 -0.0026923044778
132.0 -0.00267823636297
132.5 -0.00246584312504
133.0 -0.0023295066216
133.5 -0.00215016339907
134.0 -0.00164705322293
134.5 -0.00201288719375
135.0 -0.00191781393643
135.5 -0.00190277693144
136.0 -0.00135062776304
136.5 -0.00112599118795
137.0 -0.00132039926331
137.5 -0.00155945861015
138.0 -0.00122565728856
138.5 -0.00093349491938
139.0 -0.000971279132362
139.5 -0.00127690204414
140.0 -0.000950040765638
140.5 -0.000541014811478
141.0 -0.000582120351378
141.5 -0.000691560092125
142.0 -0.000627454272816
142.5 -0.000663932040757
143.0 -0.000491245955931
143.5 -0.000345766985179
144.0 -0.000410804248576
144.5 -0.000324213154967
145.0 -0.000180261584562
145.5 -0.000168747844129
146.0 0.000192333326686
146.5 -0.000143864094553
147.0 -8.54952344085e-05
147.5 7.34221225618e-05
148.0 4.70669277224e-05
148.5 9.16652769746e-05
149.0 0.000267573377238
149.5 0.000256329030075
150.0 0.000298054745498
150.5 0.000364213666231
151.0 0.000366536294487
151.5 0.000367283472634
152.0 0.000403793552836
152.5 0.000620017010105
153.0 0.000593759072048
153.5 0.000418824623873
154.0 0.000585197028643
154.5 0.000854211062586
155.0 0.000789695852832
155.5 0.000726453486422
156.0 0.000891428968721
156.5 0.00101100944998
157.0 0.00114100056386
157.5 0.00124141733464
158.0 0.00130474173649
158.5 0.00146273890308
159.0 0.00157180796812
159.5 0.00156487243036
160.0 0.00139678250493
160.5 0.00155330586868
161.0 0.00169274614088
161.5 0.00184394813288
162.0 0.00195556871892
162.5 0.0021102645242
163.0 0.00217493972162
163.5 0.00206611842593
164.0 0.00199241375008
164.5 0.00225617835655
165.0 0.00246608295907
165.5 0.0024347723498
166.0 0.00235679172432
166.5 0.00256458631013
167.0 0.00233980358479
167.5 0.00271206686734
168.0 0.00307714320268
168.5 0.0031506295641
169.0 0.00317357258205
169.5 0.00324756691612
170.0 0.00328702784949
170.5 0.00331336219432
171.0 0.00286310132321
171.5 0.00328644352423
172.0 0.00344441863294
172.5 0.00371827255535
173.0 0.00390046249854
173.5 0.00402702615952
174.0 0.00410281935486
174.5 0.00403638670704
175.0 0.00395878144597
175.5 0.00329684631025
176.0 0.00324090186619
176.5 0.0035177663439
177.0 0.00389712070026
177.5 0.00615439241113
178.0 0.003540355143
178.5 0.00443536615592
179.0 0.00067839247005
179.5 -0.00164268318295
180.0 -0.00324765071126
180.5 -0.00579413276522
181.0 -0.00331467754783
181.5 -0.00101619873261
182.0 0.00138529099506
182.5 0.00236412218358
183.0 0.00264483114296
183.5 0.0031428104713
184.0 0.00338641847425
184.5 0.0029965124839
185.0 0.00290469079354
185.5 0.00256173115949
186.0 0.00255502181231
186.5 0.00250392788941
187.0 0.0023236372826
187.5 0.00200750270717
188.0 0.0019029328935
188.5 0.00195153182159
189.0 0.00149372024138
189.5 0.00114601061331
190.0 0.000907858945709
190.5 0.000402120344958
191.0 0.000202799225164
191.5 -0.000166310879251
192.0 -0.000582398924905
192.5 -0.000868059179808
193.0 -0.00141528389901
193.5 -0.001838624147
194.0 -0.00242089673226
194.5 -0.00293920713644
195.0 -0.00356393619876
195.5 -0.00542219118832
196.0 -0.00629165327834
196.5 -0.00727729649994
197.0 -0.00856845561077
197.5 -0.00905942852657
198.0 -0.0134788688035
198.5 -0.0194600723026
199.0 -0.0289900277187
199.5 -0.0459576929083
