0.0 0.00217811913687
0.5 0.0155282638001
1.0 0.0175543797475
1.5 0.0139531249958
2.0 0.0114476767286
2.5 0.00951328951745
3.0 0.0084571249963
3.5 0.00743982765557
4.0 0.00687820564788
4.5 0.00627035098034
5.0 0.00550002634475
5.5 0.00500072285961
6.0 0.00429421247926
6.5 0.0037959655182
7.0 0.00343189684255
7.5 0.00296355567174
8.0 0.00259534073449
8.5 0.00230364338198
9.0 0.00194998470334
9.5 0.00160708139229
10.0 0.00122478836214
10.5 0.000921384500813
11.0 0.000489829079321
11.5 0.00013034365498
12.0 -0.000124134123372
12.5 -0.000474237660319
13.0 -0.000873098103671
13.5 -0.00116070888515
14.0 -0.00149386036138
14.5 -0.00181872537786
15.0 -0.00210745337219
15.5 -0.0025016867354
16.0 -0.00283617289097
16.5 -0.0031417906172
17.0 -0.0034801256649
17.5 -0.00384193338766
18.0 -0.00417731110833
18.5 -0.00451611746935
19.0 -0.00485907983523
19.5 -0.0052646038432
20.0 -0.00560987964072
20.5 -0.00596384781485
21.0 -0.00632393413484
21.5 -0.00669143940125
22.0 -0.00706252980843
22.5 -0.00741600962627
23.0 -0.00778954983986
23.5 -0.00818403205226
24.0 -0.00857655879469
24.5 -0.0089646063246
25.0 -0.00934548509318
25.5 -0.00973333451796
26.0 -0.0101117187113
26.5 -0.0104984167564
27.0 -0.0109025270757
27.5 -0.0112761240518
28.0 -0.0116690879079
28.5 -0.0120726402607
29.0 -0.0124651064782
29.5 -0.0128631020778
30.0 -0.0132412413259
30.5 -0.0136238752333
31.0 -0.0140059303028
31.5 -0.0143726789112
32.0 -0.0147432772145
32.5 -0.0151123070103
33.0 -0.0154790152418
33.5 -0.0158217066867
34.0 -0.0161908353998
34.5 -0.0165263876707
35.0 -0.0168540888503
35.5 -0.0171866090793
36.0 -0.0174985645275
36.5 -0.0177954123918
37.0 -0.0180902395385
37.5 -0.0183831914693
38.0 -0.0186624084287
38.5 -0.0189087665048
39.0 -0.0191644216774
39.5 -0.0194259041668
40.0 -0.019636028307
40.5 -0.0198643684639
41.0 -0.0200553823086
41.5 -0.020242109306
42.0 -0.0204141115029
42.5 -0.0205821058386
43.0 -0.0207395784593
43.5 -0.0208605341716
44.0 -0.0209877804758
44.5 -0.0211027045899
45.0 -0.0211592014315
45.5 -0.0212336539688
46.0 -0.0212917999488
46.5 -0.0213283895383
47.0 -0.0213628300708
47.5 -0.0213717005068
48.0 -0.0213805737216
48.5 -0.0213549550927
49.0 -0.0213279250318
49.5 -0.0213002954691
50.0 -0.0211916593168
50.5 -0.0211311219799
51.0 -0.0210703605352
51.5 -0.020969445064
52.0 -0.0208688291368
52.5 -0.020734250567
53.0 -0.0206098205745
53.5 -0.0204554286114
54.0 -0.0203043500625
54.5 -0.020163650461
55.0 -0.0199646052941
55.5 -0.0197523341599
56.0 -0.0195924516656
56.5 -0.0193797272205
57.0 -0.0191740918847
57.5 -0.0189343099539
58.0 -0.0187121590376
58.5 -0.0185011331448
59.0 -0.0182590366093
59.5 -0.0180190248939
60.0 -0.0177661238665
60.5 -0.0175085638092
61.0 -0.0172547256521
61.5 -0.0169612721295
62.0 -0.0166944248943
62.5 -0.0164514172573
63.0 -0.0161748681083
63.5 -0.0158965550127
64.0 -0.0156094294183
64.5 -0.0153400221113
65.0 -0.0150539899347
65.5 -0.0147531513775
66.0 -0.0144601811931
66.5 -0.014184095498
67.0 -0.0138767659357
67.5 -0.0135976098327
68.0 -0.013319924408
68.5 -0.0130557133136
69.0 -0.0127885112875
69.5 -0.0125174392182
70.0 -0.0122539022347
70.5 -0.0119125751729
71.0 -0.0116381156167
71.5 -0.0113805014665
72.0 -0.0110741290359
72.5 -0.0108145895289
73.0 -0.0106132635394
73.5 -0.0103478374437
74.0 -0.0100708875817
74.5 -0.00984153576638
75.0 -0.00957942354343
75.5 -0.00932983798699
76.0 -0.00907090115022
76.5 -0.00881177913854
77.0 -0.00856085929074
77.5 -0.00832225922856
78.0 -0.00813974479989
78.5 -0.007903111005
79.0 -0.00771626936084
79.5 -0.00746003717709
80.0 -0.00725551971746
80.5 -0.00706147831129
81.0 -0.00684886366057
81.5 -0.00668047110686
82.0 -0.00647819467913
82.5 -0.00627563525705
83.0 -0.00610505889335
83.5 -0.00593289451305
84.0 -0.00570998825039
84.5 -0.00558774406736
85.0 -0.0053909021681
85.5 -0.00525011797542
86.0 -0.00507040118158
86.5 -0.00491791711248
87.0 -0.0047574469086
87.5 -0.00458574639276
88.0 -0.00449587807103
88.5 -0.00436924477321
89.0 -0.00419915354605
89.5 -0.00413645085649
90.0 -0.003988668845
90.5 -0.00391048546953
91.0 -0.00387118701674
91.5 -0.00369717111341
92.0 -0.0035612964029
92.5 -0.00347331692582
93.0 -0.00339758836635
93.5 -0.00328916393288
94.0 -0.00312401882129
94.5 -0.00302468782251
95.0 -0.00301440292959
95.5 -0.00295814182891
96.0 -0.00296627109674
96.5 -0.00281977059003
97.0 -0.00273140550669
97.5 -0.00266929648179
98.0 -0.00262558839902
98.5 -0.00261857220907
99.0 -0.00257277472887
99.5 -0.00255076559282
100.0 -0.00253616329589
100.5 -0.00254851887032
101.0 -0.00259065770651
101.5 -0.00256299698513
102.0 -0.00246588563256
102.5 -0.00236389445028
103.0 -0.0023274447999
103.5 -0.00247358280607
104.0 -0.00252048920512
104.5 -0.00251328691387
105.0 -0.00252627077965
105.5 -0.0022981840108
106.0 -0.00242568791589
106.5 -0.00260279018219
107.0 -0.00267035856376
107.5 -0.00269720745739
108.0 -0.00278698912457
108.5 -0.00278056678511
109.0 -0.00270475907587
109.5 -0.00301259903106
110.0 -0.00303919129818
110.5 -0.00299348374266
111.0 -0.00306282618036
111.5 -0.00336059660687
112.0 -0.00312867267834
112.5 -0.00324134616389
113.0 -0.00347668851724
113.5 -0.00361172868169
114.0 -0.00355970910769
114.5 -0.00402821687348
115.0 -0.00344968722798
115.5 -0.0031024623546
116.0 -0.00262593277201
116.5 -0.00263096038005
117.0 -0.00286155632504
117.5 -0.00489070674286
118.0 -0.00407925604269
118.5 -0.00143935794162
119.0 0.000881083399321
119.5 0.0070037446266
120.0 0.00635752867244
120.5 0.00503563424867
121.0 0.00482011366006
121.5 -0.00211739033787
122.0 -0.00565341438414
122.5 -0.0057501426771
123.0 -0.00518411964242
123.5 -0.00418569079845
124.0 -0.00403907334854
124.5 -0.00324382498876
125.0 -0.00376371028709
125.5 -0.00270708534151
126.0 -0.00422916688643
126.5 -0.00419976498925
127.0 -0.00376257560224
127.5 -0.00327306036743
128.0 -0.00314748834707
128.5 -0.00339444211059
129.0 -0.00306284003148
129.5 -0.00306404232896
130.0 -0.00226419234232
130.5 -0.0024046243382
131.0 -0.00243929003163
131.5 -0.00228242002275
132.0 -0.00209781221913
132.5 -0.00213171102229
133.0 -0.00186014377267
133.5 -0.00133773008235
134.0 -0.00140588457891
134.5 -0.00174042144126
135.0 -0.00134032391029
135.5 -0.000934876629294
136.0 -0.0014232806098
136.5 -0.00119310111357
137.0 -0.000887462274886
137.5 -0.0011006403982
138.0 -0.00103038658394
138.5 -0.000848293092861
139.0 -0.000661731671503
139.5 -0.000454587721187
140.0 -0.000714552645181
140.5 -0.000489644975602
141.0 -0.000342350287326
141.5 -0.000103043328185
142.0 -0.000203968531736
142.5 -0.000340416710468
143.0 -0.000239936199689
143.5 -0.000301891732608
144.0 -0.000373569037675
144.5 6.22456178245e-05
145.0 -7.40163265176e-05
145.5 0.000260582408037
146.0 0.000182457355738
146.5 7.88741699349e-05
147.0 0.000321178482233
147.5 0.0004589701735
148.0 0.000431769754339
148.5 0.000577582164649
149.0 0.000723042361692
149.5 0.000462201456548
150.0 0.000706969142746
150.5 0.000611693993127
151.0 0.000669248158875
151.5 0.000674800904816
152.0 0.000521341058162
152.5 0.00072542127127
153.0 0.00102736245072
153.5 0.0010196051984
154.0 0.000888261503945
154.5 0.000987255752964
155.0 0.00110979339996
155.5 0.00120581681813
156.0 0.00140285613187
156.5 0.00136367749236
157.0 0.0013019499016
157.5 0.00109118541801
158.0 0.00113223556163
158.5 0.00147348904498
159.0 0.00158650219242
159.5 0.0015321131591
160.0 0.00147055827373
160.5 0.00138343135001
161.0 0.00157780458765
161.5 0.00182762383853
162.0 0.00202134557195
162.5 0.0021344519548
163.0 0.00207120644701
163.5 0.00210136164143
164.0 0.00234508838401
164.5 0.00245551834259
165.0 0.00251212245625
165.5 0.0025495956907
166.0 0.00219621431334
166.5 0.00261165400803
167.0 0.00279427129325
167.5 0.00284639050437
168.0 0.00308764209458
168.5 0.00338261236396
169.0 0.00330973238466
169.5 0.00309479849391
170.0 0.00347828562859
170.5 0.00361211361862
171.0 0.00375045076883
171.5 0.00402403626914
172.0 0.00411597121062
172.5 0.00443054085231
173.0 0.00465811275612
173.5 0.00487815634017
174.0 0.0051265183468
174.5 0.00536350712385
175.0 0.00579014415614
175.5 0.00552365768378
176.0 0.00581286282996
176.5 0.00666294656385
177.0 0.00628602089706
177.5 0.0084978533703
178.0 0.00592211351602
178.5 0.00591327160924
179.0 0.00199709755017
179.5 -0.00218843920496
180.0 -0.00393209279341
180.5 -0.00540304913287
181.0 -0.00263988724961
181.5 -0.000300203045072
182.0 0.000745578779359
182.5 0.00173338501601
183.0 0.00128584500754
183.5 0.00176968756627
184.0 0.00154442209632
184.5 0.00154348976501
185.0 0.00225498047915
185.5 0.00174161477153
186.0 0.0017664981242
186.5 0.00169567987221
187.0 0.00142409903467
187.5 0.00126140782331
188.0 0.00101047743297
188.5 0.000639017621666
189.0 0.000380373464694
189.5 -1.59181044523e-06
190.0 -0.000334054155502
190.5 -0.000627751786709
191.0 -0.000938961367638
191.5 -0.00136149584652
192.0 -0.00182983717336
192.5 -0.00218966550514
193.0 -0.00280706899383
193.5 -0.00338971265549
194.0 -0.00420707028596
194.5 -0.00506410759759
195.0 -0.00586273859552
195.5 -0.00721386116098
196.0 -0.00929334526477
196.5 -0.0110511157364
197.0 -0.0134193707223
197.5 -0.0158793941034
198.0 -0.0212803616812
198.5 -0.0288417164075
199.0 -0.0443175657945
199.5 -0.0698873290862
