0.0 0.00331830011317
0.5 0.0171362776324
1.0 0.0205999407632
1.5 0.0168128421053
2.0 0.0143972774689
2.5 0.0127898512448
3.0 0.0119373283121
3.5 0.0109814975166
4.0 0.00977695584091
4.5 0.00924393593751
5.0 0.00860278080889
5.5 0.008149810123
6.0 0.00747666269932
6.5 0.00701226963059
7.0 0.00672863540791
7.5 0.00632233651805
8.0 0.0060155970939
8.5 0.0057181360132
9.0 0.00543601258663
9.5 0.00516259692751
10.0 0.00472893569722
10.5 0.00449041993539
11.0 0.00422821278321
11.5 0.00395104079046
12.0 0.00371128850597
12.5 0.00344784212914
13.0 0.00318571446733
13.5 0.00291654040413
14.0 0.00266476059397
14.5 0.00244487373028
15.0 0.00213063293966
15.5 0.00185904660533
16.0 0.00159847141382
16.5 0.00135384872461
17.0 0.00108269492688
17.5 0.000787290667013
18.0 0.000512043390261
18.5 0.000216550521607
19.0 -5.96642447945e-05
19.5 -0.000346594802283
20.0 -0.000666227299197
20.5 -0.000970446008785
21.0 -0.00126900342661
21.5 -0.0015779958485
22.0 -0.00189988136346
22.5 -0.00221057678839
23.0 -0.00254470446424
23.5 -0.00290134370795
24.0 -0.00325881974122
24.5 -0.00361507200023
25.0 -0.00396873598597
25.5 -0.00433276508722
26.0 -0.00468855490714
26.5 -0.00504618724974
27.0 -0.00542825560296
27.5 -0.00580563602705
28.0 -0.00618988224547
28.5 -0.00659866631447
29.0 -0.00702217452303
29.5 -0.00743574905326
30.0 -0.00784779390942
30.5 -0.00828347966095
31.0 -0.00871872398397
31.5 -0.00914794733159
32.0 -0.00959214508931
32.5 -0.0100242386295
33.0 -0.0104706015337
33.5 -0.0109210247937
34.0 -0.0113801870982
34.5 -0.0118499452969
35.0 -0.0123179526855
35.5 -0.0127959857481
36.0 -0.0132651266502
36.5 -0.0137253628533
37.0 -0.0141985607025
37.5 -0.0146740775989
38.0 -0.0151342831044
38.5 -0.0156020479113
39.0 -0.01607436868
39.5 -0.0165662901519
40.0 -0.0170279515497
40.5 -0.0175116868151
41.0 -0.01795557528
41.5 -0.0183979792665
42.0 -0.0188370392238
42.5 -0.0192800601054
43.0 -0.0197291385686
43.5 -0.0201714539917
44.0 -0.0206176935745
44.5 -0.0210283693284
45.0 -0.0214204384053
45.5 -0.0218172655397
46.0 -0.0222019835704
46.5 -0.0225986893363
47.0 -0.0229644568235
47.5 -0.0232910802933
48.0 -0.0236354686579
48.5 -0.0239648700227
49.0 -0.024270847038
49.5 -0.0245828112894
50.0 -0.0248276994412
50.5 -0.0250859556159
51.0 -0.0253161160567
51.5 -0.0255133804545
52.0 -0.02571610273
52.5 -0.0258914901552
53.0 -0.0260736067939
53.5 -0.026220191879
54.0 -0.026342691593
54.5 -0.0264610911658
55.0 -0.0264851450147
55.5 -0.0265441703431
56.0 -0.0266109615187
56.5 -0.026616086702
57.0 -0.0266227348725
57.5 -0.0265989700048
58.0 -0.0265692921636
58.5 -0.0265135356724
59.0 -0.0264205970878
59.5 -0.0262970044957
60.0 -0.0261770948042
60.5 -0.0260284415349
61.0 -0.025860181399
61.5 -0.0256625570374
62.0 -0.0254700672781
62.5 -0.0252752718874
63.0 -0.0250611604705
63.5 -0.0247924195324
64.0 -0.024531204892
64.5 -0.0242785318995
65.0 -0.024003801596
65.5 -0.023663279524
66.0 -0.023336858747
66.5 -0.0230141248484
67.0 -0.0226915062749
67.5 -0.022378121492
68.0 -0.0220154468606
68.5 -0.0216604158293
69.0 -0.0213212212354
69.5 -0.0209569825296
70.0 -0.0205735430215
70.5 -0.0202080264827
71.0 -0.0197748349284
71.5 -0.0193649990109
72.0 -0.0189882073632
72.5 -0.0185810429865
73.0 -0.018206913296
73.5 -0.0178289497037
74.0 -0.0174562618007
74.5 -0.0170119496986
75.0 -0.0166336173215
75.5 -0.016272100638
76.0 -0.0159050874163
76.5 -0.0154468663387
77.0 -0.0150509769419
77.5 -0.0146921090177
78.0 -0.0143076065445
78.5 -0.0139393659871
79.0 -0.0136100820064
79.5 -0.0132864484811
80.0 -0.0129526112011
80.5 -0.0125499746976
81.0 -0.0121909825168
81.5 -0.0118479826087
82.0 -0.0114803567985
82.5 -0.0111421555883
83.0 -0.0107990204881
83.5 -0.0105066508524
84.0 -0.0102356804109
84.5 -0.00994221646029
85.0 -0.00966153112202
85.5 -0.00943894246584
86.0 -0.0090606417566
86.5 -0.00879390904425
87.0 -0.00853701440487
87.5 -0.00823990191403
88.0 -0.00806058208815
88.5 -0.00782814823534
89.0 -0.00747296403217
89.5 -0.00727937105818
90.0 -0.00700841451265
90.5 -0.00684407750766
91.0 -0.00666905413616
91.5 -0.00644663350835
92.0 -0.00623232749456
92.5 -0.00603621656315
93.0 -0.00586206794502
93.5 -0.0056686325186
94.0 -0.00544434120075
94.5 -0.00530619677027
95.0 -0.00520702545818
95.5 -0.00504173810287
96.0 -0.00494866585155
96.5 -0.0047768587192
97.0 -0.00466582928103
97.5 -0.00455758670843
98.0 -0.00442341556017
98.5 -0.00430266500569
99.0 -0.0042115530484
99.5 -0.00417274775359
100.0 -0.00408170054641
100.5 -0.00398289310156
101.0 -0.00383638058172
101.5 -0.00365522584103
102.0 -0.00362637208799
102.5 -0.00368453803209
103.0 -0.00368567421386
103.5 -0.00372497069117
104.0 -0.0036758741002
104.5 -0.00354693704224
105.0 -0.00348586820368
105.5 -0.00344791221202
106.0 -0.00342680133555
106.5 -0.00347769047147
107.0 -0.00335699449603
107.5 -0.00336231007815
108.0 -0.00354986479024
108.5 -0.00370783685874
109.0 -0.00379082912122
109.5 -0.00371962097189
110.0 -0.00370522460378
110.5 -0.00371635471272
111.0 -0.00376882777517
111.5 -0.00409510055304
112.0 -0.00407719383448
112.5 -0.00415154315786
113.0 -0.00429906735226
113.5 -0.0043966949858
114.0 -0.00391364058058
114.5 -0.0043707809007
115.0 -0.0046112107851
115.5 -0.00431432876458
116.0 -0.00437814939968
116.5 -0.00448846266974
117.0 -0.00493532383231
117.5 -0.0053136788471
118.0 -0.00482904170521
118.5 -0.00189574445928
119.0 0.00297241319207
119.5 0.00794322490985
120.0 0.00572426398668
120.5 0.0047103015096
121.0 0.0010439481443
121.5 -0.002866866697
122.0 -0.00546861796532
122.5 -0.00566532661418
123.0 -0.0054617344348
123.5 -0.00447139773085
124.0 -0.00411924327322
124.5 -0.00394826930651
125.0 -0.00411179078799
125.5 -0.00372727928597
126.0 -0.00340109478776
126.5 -0.00356270676399
127.0 -0.00350245337857
127.5 -0.00343984011162
128.0 -0.00315341801092
128.5 -0.00306977058084
129.0 -0.00310828096002
129.5 -0.00271014312577
130.0 -0.00240812951955
130.5 -0.00221178659724
131.0 -0.00210192560087
131.5 -0.00181221486082
132.0 -0.00155317450309
132.5 -0.00166148212613
133.0 -0.00166261663417
133.5 -0.00142301598029
134.0 -0.0012562112506
134.5 -0.00107192502144
135.0 -0.000893851696596
135.5 -0.000957015750437
136.0 -0.00041414827151
136.5 -0.000773125435568
137.0 -0.00070827698568
137.5 -0.000734790251155
138.0 -0.000493248063652
138.5 -0.000342919615768
139.0 -0.000421970272075
139.5 -0.000449942703003
140.0 -0.000278562955685
140.5 -0.000239253422418
141.0 -8.83655979216e-05
141.5 6.65818117334e-05
142.0 0.000101033904805
142.5 0.000134714157552
143.0 0.000427228184202
143.5 0.000447769748286
144.0 0.000181873030794
144.5 0.00040488106036
145.0 0.000271463679059
145.5 0.000500908044015
146.0 0.000743417652359
146.5 0.000620844896664
147.0 0.000696001644895
147.5 0.000658427934956
148.0 0.000683821949831
148.5 0.000811952136564
149.0 0.00085968770146
149.5 0.00109435695218
150.0 0.00118765625425
150.5 0.000960632354621
151.0 0.00102284407169
151.5 0.00137317909741
152.0 0.00124892853984
152.5 0.00117142325563
153.0 0.00120633748102
153.5 0.00124362131511
154.0 0.00137320119384
154.5 0.00157439772014
155.0 0.00182288755151
155.5 0.00158844773127
156.0 0.00174414366725
156.5 0.00171009356659
157.0 0.00167903433419
157.5 0.00174446953568
158.0 0.00183866467332
158.5 0.00190290775499
159.0 0.00183449195531
159.5 0.00190448730378
160.0 0.00201318681447
160.5 0.00171268691829
161.0 0.00201399907194
161.5 0.00235385102688
162.0 0.00248629860256
162.5 0.00236071914977
163.0 0.0024017600122
163.5 0.0026616548208
164.0 0.0028568367761
164.5 0.00294386948607
165.0 0.00278164985486
165.5 0.00291302662181
166.0 0.00272904542646
166.5 0.00287701163897
167.0 0.00307242532347
167.5 0.0032781252366
168.0 0.00354820127563
168.5 0.00381799920047
169.0 0.0037304980837
169.5 0.00356515731952
170.0 0.00409200251796
170.5 0.00421594125625
171.0 0.00430027015302
171.5 0.00455580462548
172.0 0.00475090905682
172.5 0.00471139557129
173.0 0.00492941357197
173.5 0.00536747789698
174.0 0.00568118201201
174.5 0.00590692136906
175.0 0.00623621074767
175.5 0.00627621059674
176.0 0.00710245874428
176.5 0.00704545512237
177.0 0.00840973237092
177.5 0.010335968694
178.0 0.00846689446146
178.5 0.00551488231378
179.0 0.000166315883234
179.5 -0.00137378600161
180.0 -0.00107347443489
180.5 -0.0031295711087
181.0 -0.00131072544822
181.5 0.000246887600937
182.0 0.0012453689576
182.5 0.00122009118438
183.0 0.00143710468471
183.5 0.00156370585351
184.0 0.00138866855127
184.5 0.00135566194787
185.0 0.00136087428962
185.5 0.00194545736571
186.0 0.00179332980019
186.5 0.00163853086367
187.0 0.00141760976464
187.5 0.00125290054424
188.0 0.000931424443706
188.5 0.00080178447854
189.0 0.000627930696282
189.5 0.000242114417901
190.0 -7.0992573896e-05
190.5 -0.00033874267838
191.0 -0.000632928307908
191.5 -0.00109093789173
192.0 -0.00152610782663
192.5 -0.00183141983396
193.0 -0.00253998417635
193.5 -0.00305708961642
194.0 -0.00385698222966
194.5 -0.00473350622048
195.0 -0.00561011842821
195.5 -0.00739314726083
196.0 -0.00863515447715
196.5 -0.0103461532266
197.0 -0.0126383379906
197.5 -0.0148296659376
198.0 -0.0200920551027
198.5 -0.0274832915602
199.0 -0.0422973770299
199.5 -0.0664618176788
