0.0 0.00103002368141
0.5 0.0229773376374
1.0 0.0218416276573
1.5 0.016795778335
2.0 0.013932182655
2.5 0.01135339709
3.0 0.00995514653506
3.5 0.00877593067326
4.0 0.00782193615781
4.5 0.00665700524968
5.0 0.00592082890094
5.5 0.00538806458157
6.0 0.00478052551561
6.5 0.00422440470695
7.0 0.0037436187778
7.5 0.00325935114462
8.0 0.00287646103069
8.5 0.00248152143134
9.0 0.00197164197304
9.5 0.00167077258193
10.0 0.00134300907908
10.5 0.000892731700363
11.0 0.00053148034438
11.5 0.000212944909286
12.0 -9.32457323142e-05
12.5 -0.000472610191194
13.0 -0.000880660974923
13.5 -0.00119308056503
14.0 -0.00152892764143
14.5 -0.00186217059665
15.0 -0.00219733637467
15.5 -0.0025383556843
16.0 -0.0029024348663
16.5 -0.00326146240728
17.0 -0.0035859062179
17.5 -0.00394092153388
18.0 -0.00432163774512
18.5 -0.00467687827045
19.0 -0.00504425669483
19.5 -0.00542493306588
20.0 -0.0058146652865
20.5 -0.00618510518464
21.0 -0.00655222552981
21.5 -0.00692715838701
22.0 -0.00731938187366
22.5 -0.0077113431487
23.0 -0.00809615430638
23.5 -0.00850174669546
24.0 -0.00891293852312
24.5 -0.00934171854501
25.0 -0.009732591062
25.5 -0.0101308654782
26.0 -0.0105417546393
26.5 -0.0109536092633
27.0 -0.0113814290651
27.5 -0.0117793205904
28.0 -0.0121955104171
28.5 -0.0126319807045
29.0 -0.013060635345
29.5 -0.0134937004128
30.0 -0.0139073730117
30.5 -0.0143299512616
31.0 -0.0147438855049
31.5 -0.0151489326175
32.0 -0.015567561086
32.5 -0.0159630943995
33.0 -0.0163632215017
33.5 -0.0167740690765
34.0 -0.0171470226433
34.5 -0.0175450215404
35.0 -0.0179262612027
35.5 -0.0183036543716
36.0 -0.0186580990821
36.5 -0.0190027653814
37.0 -0.0193502677718
37.5 -0.0196837571767
38.0 -0.0199947095221
38.5 -0.0203108660479
39.0 -0.020593286691
39.5 -0.0208865994571
40.0 -0.0211688764137
40.5 -0.021418166206
41.0 -0.0216596521178
41.5 -0.0219056238559
42.0 -0.0221119204133
42.5 -0.0222985788793
43.0 -0.0224772392052
43.5 -0.0226196408655
44.0 -0.0227765265586
44.5 -0.022922557191
45.0 -0.0230375075804
45.5 -0.0231357223363
46.0 -0.0231883962279
46.5 -0.0232492516611
47.0 -0.0232968832793
47.5 -0.0233091641474
48.0 -0.023324667107
48.5 -0.023318489841
49.0 -0.023300384158
49.5 -0.0232295563882
50.0 -0.0231502666443
50.5 -0.0230736956957
51.0 -0.022970745837
51.5 -0.0228544648167
52.0 -0.0227392652564
52.5 -0.0225978833292
53.0 -0.0224489735434
53.5 -0.0222732468904
54.0 -0.0220851384425
54.5 -0.0218790443011
55.0 -0.0216550130381
55.5 -0.0214395849611
56.0 -0.0211901647306
56.5 -0.0209509215957
57.0 -0.0207103081364
57.5 -0.0204449933278
58.0 -0.0201734837642
58.5 -0.0198803182525
59.0 -0.019593124313
59.5 -0.019304910755
60.0 -0.018989732216
60.5 -0.0186632449652
61.0 -0.0183360539916
61.5 -0.0180000330176
62.0 -0.0176772830972
62.5 -0.0173544061752
63.0 -0.0170040492424
63.5 -0.0166812849268
64.0 -0.0163579683099
64.5 -0.0160313619798
65.0 -0.0156807726999
65.5 -0.0153503922465
66.0 -0.014985650727
66.5 -0.0146365851882
67.0 -0.0143054466093
67.5 -0.013987225588
68.0 -0.0136425129302
68.5 -0.0132897469381
69.0 -0.0129821649893
69.5 -0.0126656041526
70.0 -0.0123540369787
70.5 -0.0119629103518
71.0 -0.0116413461185
71.5 -0.0113354935725
72.0 -0.0109827468849
72.5 -0.0106708970543
73.0 -0.0104068903784
73.5 -0.0101039783347
74.0 -0.00982419870839
74.5 -0.00949065322894
75.0 -0.00924581750022
75.5 -0.00899085813705
76.0 -0.00872903265696
76.5 -0.00840805417246
77.0 -0.00809817502943
77.5 -0.00783643020046
78.0 -0.00763665010592
78.5 -0.00736337206855
79.0 -0.00709600569881
79.5 -0.00689442710566
80.0 -0.00667296912608
80.5 -0.00649213701172
81.0 -0.00619950330802
81.5 -0.00600205028453
82.0 -0.00577212750319
82.5 -0.00554055450224
83.0 -0.00533217004251
83.5 -0.00514521743695
84.0 -0.00496490816194
84.5 -0.00483118153903
85.0 -0.00463138667703
85.5 -0.00453472404239
86.0 -0.00429910133154
86.5 -0.00414411296964
87.0 -0.0040315861969
87.5 -0.00384283897734
88.0 -0.00365346377325
88.5 -0.00350454980847
89.0 -0.00339866933589
89.5 -0.00327217940379
90.0 -0.00313176272598
90.5 -0.00306265097321
91.0 -0.00292959699802
91.5 -0.00278901127352
92.0 -0.00268399381013
92.5 -0.00257259355594
93.0 -0.00249132816843
93.5 -0.00244185379439
94.0 -0.00238350684129
94.5 -0.00221122831439
95.0 -0.0021461646556
95.5 -0.00207862684356
96.0 -0.00202288501394
96.5 -0.00192787935715
97.0 -0.00192537181634
97.5 -0.00191993561289
98.0 -0.00192343821465
98.5 -0.00193118073569
99.0 -0.00180232548771
99.5 -0.00172770401187
100.0 -0.00163431716537
100.5 -0.00166160698609
101.0 -0.00159442138919
101.5 -0.00149144831513
102.0 -0.00153570813401
102.5 -0.00164922121855
103.0 -0.00167180180142
103.5 -0.00173705804806
104.0 -0.00180460380994
104.5 -0.00183203400129
105.0 -0.00155176414652
105.5 -0.00176117759797
106.0 -0.00182749235083
106.5 -0.0019615943791
107.0 -0.00191267323645
107.5 -0.00192981684826
108.0 -0.00202596639618
108.5 -0.00208229518243
109.0 -0.00213573946239
109.5 -0.00216189907891
110.0 -0.00215715089084
110.5 -0.00222880130514
111.0 -0.0024436488307
111.5 -0.00232026477808
112.0 -0.00248707884583
112.5 -0.00289922728356
113.0 -0.00305526244729
113.5 -0.0032103134767
114.0 -0.00303215207275
114.5 -0.00303181944734
115.0 -0.0021093941518
115.5 -0.00201769713465
116.0 -0.00218567394151
116.5 -0.00229754391594
117.0 -0.00247306874401
117.5 -0.00334813264291
118.0 -0.00126698708256
118.5 -0.000611454008478
119.0 0.00108259557931
119.5 0.00743765821278
120.0 0.00764353042956
120.5 0.00711180608954
121.0 0.00542717413417
121.5 -0.00315098217668
122.0 -0.00539833967456
122.5 -0.00694005937301
123.0 -0.00621623514991
123.5 -0.00545624436261
124.0 -0.00425320316161
124.5 -0.00447131012945
125.0 -0.00444580939956
125.5 -0.00328995744447
126.0 -0.00347837646794
126.5 -0.00418337404236
127.0 -0.00391530755518
127.5 -0.00331885620353
128.0 -0.0029469239863
128.5 -0.00273271127242
129.0 -0.00231619505896
129.5 -0.00201153252447
130.0 -0.00253152497317
130.5 -0.00222012162142
131.0 -0.00213103671553
131.5 -0.00164326711689
132.0 -0.00165174622151
132.5 -0.00171890316238
133.0 -0.00148729929911
133.5 -0.0012864760116
134.0 -0.0013125313206
134.5 -0.00119768177005
135.0 -0.0010944652195
135.5 -0.000619393287671
136.0 -0.000948797750283
136.5 -0.000876763118615
137.0 -0.000668307839948
137.5 -0.000578594639329
138.0 -0.000465434825713
138.5 -0.0005444616665
139.0 -0.00054879448955
139.5 -0.000400630432893
140.0 -0.000308115886277
140.5 -0.000284949205909
141.0 -0.000328506212838
141.5 9.39917222098e-05
142.0 7.15710398573e-05
142.5 -2.76527697025e-05
143.0 0.000123187433143
143.5 0.000145384399451
144.0 2.51596586391e-05
144.5 0.000179176051605
145.0 0.000205905767464
145.5 0.000268757818445
146.0 9.39813947038e-05
146.5 0.0004322645906
147.0 0.00054427041027
147.5 0.000664830548681
148.0 0.000638809485439
148.5 0.000521379110923
149.0 0.00052082789392
149.5 0.000623738474958
150.0 0.000849174957784
150.5 0.0010037716417
151.0 0.000795270432488
151.5 0.0008015942988
152.0 0.000840415760671
152.5 0.000844930617971
153.0 0.000935300699
153.5 0.00102104363133
154.0 0.00103993729775
154.5 0.00121061311038
155.0 0.00164424465158
155.5 0.00140126226185
156.0 0.00110596484454
156.5 0.00143132287974
157.0 0.00150039852421
157.5 0.00130387876803
158.0 0.00113677581776
158.5 0.00139709104662
159.0 0.00176591804199
159.5 0.00178855646334
160.0 0.00188983623101
160.5 0.00177102831194
161.0 0.0016974017815
161.5 0.00199543784953
162.0 0.00200338054344
162.5 0.00208196944924
163.0 0.00199304426839
163.5 0.00195465481272
164.0 0.00207144314663
164.5 0.00203893617689
165.0 0.00249855594997
165.5 0.0020122828551
166.0 0.00202974459081
166.5 0.0023742851671
167.0 0.00270547644512
167.5 0.00306782609168
168.0 0.00327643065145
168.5 0.00335334743119
169.0 0.00338852870203
169.5 0.00350647755307
170.0 0.00363370384265
170.5 0.00316743112884
171.0 0.00363870943579
171.5 0.00399388975389
172.0 0.00434285350057
172.5 0.00482708985822
173.0 0.00470479300087
173.5 0.00462749567805
174.0 0.00512314547632
174.5 0.00529527746652
175.0 0.00538336552108
175.5 0.00382255295375
176.0 0.00424537072621
176.5 0.00475200676672
177.0 0.00539411359999
177.5 0.00402061830822
178.0 0.00194716007255
178.5 0.00140692270037
179.0 -0.00215652250326
179.5 -0.00389109822105
180.0 -0.00380955435929
180.5 -0.00513819278257
181.0 -0.00269862294843
181.5 0.000163844748187
182.0 0.000130017525365
182.5 0.0024498914681
183.0 0.0020750960267
183.5 0.00257920835337
184.0 0.00251272126044
184.5 0.00257505757416
185.0 0.00261358354574
185.5 0.00237863859908
186.0 0.00243172168332
186.5 0.00230053404198
187.0 0.00203155868977
187.5 0.0017078291027
188.0 0.0015262303701
188.5 0.00146488917133
189.0 0.000927390335008
189.5 0.000571479663265
190.0 0.000306996994979
190.5 -0.000227492092336
191.0 -0.000516218217257
191.5 -0.000931127690308
192.0 -0.00142053573634
192.5 -0.00172381162071
193.0 -0.00239096361139
193.5 -0.00312459984328
194.0 -0.00390922433449
194.5 -0.00480477721953
195.0 -0.0056112694193
195.5 -0.00737213898633
196.0 -0.00871840598229
196.5 -0.0104316288619
197.0 -0.0126566351888
197.5 -0.0143471552433
198.0 -0.0203622562387
198.5 -0.0273071457059
199.0 -0.0429953258116
199.5 -0.0637445604969
