0.0 0.00105205510432
0.5 0.0241071479728
1.0 0.0220607864401
1.5 0.0164027293052
2.0 0.0139170545309
2.5 0.0118584321394
3.0 0.0107979288712
3.5 0.00972776852184
4.0 0.00877229030296
4.5 0.00757465088044
5.0 0.00686752718147
5.5 0.00638872543753
6.0 0.00579927465134
6.5 0.00521525721324
7.0 0.00480206542361
7.5 0.0042505586472
8.0 0.0037596212482
8.5 0.00345958458405
9.0 0.00312417680711
9.5 0.00275597638169
10.0 0.0024113019969
10.5 0.00199916335888
11.0 0.00167437742454
11.5 0.00137326653949
12.0 0.00105870767941
12.5 0.000720257844376
13.0 0.000378604420474
13.5 6.70358547445e-05
14.0 -0.000261498628294
14.5 -0.00057839801614
15.0 -0.000878193756616
15.5 -0.00119962817471
16.0 -0.0015587797629
16.5 -0.00186646639525
17.0 -0.00218440900754
17.5 -0.00253202464252
18.0 -0.00285885519825
18.5 -0.00320729002289
19.0 -0.00353694043885
19.5 -0.00388243968262
20.0 -0.00422240064362
20.5 -0.00457323340247
21.0 -0.00491122995673
21.5 -0.00527503473986
22.0 -0.00565232054601
22.5 -0.0059916327939
23.0 -0.00638023381062
23.5 -0.0067412653769
24.0 -0.00710599154052
24.5 -0.00748525885881
25.0 -0.00785670229738
25.5 -0.00822709155622
26.0 -0.00859605515851
26.5 -0.00896576014162
27.0 -0.00935134657754
27.5 -0.00972622871757
28.0 -0.0101012044571
28.5 -0.0104930811074
29.0 -0.0108996498774
29.5 -0.0112898767375
30.0 -0.0116625961956
30.5 -0.0120510778446
31.0 -0.0124311500114
31.5 -0.0127932220239
32.0 -0.0131619404367
32.5 -0.0135095940762
33.0 -0.0138636057304
33.5 -0.0142201664162
34.0 -0.0145915561865
34.5 -0.0149385654948
35.0 -0.0152804520393
35.5 -0.0156282068225
36.0 -0.0159497287399
36.5 -0.0162632804743
37.0 -0.0165814778153
37.5 -0.016889811812
38.0 -0.0171777448689
38.5 -0.017470213897
39.0 -0.017756621506
39.5 -0.0180318291223
40.0 -0.0182854214329
40.5 -0.0185257203807
41.0 -0.0187628795652
41.5 -0.0190068816855
42.0 -0.0192168206132
42.5 -0.0194162589242
43.0 -0.0196147817442
43.5 -0.0197723516302
44.0 -0.0199332022541
44.5 -0.0201082172306
45.0 -0.0202312082036
45.5 -0.0203775109911
46.0 -0.0204864478904
46.5 -0.0205799077507
47.0 -0.0206754747275
47.5 -0.0207573484527
48.0 -0.0208458948737
48.5 -0.0208910307759
49.0 -0.020914829506
49.5 -0.0209439429113
50.0 -0.0209270870432
50.5 -0.0209611016494
51.0 -0.0209407178265
51.5 -0.0209229273021
52.0 -0.0208743042655
52.5 -0.0208054237664
53.0 -0.0207710377044
53.5 -0.0207144596178
54.0 -0.0206366341404
54.5 -0.0205510386892
55.0 -0.0204390081968
55.5 -0.0203211799949
56.0 -0.0201983652179
56.5 -0.0200637380531
57.0 -0.0199349306385
57.5 -0.0197986352919
58.0 -0.0196558647884
58.5 -0.019509649427
59.0 -0.0193420417677
59.5 -0.0191611772124
60.0 -0.0189626139112
60.5 -0.0187596514934
61.0 -0.0185593922991
61.5 -0.0183244967552
62.0 -0.0181047818272
62.5 -0.0178917058397
63.0 -0.0176764588718
63.5 -0.0174659102608
64.0 -0.0172413574286
64.5 -0.0170037373959
65.0 -0.0167345679263
65.5 -0.0164932994848
66.0 -0.0162081962542
66.5 -0.0159707467219
67.0 -0.015702763575
67.5 -0.0154621300158
68.0 -0.0152056599057
68.5 -0.0149408768629
69.0 -0.0147086758396
69.5 -0.0144502091008
70.0 -0.014200415117
70.5 -0.0138754295523
71.0 -0.0136179238496
71.5 -0.0133713492083
72.0 -0.0131002721084
72.5 -0.0128332864694
73.0 -0.0125920027201
73.5 -0.0123650303578
74.0 -0.0121113337046
74.5 -0.0118028258218
75.0 -0.0115773381307
75.5 -0.0113374546227
76.0 -0.0110861243367
76.5 -0.0107784151741
77.0 -0.010481651753
77.5 -0.0102323711932
78.0 -0.0100336505166
78.5 -0.00977783258821
79.0 -0.00958326100053
79.5 -0.00939918036614
80.0 -0.00908643162458
80.5 -0.00887789757807
81.0 -0.00864701810699
81.5 -0.00845860090868
82.0 -0.00822512135039
82.5 -0.00796477448423
83.0 -0.00775155486167
83.5 -0.00756600992657
84.0 -0.00743703740636
84.5 -0.00727360700575
85.0 -0.00697664734493
85.5 -0.00683344131413
86.0 -0.00667094641487
86.5 -0.0065111034908
87.0 -0.00632378721687
87.5 -0.00612827957119
88.0 -0.00600524976438
88.5 -0.00585324787047
89.0 -0.00566487642531
89.5 -0.00560963276389
90.0 -0.00534459962898
90.5 -0.0052328839408
91.0 -0.00511219134722
91.5 -0.00494200604316
92.0 -0.00479628815726
92.5 -0.00468923248811
93.0 -0.00460772689593
93.5 -0.00450595838609
94.0 -0.00438498249914
94.5 -0.00427065316965
95.0 -0.00420257394741
95.5 -0.0041975116091
96.0 -0.00406852740858
96.5 -0.00392939136461
97.0 -0.00385508135922
97.5 -0.00374256884324
98.0 -0.00359733155516
98.5 -0.00350704714305
99.0 -0.00347741514456
99.5 -0.00349512404274
100.0 -0.00338033226717
100.5 -0.00342406886915
101.0 -0.00344944173646
101.5 -0.00338692783864
102.0 -0.00330003304134
102.5 -0.00326670242911
103.0 -0.0032233275799
103.5 -0.00324999032597
104.0 -0.00322262465584
104.5 -0.00314563102135
105.0 -0.00310049035846
105.5 -0.00310534496208
106.0 -0.00300829436409
106.5 -0.00319929828955
107.0 -0.00326315461341
107.5 -0.00322913436126
108.0 -0.00326509356403
108.5 -0.00338608500572
109.0 -0.00348185034233
109.5 -0.00352548125069
110.0 -0.00375252841172
110.5 -0.00378876042087
111.0 -0.003542183648
111.5 -0.00394475414891
112.0 -0.00373725248038
112.5 -0.00386123475327
113.0 -0.00426615085426
113.5 -0.00470228998002
114.0 -0.00453594187785
114.5 -0.00415500014715
115.0 -0.00466614472489
115.5 -0.00425596858689
116.0 -0.00504097035929
116.5 -0.00424802632349
117.0 -0.00433067725811
117.5 -0.00430873247345
118.0 -0.00410285543337
118.5 -0.00234392681611
119.0 0.000674625538778
119.5 0.00854043398971
120.0 0.00899653052116
120.5 0.00555502548359
121.0 0.000489313373876
121.5 -0.00377690916397
122.0 -0.00479122416405
122.5 -0.00736862697313
123.0 -0.00576863581179
123.5 -0.00562372261115
124.0 -0.00467095494228
124.5 -0.00424608863393
125.0 -0.0054486333963
125.5 -0.00461526573505
126.0 -0.0043618178383
126.5 -0.00433941626812
127.0 -0.00395823586213
127.5 -0.00414052209328
128.0 -0.00443818231278
128.5 -0.00414207312683
129.0 -0.00350527372011
129.5 -0.00340123871565
130.0 -0.00329234874602
130.5 -0.00290309883484
131.0 -0.00257425989182
131.5 -0.00286823733544
132.0 -0.00283521585378
132.5 -0.00277101894259
133.0 -0.00242351185392
133.5 -0.00210072752778
134.0 -0.00213150623808
134.5 -0.00166674938243
135.0 -0.00172121626946
135.5 -0.00182506191733
136.0 -0.00119238215395
136.5 -0.00158872065913
137.0 -0.00129894103499
137.5 -0.00122563845245
138.0 -0.00116879047688
138.5 -0.00101039519815
139.0 -0.000699426169824
139.5 -0.000665888673453
140.0 -0.000552064745403
140.5 -0.00108498746004
141.0 -0.000518233340149
141.5 -0.000465762337726
142.0 -0.000318883792694
142.5 -0.000352211540376
143.0 -0.000374249269143
143.5 -0.000473836924682
144.0 -0.00047992027171
144.5 -2.06240059555e-05
145.0 -3.84231314392e-05
145.5 -6.65109505098e-05
146.0 0.000183803311473
146.5 0.000103945606501
147.0 0.000291045590019
147.5 0.000336502331691
148.0 0.000443983062187
148.5 0.000576393729708
149.0 0.000455833607051
149.5 0.000514347387302
150.0 0.000657471888547
150.5 0.000880297318683
151.0 0.000891806242701
151.5 0.000883940800474
152.0 0.000726725523804
152.5 0.000792547789967
153.0 0.000957708864963
153.5 0.00104256208769
154.0 0.0011318961641
154.5 0.00120405069996
155.0 0.001139537679
155.5 0.00111655217991
156.0 0.0012565912497
156.5 0.00147641883532
157.0 0.00175629296016
157.5 0.00182303990024
158.0 0.00177750847555
158.5 0.00184529325443
159.0 0.00182291450848
159.5 0.00175648630152
160.0 0.00199319722664
160.5 0.00209558183476
161.0 0.00224823411907
161.5 0.00239993669965
162.0 0.00249267579269
162.5 0.00271857505155
163.0 0.00288560767687
163.5 0.00292224546508
164.0 0.0028171693783
164.5 0.00275522545801
165.0 0.00321735499061
165.5 0.00331696867368
166.0 0.00324318508776
166.5 0.00315695562062
167.0 0.00346938112586
167.5 0.00395479531817
168.0 0.00400368965071
168.5 0.00405642218921
169.0 0.00434418061293
169.5 0.00447827033831
170.0 0.00458311745692
170.5 0.00412174474333
171.0 0.00462302757664
171.5 0.00490350369395
172.0 0.00520324341997
172.5 0.00572231158668
173.0 0.00610806274845
173.5 0.0059615827749
174.0 0.00566577234135
174.5 0.00603147262214
175.0 0.00636190279207
175.5 0.00612960313286
176.0 0.00517937336282
176.5 0.00614920484665
177.0 0.00737832529019
177.5 0.00825314453724
178.0 0.00453139779951
178.5 0.00428343964248
179.0 -0.00151554799679
179.5 -0.00262968150211
180.0 -0.00183620550553
180.5 -0.00418450638561
181.0 -0.00207367562632
181.5 -0.00102593002849
182.0 -0.00101458775272
182.5 0.00217199639997
183.0 0.00212141338049
183.5 0.00221882253639
184.0 0.00209001495222
184.5 0.00192338884541
185.0 0.00183493082825
185.5 0.00239987786493
186.0 0.00224939044114
186.5 0.00207918185788
187.0 0.00193716742858
187.5 0.00172738472865
188.0 0.00137026816813
188.5 0.00129661011614
189.0 0.00117748303408
189.5 0.000797305670744
190.0 0.000496186128586
190.5 0.000223885191517
191.0 4.80301676475e-05
191.5 -0.000224429835214
192.0 -0.00049300439079
192.5 -0.000846727950716
193.0 -0.00143332971638
193.5 -0.0018322484862
194.0 -0.0023692880302
194.5 -0.00283950623248
195.0 -0.00345061111776
195.5 -0.00529695766336
196.0 -0.0060869721207
196.5 -0.00662879412769
197.0 -0.00876383739117
197.5 -0.01010766236
198.0 -0.0138573809827
198.5 -0.0187939948108
199.0 -0.0284637077933
199.5 -0.0454210622664
