0.0 0.00164780800695
0.5 0.0238446939837
1.0 0.0236538737243
1.5 0.0184924160403
2.0 0.0153967132539
2.5 0.0128856745323
3.0 0.011534930636
3.5 0.0103456251418
4.0 0.009318810834
4.5 0.0084529057601
5.0 0.00763924035533
5.5 0.0070522941995
6.0 0.00626323818205
6.5 0.00568920873085
7.0 0.00530717799803
7.5 0.0048894445352
8.0 0.00447902446753
8.5 0.00394886213164
9.0 0.00363486458536
9.5 0.00327992996616
10.0 0.00293706979838
10.5 0.00261074103423
11.0 0.00224707049441
11.5 0.0018838590674
12.0 0.00157378640267
12.5 0.00125416647884
13.0 0.000912239915779
13.5 0.000545467447687
14.0 0.000244834272479
14.5 -6.87047671502e-05
15.0 -0.000374465311031
15.5 -0.00071822103105
16.0 -0.00104439609607
16.5 -0.00134817427135
17.0 -0.00167820889326
17.5 -0.00202335181126
18.0 -0.00236704764063
18.5 -0.0027055120754
19.0 -0.00305263098103
19.5 -0.00342270862814
20.0 -0.00376015318851
20.5 -0.00413690623077
21.0 -0.0045057063452
21.5 -0.00488255437135
22.0 -0.0052645330845
22.5 -0.00561783128504
23.0 -0.0060172980339
23.5 -0.00641658498867
24.0 -0.00683168994425
24.5 -0.00724273728952
25.0 -0.00764799132276
25.5 -0.00806218128595
26.0 -0.00847333585076
26.5 -0.00889360846241
27.0 -0.00933203036647
27.5 -0.00974332643294
28.0 -0.0101753512344
28.5 -0.0106269689399
29.0 -0.0110728468554
29.5 -0.0115268546128
30.0 -0.0119754480866
30.5 -0.0124358923322
31.0 -0.012887806309
31.5 -0.0133253772868
32.0 -0.0137816204722
32.5 -0.0142381319465
33.0 -0.0146969880738
33.5 -0.0151398519256
34.0 -0.0156110441643
34.5 -0.0160632683575
35.0 -0.0165120759033
35.5 -0.0169677177258
36.0 -0.0174070187519
36.5 -0.0178406605474
37.0 -0.0182821616921
37.5 -0.0187151494854
38.0 -0.019132550665
38.5 -0.0195645099174
39.0 -0.0199635617798
39.5 -0.0203560162218
40.0 -0.020739274322
40.5 -0.0211187623866
41.0 -0.0214863411278
41.5 -0.0218572547615
42.0 -0.0221929226888
42.5 -0.0225131727217
43.0 -0.022837718027
43.5 -0.0231372924685
44.0 -0.0234264068018
44.5 -0.0236855705535
45.0 -0.0239413497292
45.5 -0.0241869497514
46.0 -0.0244038368783
46.5 -0.0246236449191
47.0 -0.0248095132405
47.5 -0.024968352956
48.0 -0.0251394490757
48.5 -0.0252630125168
49.0 -0.0253579724759
49.5 -0.0254578040807
50.0 -0.0254890223224
50.5 -0.0255444263252
51.0 -0.025571554816
51.5 -0.0255651610884
52.0 -0.0255617526111
52.5 -0.0255278412497
53.0 -0.0254846106774
53.5 -0.0254164140359
54.0 -0.0253282180954
54.5 -0.0251965222213
55.0 -0.0250682781546
55.5 -0.0249275854014
56.0 -0.0247191986775
56.5 -0.0245309375269
57.0 -0.0243510896148
57.5 -0.024146437011
58.0 -0.0239203453346
58.5 -0.0236746958798
59.0 -0.0234152993757
59.5 -0.0231593733782
60.0 -0.0228719053176
60.5 -0.0225534855349
61.0 -0.0222571583353
61.5 -0.0219151409602
62.0 -0.0215908114149
62.5 -0.0212735460588
63.0 -0.0209482569332
63.5 -0.0206054646613
64.0 -0.020242773074
64.5 -0.0198623663435
65.0 -0.0195053076704
65.5 -0.0191189618888
66.0 -0.0187388943652
66.5 -0.0183626404133
67.0 -0.0179475928353
67.5 -0.0175670000043
68.0 -0.0171964956339
68.5 -0.0168359339025
69.0 -0.0164159916561
69.5 -0.0160613998923
70.0 -0.0156794220898
70.5 -0.0152716465279
71.0 -0.0148853934392
71.5 -0.0145231017604
72.0 -0.0141306830768
72.5 -0.0137434444117
73.0 -0.0133747150876
73.5 -0.0130295387806
74.0 -0.0126763200321
74.5 -0.0123241801288
75.0 -0.011960448384
75.5 -0.0116280840505
76.0 -0.0112819978576
76.5 -0.0109097172118
77.0 -0.0105700079022
77.5 -0.0102544297781
78.0 -0.00996199233655
78.5 -0.00958108284247
79.0 -0.00932260131315
79.5 -0.00904521435884
80.0 -0.0087241641304
80.5 -0.00843735869247
81.0 -0.00813340766395
81.5 -0.00785381490693
82.0 -0.00757024163017
82.5 -0.00733326529304
83.0 -0.00703944806009
83.5 -0.00673071851896
84.0 -0.00650745149445
84.5 -0.00634138644753
85.0 -0.00609146772358
85.5 -0.00589968604888
86.0 -0.00568358684326
86.5 -0.00547950947428
87.0 -0.00526799771972
87.5 -0.00505027819407
88.0 -0.00486549039429
88.5 -0.00468431445019
89.0 -0.00453836694493
89.5 -0.00427281904464
90.0 -0.00410925371629
90.5 -0.00402211620941
91.0 -0.00388121737089
91.5 -0.00371601825442
92.0 -0.00358453047832
92.5 -0.0034914502679
93.0 -0.00337327835807
93.5 -0.00317865804472
94.0 -0.00301452793143
94.5 -0.00289024599442
95.0 -0.00282858972371
95.5 -0.00279985751471
96.0 -0.00266563317239
96.5 -0.00252933829002
97.0 -0.00250064583954
97.5 -0.0024680133588
98.0 -0.0024572040697
98.5 -0.00245109771571
99.0 -0.00226554349511
99.5 -0.00215795806707
100.0 -0.00204368676528
100.5 -0.0020595571926
101.0 -0.00198181142611
101.5 -0.00193077624963
102.0 -0.00191275338078
102.5 -0.00183658443101
103.0 -0.00178198496786
103.5 -0.00191788727272
104.0 -0.00195961715215
104.5 -0.00196953330334
105.0 -0.00202644884034
105.5 -0.00190447514378
106.0 -0.00184765722373
106.5 -0.00201742265325
107.0 -0.00185854160368
107.5 -0.0019289006994
108.0 -0.00218763013611
108.5 -0.00226037076908
109.0 -0.00226233987176
109.5 -0.00227317426793
110.0 -0.00224590644284
110.5 -0.0023041358948
111.0 -0.00242743176168
111.5 -0.00262780924918
112.0 -0.00276555000465
112.5 -0.00261468421571
113.0 -0.00252985383121
113.5 -0.00294580308379
114.0 -0.00294660220328
114.5 -0.00325161375997
115.0 -0.00326722526921
115.5 -0.00198308675043
116.0 -0.002397279766
116.5 -0.00276907665338
117.0 -0.00286395278172
117.5 -0.00430728706885
118.0 -0.00238938560204
118.5 -0.00162720212201
119.0 0.000366724113306
119.5 0.00694823758853
120.0 0.00737905440332
120.5 0.00706061963781
121.0 0.00540288558653
121.5 -0.000169587719441
122.0 -0.00305165455357
122.5 -0.00372151634335
123.0 -0.0046242545869
123.5 -0.00427047645357
124.0 -0.00420372963974
124.5 -0.00413997328771
125.0 -0.00390329638059
125.5 -0.00515878893822
126.0 -0.0045725057694
126.5 -0.00425151281456
127.0 -0.00366958696861
127.5 -0.00371626837733
128.0 -0.00393489729292
128.5 -0.00372390318004
129.0 -0.00301152409146
129.5 -0.0024664890673
130.0 -0.00252689936443
130.5 -0.00296650960875
131.0 -0.00268754844874
131.5 -0.00216919130108
132.0 -0.00178196652953
132.5 -0.00174087686515
133.0 -0.00164249314567
133.5 -0.00128364270436
134.0 -0.00121939403152
134.5 -0.00152275377575
135.0 -0.000996519657299
135.5 -0.000813684585189
136.0 -0.00102119270278
136.5 -0.000754281950133
137.0 -0.00071085376694
137.5 -0.000757754308353
138.0 -0.000471493206295
138.5 -0.000391683413724
139.0 -0.000478892531198
139.5 -0.00027995570878
140.0 -0.000161310315143
140.5 -0.000184824244972
141.0 -7.25464715678e-05
141.5 -2.53753192538e-05
142.0 0.000116946346459
142.5 0.000172467971305
143.0 0.000451564167674
143.5 0.000532857665558
144.0 0.000214357964445
144.5 0.000307374985432
145.0 0.000485586320167
145.5 0.000591890395179
146.0 0.000675677516019
146.5 0.000769547688435
147.0 0.000950274757239
147.5 0.000924010418967
148.0 0.000908898732993
148.5 0.000957204414401
149.0 0.000851246741016
149.5 0.000862687856451
150.0 0.00105035445685
150.5 0.0011526775204
151.0 0.0012626586935
151.5 0.00132420533526
152.0 0.00136133246671
152.5 0.0013918106929
153.0 0.00145957412143
153.5 0.00152392710217
154.0 0.00158510707901
154.5 0.0016720055963
155.0 0.00174902785706
155.5 0.00178969628377
156.0 0.00193111646401
156.5 0.00210751472417
157.0 0.00218580690101
157.5 0.00212636060323
158.0 0.00197606516533
158.5 0.00206768716586
159.0 0.00226420167882
159.5 0.00230208269616
160.0 0.00248684093589
160.5 0.0023265747487
161.0 0.00273853747703
161.5 0.00255508191535
162.0 0.00243775972851
162.5 0.00289850602071
163.0 0.00305457852345
163.5 0.00297755146433
164.0 0.00321110648715
164.5 0.00332099234965
165.0 0.00316354673986
165.5 0.0036958108831
166.0 0.00345162487101
166.5 0.00348017401964
167.0 0.00364925978747
167.5 0.00385791745558
168.0 0.00397014585757
168.5 0.00378081063653
169.0 0.00360665110134
169.5 0.00416879261508
170.0 0.00454559615905
170.5 0.00473701453659
171.0 0.0044092360984
171.5 0.00486083895699
172.0 0.00519398648969
172.5 0.00571637874624
173.0 0.0060683862918
173.5 0.00614888870777
174.0 0.00617274533688
174.5 0.00613727318714
175.0 0.00609690829731
175.5 0.00447777753857
176.0 0.00496650644848
176.5 0.00549222401742
177.0 0.00586591785047
177.5 0.00841328370718
178.0 0.00699552024138
178.5 0.00480390138321
179.0 0.00147604349404
179.5 -0.00202264974381
180.0 -0.00355891309428
180.5 -0.00559083946439
181.0 -0.00300180095458
181.5 0.000380872419782
182.0 0.000756475872464
182.5 0.0030357947785
183.0 0.00198954760225
183.5 0.00248958493536
184.0 0.00262618203631
184.5 0.0020423705972
185.0 0.00184217250278
185.5 0.00235939129134
186.0 0.00207917900022
186.5 0.00166560353061
187.0 0.00177772942058
187.5 0.0016433896853
188.0 0.00133680402308
188.5 0.000986490077096
189.0 0.000665640076036
189.5 0.000384280994794
190.0 0.000163208272937
190.5 -0.000335374125001
191.0 -0.000577626316698
191.5 -0.000921355805133
192.0 -0.00143156956514
192.5 -0.00178163572535
193.0 -0.00229109473558
193.5 -0.00282444396495
194.0 -0.00384621217241
194.5 -0.00467864259254
195.0 -0.00536411572597
195.5 -0.00686193420879
196.0 -0.0089927093903
196.5 -0.0106893716735
197.0 -0.0127549474014
197.5 -0.0149756047798
198.0 -0.020461695658
198.5 -0.0280346849854
199.0 -0.0432210256613
199.5 -0.0681374467083
