0.0 0.00261078189092
0.5 0.024153257085
1.0 0.0246778198175
1.5 0.0183081822872
2.0 0.0154771899941
2.5 0.013377715973
3.0 0.0122517322142
3.5 0.0112560214636
4.0 0.0102591399316
4.5 0.00929244772555
5.0 0.00863439940471
5.5 0.00801923867309
6.0 0.00740704754214
6.5 0.00691191588889
7.0 0.00648711716055
7.5 0.00605083978387
8.0 0.00570908025557
8.5 0.00534579081748
9.0 0.00487569598774
9.5 0.00458997884019
10.0 0.00425659453092
10.5 0.00398983466764
11.0 0.00359790616466
11.5 0.0032595390259
12.0 0.00300997454512
12.5 0.00271361722284
13.0 0.00241211661061
13.5 0.00210298297218
14.0 0.00180226367072
14.5 0.00151757071324
15.0 0.00124207680862
15.5 0.000874443472597
16.0 0.00059755011473
16.5 0.000317511909724
17.0 2.34252889548e-05
17.5 -0.00031171925804
18.0 -0.000640503989407
18.5 -0.000960739543013
19.0 -0.00126786426541
19.5 -0.00157357701201
20.0 -0.00191649493098
20.5 -0.00225526618226
21.0 -0.00258995173689
21.5 -0.00291292355053
22.0 -0.00325813942707
22.5 -0.00361144772837
23.0 -0.00395898630335
23.5 -0.00433613064382
24.0 -0.0047048254003
24.5 -0.00508303066131
25.0 -0.00544261050041
25.5 -0.00581599193147
26.0 -0.0061992630327
26.5 -0.00657454813922
27.0 -0.00695782284688
27.5 -0.00735666222569
28.0 -0.00773536813607
28.5 -0.00813508425213
29.0 -0.00855218332453
29.5 -0.0089559448286
30.0 -0.00934578884264
30.5 -0.00974870656131
31.0 -0.0101678277286
31.5 -0.0105729921691
32.0 -0.010972644124
32.5 -0.0113751699956
33.0 -0.0117775360491
33.5 -0.012181932866
34.0 -0.0125867672284
34.5 -0.0130039712912
35.0 -0.0134150925129
35.5 -0.013805517474
36.0 -0.0142091335051
36.5 -0.0145941383412
37.0 -0.0149636368019
37.5 -0.0153436961282
38.0 -0.0157280919867
38.5 -0.0161055302677
39.0 -0.0164729153084
39.5 -0.0168346136082
40.0 -0.0171920334213
40.5 -0.0175562816287
41.0 -0.0178870719068
41.5 -0.0182165735611
42.0 -0.0185453382985
42.5 -0.0188644870361
43.0 -0.0191740084373
43.5 -0.0194824455746
44.0 -0.0197871250067
44.5 -0.0200520599706
45.0 -0.0203299112954
45.5 -0.020583452838
46.0 -0.0208153372168
46.5 -0.0210539066516
47.0 -0.0212962370576
47.5 -0.0215025477647
48.0 -0.0217081105249
48.5 -0.0218925847937
49.0 -0.0220693830119
49.5 -0.02225430751
50.0 -0.0223893897518
50.5 -0.0225382866344
51.0 -0.0226693469766
51.5 -0.0227917448093
52.0 -0.0228888403517
52.5 -0.0229588292604
53.0 -0.0230452512727
53.5 -0.0230973154509
54.0 -0.0231468525003
54.5 -0.0231952410039
55.0 -0.0232059892799
55.5 -0.0232009814015
56.0 -0.0231880330759
56.5 -0.0231898817624
57.0 -0.0231439809694
57.5 -0.0230789761906
58.0 -0.0230451222738
58.5 -0.0229731419273
59.0 -0.0228735493254
59.5 -0.0227969297032
60.0 -0.0226876608084
60.5 -0.0225506324092
61.0 -0.0224023519672
61.5 -0.0222312984616
62.0 -0.02207408078
62.5 -0.0219121700947
63.0 -0.0217452390963
63.5 -0.0215643890054
64.0 -0.0213588837016
64.5 -0.0211595790494
65.0 -0.0209257690393
65.5 -0.0206712973533
66.0 -0.0204222323264
66.5 -0.0201391899724
67.0 -0.0198924069817
67.5 -0.0196577693145
68.0 -0.0193724040985
68.5 -0.0190737272994
69.0 -0.0188394517998
69.5 -0.0185761892067
70.0 -0.0182315752837
70.5 -0.0179533290209
71.0 -0.0176538794556
71.5 -0.0173276358796
72.0 -0.0170281154336
72.5 -0.0167130279902
73.0 -0.0164071335552
73.5 -0.0160613219598
74.0 -0.0157824888006
74.5 -0.0154872726769
75.0 -0.0151701669849
75.5 -0.0148607218005
76.0 -0.0145305765557
76.5 -0.014192861552
77.0 -0.0138672753106
77.5 -0.0135522004637
78.0 -0.0132847030355
78.5 -0.0129533234271
79.0 -0.0126873978844
79.5 -0.0124379904704
80.0 -0.0120599294009
80.5 -0.0118043309855
81.0 -0.0115191593813
81.5 -0.0112558976133
82.0 -0.01090096678
82.5 -0.0105809062598
83.0 -0.0103174351478
83.5 -0.0100447782581
84.0 -0.00978710936135
84.5 -0.00957364198764
85.0 -0.00928718869985
85.5 -0.00907123418966
86.0 -0.00888054471987
86.5 -0.00860189223319
87.0 -0.00832142673704
87.5 -0.00805766559154
88.0 -0.00785716876721
88.5 -0.00762007495265
89.0 -0.00737938955595
89.5 -0.00720728101969
90.0 -0.00705309803149
90.5 -0.00681088918733
91.0 -0.00666714462216
91.5 -0.00653569105231
92.0 -0.00632770730507
92.5 -0.00612786026144
93.0 -0.00597705143691
93.5 -0.00580641158828
94.0 -0.00561493743863
94.5 -0.00542917216194
95.0 -0.00527322186185
95.5 -0.00519076614939
96.0 -0.00509539019973
96.5 -0.00494253646192
97.0 -0.00485757119286
97.5 -0.0047801937195
98.0 -0.00468459170844
98.5 -0.00458812833697
99.0 -0.00451427236807
99.5 -0.00449768059037
100.0 -0.00419757178883
100.5 -0.0039797402706
101.0 -0.00402809910042
101.5 -0.00412887453093
102.0 -0.00399966846015
102.5 -0.00399794933647
103.0 -0.00409241005627
103.5 -0.00408746467922
104.0 -0.0038672983904
104.5 -0.00382379208902
105.0 -0.00377590582875
105.5 -0.00378140572721
106.0 -0.00393062274581
106.5 -0.00407312307061
107.0 -0.00412228508817
107.5 -0.00402239579864
108.0 -0.00400613938637
108.5 -0.0040772776395
109.0 -0.00405481431335
109.5 -0.00433423214819
110.0 -0.00425779559087
110.5 -0.00425718063891
111.0 -0.00403430288623
111.5 -0.00458236380189
112.0 -0.00467256443368
112.5 -0.00455424108239
113.0 -0.00478904066183
113.5 -0.00532569556256
114.0 -0.00501647119391
114.5 -0.00519669402119
115.0 -0.00451784215984
115.5 -0.00416761113081
116.0 -0.00432051197154
116.5 -0.00475306333101
117.0 -0.00448423353836
117.5 -0.00565083998787
118.0 -0.00505909718848
118.5 -0.00287375271078
119.0 0.000318567212545
119.5 0.00804487414771
120.0 0.00919452027867
120.5 0.00722323884069
121.0 0.00345049556469
121.5 -0.000198477122098
122.0 -0.00324437340916
122.5 -0.00485580365675
123.0 -0.00416516656466
123.5 -0.00395048338093
124.0 -0.00327848097933
124.5 -0.00361899232244
125.0 -0.00407854051059
125.5 -0.00265729992073
126.0 -0.00403757779975
126.5 -0.00414267028253
127.0 -0.00431258829147
127.5 -0.00375631101184
128.0 -0.00298808139139
128.5 -0.00307600335895
129.0 -0.00346094694108
129.5 -0.00304135640994
130.0 -0.00293633256411
130.5 -0.00236719391928
131.0 -0.00266686864178
131.5 -0.00208432276268
132.0 -0.00197338859554
132.5 -0.00172860888272
133.0 -0.00171183139713
133.5 -0.0021634429918
134.0 -0.00196627741837
134.5 -0.00140592692892
135.0 -0.0014793695556
135.5 -0.0013533212495
136.0 -0.00134324231432
136.5 -0.00126787179565
137.0 -0.00121292990747
137.5 -0.00106742994734
138.0 -0.000761705107909
138.5 -0.00090977259573
139.0 -0.000950500182149
139.5 -0.000522392586728
140.0 -0.000478797618648
140.5 -0.000348770663667
141.0 -0.000787745807482
141.5 -0.000528015538187
142.0 -0.000386339040691
142.5 -0.000458084809438
143.0 -0.000401880654865
143.5 -0.000220012826679
144.0 -4.36474030607e-06
144.5 4.26266982867e-05
145.0 -0.00031409366716
145.5 7.81989031751e-07
146.0 -8.70880648893e-05
146.5 0.000164420051403
147.0 0.000236989319612
147.5 0.000312153061295
148.0 0.000336770939094
148.5 0.000205887238613
149.0 9.85911719e-05
149.5 0.000329662140698
150.0 0.000145194157225
150.5 0.000466506089664
151.0 0.000488626257031
151.5 0.000305580769307
152.0 0.000569347438017
152.5 0.000747429185427
153.0 0.000660194909065
153.5 0.000539175891715
154.0 0.00059192231239
154.5 0.000680673874257
155.0 0.000665301701527
155.5 0.000760189579674
156.0 0.000941888066972
156.5 0.00102404473104
157.0 0.00113191239162
157.5 0.00123595198418
158.0 0.00133156516378
158.5 0.00150888977013
159.0 0.00155085596531
159.5 0.00146902792926
160.0 0.00150311600588
160.5 0.00130671182099
161.0 0.00154165931535
161.5 0.00175887054503
162.0 0.00185568026189
162.5 0.00179818566421
163.0 0.00182862580805
163.5 0.00200841744408
164.0 0.00215012068385
164.5 0.00222668635645
165.0 0.00225048693773
165.5 0.00221658777373
166.0 0.00212669752221
166.5 0.00235348040914
167.0 0.00204396197868
167.5 0.00230558248924
168.0 0.0026796672105
168.5 0.00282864810965
169.0 0.00291214901228
169.5 0.00303565433657
170.0 0.00315140056811
170.5 0.00331787434385
171.0 0.00344333458176
171.5 0.00347749675579
172.0 0.0036664312474
172.5 0.00353609043869
173.0 0.00351499569656
173.5 0.0038275431809
174.0 0.003866424162
174.5 0.00370751998143
175.0 0.00361260019167
175.5 0.0030255666428
176.0 0.00315563634243
176.5 0.00327655109533
177.0 0.00315168197956
177.5 0.00361978272407
178.0 0.00365895330434
178.5 0.00220494350188
179.0 -0.0021864502655
179.5 -0.00364300844167
180.0 -0.0027799531705
180.5 -0.00292228842828
181.0 0.000112193656392
181.5 0.00223639482283
182.0 0.00252389380189
182.5 0.00333010047034
183.0 0.00255321211979
183.5 0.00298205692246
184.0 0.00289267964443
184.5 0.00288550612561
185.0 0.00286198374258
185.5 0.00252180300426
186.0 0.0032533725948
186.5 0.00300830358779
187.0 0.00275047659915
187.5 0.002434690947
188.0 0.00209317189851
188.5 0.00193517815484
189.0 0.00159458068141
189.5 0.00146970151815
190.0 0.00121191331529
190.5 0.000713937274853
191.0 0.000416521250187
191.5 0.000106678007199
192.0 -0.000249433223757
192.5 -0.000522777057469
193.0 -0.00115232384945
193.5 -0.00150718177494
194.0 -0.00219340397649
194.5 -0.00290107380438
195.0 -0.00348626476304
195.5 -0.00490158813139
196.0 -0.00584975223202
196.5 -0.00686489642432
197.0 -0.00776404809892
197.5 -0.00966231817537
198.0 -0.0140387657302
198.5 -0.0192682991291
199.0 -0.0288301561032
199.5 -0.044760524811
