0.0 0.00197707689991
0.5 0.0237221802867
1.0 0.0249755600972
1.5 0.0195123285256
2.0 0.016833081402
2.5 0.0143144918629
3.0 0.0133613964459
3.5 0.0122218096915
4.0 0.0112350058677
4.5 0.0103881441631
5.0 0.00954156877727
5.5 0.00900646952345
6.0 0.00848455253378
6.5 0.00787428535915
7.0 0.00749536375973
7.5 0.00717277145761
8.0 0.006843704711
8.5 0.00640313330666
9.0 0.00616344708988
9.5 0.00587128719097
10.0 0.00557236818908
10.5 0.00529828871088
11.0 0.00501724618729
11.5 0.00475921393163
12.0 0.00451820152939
12.5 0.00425840972624
13.0 0.00399117944919
13.5 0.00374932012129
14.0 0.00348905760899
14.5 0.00324515423481
15.0 0.00302349850334
15.5 0.00277165658926
16.0 0.00252499171928
16.5 0.00226379834002
17.0 0.00202617465284
17.5 0.00177619066003
18.0 0.00150305378137
18.5 0.00125213544652
19.0 0.000960553182361
19.5 0.000687874795693
20.0 0.000413015929937
20.5 0.000132105418297
21.0 -0.000132672963178
21.5 -0.000412811129674
22.0 -0.00070906759307
22.5 -0.00101349248625
23.0 -0.00131031809069
23.5 -0.00163080837662
24.0 -0.00195324115563
24.5 -0.0022817433364
25.0 -0.00260482281924
25.5 -0.00293974187413
26.0 -0.00328751813366
26.5 -0.00362707794527
27.0 -0.00397189030753
27.5 -0.00432980728059
28.0 -0.00467465959363
28.5 -0.0050537876368
29.0 -0.00545054453979
29.5 -0.00583778476623
30.0 -0.00622639533405
30.5 -0.00663283704523
31.0 -0.00703131380321
31.5 -0.0074148978964
32.0 -0.00782345729217
32.5 -0.00824214654628
33.0 -0.00866853716183
33.5 -0.00909138921565
34.0 -0.00951411116024
34.5 -0.00996132432985
35.0 -0.010412560045
35.5 -0.0108463391078
36.0 -0.0112973438146
36.5 -0.0117424430492
37.0 -0.0121797538833
37.5 -0.0126296996378
38.0 -0.0130832345682
38.5 -0.0135343769589
39.0 -0.0139923335141
39.5 -0.0144719442904
40.0 -0.0149206632721
40.5 -0.0153945470001
41.0 -0.0158303614359
41.5 -0.0162673630927
42.0 -0.0167042646357
42.5 -0.0171564304035
43.0 -0.0176079232463
43.5 -0.0180184250432
44.0 -0.0184418625842
44.5 -0.0188908042849
45.0 -0.0192912135807
45.5 -0.0197239642676
46.0 -0.0201375690637
46.5 -0.0205402304349
47.0 -0.0209269024647
47.5 -0.0212977711254
48.0 -0.0216869508131
48.5 -0.0220574929828
49.0 -0.0224147033739
49.5 -0.0227165014425
50.0 -0.023028131767
50.5 -0.0233506332255
51.0 -0.0236236558858
51.5 -0.0238987902994
52.0 -0.0241784485925
52.5 -0.0244322392979
53.0 -0.0246762680212
53.5 -0.0248932479488
54.0 -0.0250981330681
54.5 -0.02527847026
55.0 -0.0254270041409
55.5 -0.0255756187442
56.0 -0.0257227151554
56.5 -0.0257918069282
57.0 -0.0258868084402
57.5 -0.0259726820021
58.0 -0.0260297637175
58.5 -0.0260498766623
59.0 -0.0260358804828
59.5 -0.0260687479508
60.0 -0.0260457750789
60.5 -0.0259444466339
61.0 -0.0258988552423
61.5 -0.0258010555636
62.0 -0.0256861006668
62.5 -0.0255858043623
63.0 -0.0254621786364
63.5 -0.0253054599687
64.0 -0.0251288613378
64.5 -0.0249504284731
65.0 -0.0247391799357
65.5 -0.0245245161072
66.0 -0.0242493323764
66.5 -0.0239980558565
67.0 -0.0237454980151
67.5 -0.0234870795006
68.0 -0.0231887569159
68.5 -0.0228701556245
69.0 -0.0225950368861
69.5 -0.0222795999429
70.0 -0.0219424501107
70.5 -0.0216075612372
71.0 -0.0212630890556
71.5 -0.0208969831271
72.0 -0.0205576515348
72.5 -0.0201549251202
73.0 -0.0197784482004
73.5 -0.0194547387393
74.0 -0.0190873194561
74.5 -0.0187151327696
75.0 -0.0183356798992
75.5 -0.017962985838
76.0 -0.017571905647
76.5 -0.0171819205902
77.0 -0.0168214780122
77.5 -0.0164238826351
78.0 -0.0160504772438
78.5 -0.0156554915729
79.0 -0.0153072486187
79.5 -0.0149558150861
80.0 -0.0145654302914
80.5 -0.0142061254497
81.0 -0.0138244768645
81.5 -0.0134732017397
82.0 -0.0131067608204
82.5 -0.0127812512204
83.0 -0.012435466597
83.5 -0.0120466712572
84.0 -0.0117416044484
84.5 -0.0114693190591
85.0 -0.0111599750784
85.5 -0.0109245268615
86.0 -0.0105378378368
86.5 -0.0102347392191
87.0 -0.0099395096135
87.5 -0.00962763835035
88.0 -0.00940302173785
88.5 -0.0091243986756
89.0 -0.00881345169953
89.5 -0.00855446531521
90.0 -0.00828842410367
90.5 -0.0081263179664
91.0 -0.00797207911905
91.5 -0.00765306838669
92.0 -0.00736961358779
92.5 -0.00716002944886
93.0 -0.00698190563278
93.5 -0.00681255380473
94.0 -0.00661535060266
94.5 -0.00651490655043
95.0 -0.00625038201718
95.5 -0.00610098537605
96.0 -0.00591174295578
96.5 -0.00569791596043
97.0 -0.00564805843143
97.5 -0.0055498712532
98.0 -0.00541536615144
98.5 -0.00537134636719
99.0 -0.00525594557109
99.5 -0.00509440457282
100.0 -0.00503453584205
100.5 -0.00482110403548
101.0 -0.00470446259651
101.5 -0.00463492110376
102.0 -0.00447410386156
102.5 -0.00447618090749
103.0 -0.00435594041845
103.5 -0.0042222040279
104.0 -0.00434820610303
104.5 -0.00425197625444
105.0 -0.00425946995082
105.5 -0.00417955907437
106.0 -0.00418514042634
106.5 -0.00422161959224
107.0 -0.00410359901001
107.5 -0.00392998788786
108.0 -0.00403008159663
108.5 -0.00426622659254
109.0 -0.00418522225274
109.5 -0.00402098824896
110.0 -0.00421714517527
110.5 -0.00447911848868
111.0 -0.00446487053465
111.5 -0.00486339814193
112.0 -0.00460628246611
112.5 -0.00452249636065
113.0 -0.00457571834252
113.5 -0.00486783737998
114.0 -0.00499508655572
114.5 -0.00531243724861
115.0 -0.00533404034279
115.5 -0.00482364463289
116.0 -0.00400361465172
116.5 -0.00392158133076
117.0 -0.00391636091861
117.5 -0.00541879203772
118.0 -0.0028872377279
118.5 -0.00110117691425
119.0 0.000209370687458
119.5 0.00823904701892
120.0 0.00818927069386
120.5 0.0027463115418
121.0 -0.00133870361249
121.5 -0.00412744671556
122.0 -0.00621666331209
122.5 -0.00636839077161
123.0 -0.00494132236541
123.5 -0.00462243950128
124.0 -0.00502896849076
124.5 -0.00455953510259
125.0 -0.00436635358511
125.5 -0.00383520184273
126.0 -0.00446552388851
126.5 -0.00428971948254
127.0 -0.00458928421499
127.5 -0.00429994904556
128.0 -0.00403598406375
128.5 -0.00402396806233
129.0 -0.00355035784573
129.5 -0.00359819207531
130.0 -0.00298971993408
130.5 -0.00232974685085
131.0 -0.00335239705527
131.5 -0.00294411334056
132.0 -0.00265215537673
132.5 -0.00238587394769
133.0 -0.00191320306464
133.5 -0.00166362462503
134.0 -0.0017133181779
134.5 -0.00212072661743
135.0 -0.00161669031597
135.5 -0.00139354845129
136.0 -0.0011466431046
136.5 -0.00154783366197
137.0 -0.00130164744548
137.5 -0.00124543634897
138.0 -0.00105699897906
138.5 -0.000900624939923
139.0 -0.00080398685877
139.5 -0.000644179491452
140.0 -0.00047244545193
140.5 -0.000562117161685
141.0 -0.00018798174959
141.5 -0.000646509331546
142.0 -0.000352711234509
142.5 -0.000208166555932
143.0 -4.03738978676e-05
143.5 -7.04763409249e-05
144.0 -0.00030400485317
144.5 0.000137682726063
145.0 6.60384317239e-05
145.5 0.000103557440013
146.0 0.000234685203289
146.5 0.000259442559346
147.0 0.000268493010064
147.5 0.000403514678978
148.0 0.000633867964427
148.5 0.000637667943758
149.0 0.000372959939135
149.5 0.000494752744102
150.0 0.000681894894274
150.5 0.000801430803053
151.0 0.000895543475183
151.5 0.000975559702415
152.0 0.000796719534629
152.5 0.000978821682269
153.0 0.00118432833705
153.5 0.00117438379976
154.0 0.0012135887206
154.5 0.00133536354577
155.0 0.00149066301201
155.5 0.00133927581447
156.0 0.00128088519132
156.5 0.00140842477866
157.0 0.00160334207911
157.5 0.00162257284643
158.0 0.00169064484468
158.5 0.00180821881543
159.0 0.00167976003542
159.5 0.00162869779465
160.0 0.00169069645546
160.5 0.00184622006562
161.0 0.00201272653341
161.5 0.00218903783118
162.0 0.00238033006793
162.5 0.00259923965712
163.0 0.00278871048741
163.5 0.00286305990953
164.0 0.00278233594784
164.5 0.00268175220434
165.0 0.00301467031646
165.5 0.00319550226197
166.0 0.00335803120741
166.5 0.00358394041533
167.0 0.00365547089122
167.5 0.00377030999667
168.0 0.00394983299017
168.5 0.00412505663253
169.0 0.00417966921588
169.5 0.00429584183295
170.0 0.00445201689027
170.5 0.00461791633695
171.0 0.00431151982816
171.5 0.00480399867278
172.0 0.00511412044033
172.5 0.00545286183532
173.0 0.00567301851369
173.5 0.00582064888661
174.0 0.00571724467044
174.5 0.00519972245941
175.0 0.00584164358456
175.5 0.0057341694112
176.0 0.00485244951653
176.5 0.00607409687531
177.0 0.00760039753941
177.5 0.00797023245349
178.0 0.00743018196678
178.5 0.00445254686321
179.0 0.0016658444294
179.5 -0.000900521640631
180.0 -0.00165379157532
180.5 -0.00252131537935
181.0 2.89632212258e-05
181.5 0.00103236874362
182.0 0.00120123707605
182.5 0.0034866061613
183.0 0.00278111842537
183.5 0.00273710553428
184.0 0.00232980268696
184.5 0.00219502616389
185.0 0.0022075403925
185.5 0.00191597862148
186.0 0.00184218757691
186.5 0.00235586224549
187.0 0.00215061319808
187.5 0.00192375779498
188.0 0.00166048029405
188.5 0.00159330796829
189.0 0.00127107466288
189.5 0.00103391741986
190.0 0.000884492069488
190.5 0.000465480387362
191.0 0.000277673388609
191.5 -5.3108857557e-05
192.0 -0.000431693484074
192.5 -0.000662449760796
193.0 -0.00116250864269
193.5 -0.00170699588354
194.0 -0.00232407800937
194.5 -0.0029846523762
195.0 -0.00375037222808
195.5 -0.00503879207756
196.0 -0.00604725749452
196.5 -0.00727199565394
197.0 -0.00881490512714
197.5 -0.00990584530953
198.0 -0.0128691308916
198.5 -0.0181303348421
199.0 -0.0286375503064
199.5 -0.045329615504
