0.0 0.00226362816248
0.5 0.02384892258
1.0 0.024982105926
1.5 0.0194097102268
2.0 0.0169770150491
2.5 0.014639230084
3.0 0.0132546241931
3.5 0.0117871760426
4.0 0.0110676888749
4.5 0.0103039219783
5.0 0.00952052018683
5.5 0.00898604438582
6.0 0.00843593720497
6.5 0.00794316768753
7.0 0.00753518196651
7.5 0.00712246725573
8.0 0.00679446766712
8.5 0.00646893473186
9.0 0.00618525568965
9.5 0.00574399812291
10.0 0.00549636057693
10.5 0.00524555088644
11.0 0.00496419072473
11.5 0.00467218279972
12.0 0.00443148828291
12.5 0.00417442882086
13.0 0.00391909610026
13.5 0.00367223587531
14.0 0.0034265109453
14.5 0.00318511754932
15.0 0.00293551934517
15.5 0.00266717428619
16.0 0.00244214657437
16.5 0.00215103441485
17.0 0.00189173412291
17.5 0.00164620934011
18.0 0.00136142695588
18.5 0.0010973186092
19.0 0.000831975261574
19.5 0.000549637540149
20.0 0.000250088053866
20.5 -3.27382543919e-05
21.0 -0.000313460643719
21.5 -0.0006013913631
22.0 -0.000899442254266
22.5 -0.00118831068446
23.0 -0.00150388698422
23.5 -0.00183343508373
24.0 -0.00215517847185
24.5 -0.0025061884569
25.0 -0.00282834617111
25.5 -0.00316214963265
26.0 -0.00351448986204
26.5 -0.00386095323974
27.0 -0.00421416565014
27.5 -0.00458177160075
28.0 -0.00493458936759
28.5 -0.0053164006477
29.0 -0.00571455742908
29.5 -0.00610297480978
30.0 -0.00648648554291
30.5 -0.0068845558198
31.0 -0.00728953127051
31.5 -0.00769010306213
32.0 -0.00809764238662
32.5 -0.0085047665503
33.0 -0.00892349329133
33.5 -0.00935461324544
34.0 -0.00976845795915
34.5 -0.0102103642459
35.0 -0.010647264445
35.5 -0.0110957141258
36.0 -0.0115320029894
36.5 -0.0119681930651
37.0 -0.0124202556206
37.5 -0.0128682640046
38.0 -0.0133044681612
38.5 -0.0137665807692
39.0 -0.0142091569001
39.5 -0.01467129221
40.0 -0.0151402495995
40.5 -0.015585035516
41.0 -0.0160178506619
41.5 -0.0164626917645
42.0 -0.0169035695158
42.5 -0.0173327683445
43.0 -0.0177563920041
43.5 -0.0181839417079
44.0 -0.0186078567953
44.5 -0.0189918022273
45.0 -0.0194222673123
45.5 -0.0198310555085
46.0 -0.0202203980636
46.5 -0.0206058959607
47.0 -0.0209950315813
47.5 -0.0213523618899
48.0 -0.0217052934564
48.5 -0.0220413793317
49.0 -0.022400201755
49.5 -0.0227371007447
50.0 -0.0230319040945
50.5 -0.0233379942019
51.0 -0.0235939646543
51.5 -0.0238645830755
52.0 -0.0241412982198
52.5 -0.0243791263
53.0 -0.0246187076219
53.5 -0.024832114477
54.0 -0.0250221907101
54.5 -0.0251850228819
55.0 -0.0253533216171
55.5 -0.02549944583
56.0 -0.0255973280895
56.5 -0.0256956512004
57.0 -0.0257831756724
57.5 -0.0258491513633
58.0 -0.0259200488465
58.5 -0.0259550965034
59.0 -0.0259518747553
59.5 -0.025934380274
60.0 -0.0259209577226
60.5 -0.0258471236965
61.0 -0.0257698804486
61.5 -0.0256853976964
62.0 -0.0256085034044
62.5 -0.0254878094283
63.0 -0.0253741434059
63.5 -0.0252271392626
64.0 -0.0250552662582
64.5 -0.024894814784
65.0 -0.0246536434989
65.5 -0.0244322843342
66.0 -0.0241964572432
66.5 -0.0239573390388
67.0 -0.0237254157889
67.5 -0.0234183006283
68.0 -0.0231114883632
68.5 -0.0228489448053
69.0 -0.0225457146259
69.5 -0.0222491305453
70.0 -0.0219465825958
70.5 -0.0215403572732
71.0 -0.0211975631233
71.5 -0.0208689597012
72.0 -0.0205440758305
72.5 -0.0201447951156
73.0 -0.0197693643686
73.5 -0.0194300860411
74.0 -0.0191039595409
74.5 -0.0187416170395
75.0 -0.0183477283719
75.5 -0.0179825340294
76.0 -0.0176073703977
76.5 -0.0172235205597
77.0 -0.0168067727691
77.5 -0.0164026644823
78.0 -0.0160845384772
78.5 -0.0156910614284
79.0 -0.0153541599399
79.5 -0.0150265517677
80.0 -0.0146042873666
80.5 -0.0142578689742
81.0 -0.0138643311555
81.5 -0.0135301290141
82.0 -0.0131844113488
82.5 -0.012864050279
83.0 -0.0124817672067
83.5 -0.0121071030636
84.0 -0.0118147817311
84.5 -0.0115422681523
85.0 -0.0112286844868
85.5 -0.0109922916425
86.0 -0.0106184492725
86.5 -0.0103203448178
87.0 -0.0100501131162
87.5 -0.00977140603338
88.0 -0.0095093469005
88.5 -0.00923820458267
89.0 -0.00901625340959
89.5 -0.00867799235042
90.0 -0.00841592697431
90.5 -0.00819579156265
91.0 -0.00798448406742
91.5 -0.00783067960855
92.0 -0.00759993373421
92.5 -0.00732799330238
93.0 -0.00711471886917
93.5 -0.00694204091677
94.0 -0.00670318192563
94.5 -0.00654153144874
95.0 -0.00647021231113
95.5 -0.00624405999019
96.0 -0.00607526508843
96.5 -0.00606707128004
97.0 -0.00591192996139
97.5 -0.00569240932563
98.0 -0.00553587359348
98.5 -0.00542866816583
99.0 -0.00528308794257
99.5 -0.00512529975028
100.0 -0.00495293797426
100.5 -0.00498196332236
101.0 -0.00491701261637
101.5 -0.00488238248291
102.0 -0.00474359037826
102.5 -0.00466562764941
103.0 -0.00464994957801
103.5 -0.00469804433497
104.0 -0.00464681112278
104.5 -0.00448009772579
105.0 -0.00405628308305
105.5 -0.0044830007262
106.0 -0.00448005486611
106.5 -0.00453557507618
107.0 -0.00464149216834
107.5 -0.00461338492738
108.0 -0.00465974109702
108.5 -0.00477732404688
109.0 -0.00466945087827
109.5 -0.00457656905788
110.0 -0.00484264607903
110.5 -0.00493859941447
111.0 -0.00490551912804
111.5 -0.0052929694232
112.0 -0.00510140754056
112.5 -0.00493696936111
113.0 -0.00528819823111
113.5 -0.00589626488427
114.0 -0.00550691526543
114.5 -0.00579350356733
115.0 -0.00593461552454
115.5 -0.00592777912617
116.0 -0.00581629128564
116.5 -0.00616401801508
117.0 -0.00656413797542
117.5 -0.00778696646653
118.0 -0.00552411221027
118.5 -0.00472270454495
119.0 -0.00191065185345
119.5 0.00616954325096
120.0 0.00809586251711
120.5 0.00747681357059
121.0 0.00368424277168
121.5 -0.000490203664313
122.0 -0.0021691225849
122.5 -0.00231531778095
123.0 -0.00264139154953
123.5 -0.00278420622519
124.0 -0.00265759327084
124.5 -0.00306502246646
125.0 -0.00308547276218
125.5 -0.00452691085529
126.0 -0.00375368508139
126.5 -0.0039836210379
127.0 -0.00380354662154
127.5 -0.00323533964036
128.0 -0.0032475010357
128.5 -0.00353320481942
129.0 -0.0030647000245
129.5 -0.00275005830935
130.0 -0.00264138438969
130.5 -0.00275178242662
131.0 -0.00253622910036
131.5 -0.00219010998192
132.0 -0.00205901296444
132.5 -0.00196096007993
133.0 -0.00184521620621
133.5 -0.00173849031432
134.0 -0.00152205569255
134.5 -0.00131359364825
135.0 -0.00108549236152
135.5 -0.0011423869878
136.0 -0.000873495024059
136.5 -0.00085408977338
137.0 -0.000703363600884
137.5 -0.000909040701039
138.0 -0.000845394739827
138.5 -0.000680199907343
139.0 -0.00047591586323
139.5 -0.000192416326204
140.0 -0.00034513858553
140.5 -0.00035165892562
141.0 -0.000249977562216
141.5 -0.000367734408659
142.0 0.000171733601237
142.5 0.000100080937335
143.0 3.81651961057e-05
143.5 0.000145512605833
144.0 8.62117517038e-05
144.5 0.000254999301754
145.0 0.000292167835703
145.5 8.30983313103e-05
146.0 0.000491794515006
146.5 0.000481493089334
147.0 0.000246153062175
147.5 0.000461700519146
148.0 0.000786926845238
148.5 0.000829877867346
149.0 0.000742789046051
149.5 0.000834572094298
150.0 0.000755218621415
150.5 0.000856590928718
151.0 0.000878768602209
151.5 0.000926526120225
152.0 0.00089319850159
152.5 0.000988817202636
153.0 0.00123257156815
153.5 0.00132352486576
154.0 0.00121170252158
154.5 0.00124299365633
155.0 0.00141326959624
155.5 0.00147488874729
156.0 0.00143921459646
156.5 0.00134425165679
157.0 0.00135386841299
157.5 0.00160087417292
158.0 0.00165318363359
158.5 0.00161674099501
159.0 0.00168402130657
159.5 0.00185011621453
160.0 0.00207213831699
160.5 0.00220498432639
161.0 0.00238378972134
161.5 0.00240327992709
162.0 0.00241743026105
162.5 0.00250897666976
163.0 0.0024976833604
163.5 0.00255373988004
164.0 0.00275978317705
164.5 0.00291024864352
165.0 0.00322063503059
165.5 0.00334661206758
166.0 0.0032800768936
166.5 0.00342904199237
167.0 0.00328005705899
167.5 0.0035119064495
168.0 0.00397229756089
168.5 0.00429999508913
169.0 0.00435844025364
169.5 0.00442824623599
170.0 0.00452724447982
170.5 0.00406620543232
171.0 0.00457747683178
171.5 0.00489003855724
172.0 0.00531611881405
172.5 0.00581215560175
173.0 0.00602327243045
173.5 0.00630872973655
174.0 0.0063410545977
174.5 0.00584839659372
175.0 0.00623542504756
175.5 0.00576816213034
176.0 0.00597862597381
176.5 0.00637028473339
177.0 0.00513764778238
177.5 0.00410037413654
178.0 0.0036417513183
178.5 0.0030832012996
179.0 0.001390173389
179.5 -0.000684971486038
180.0 -0.00165313786006
180.5 -0.00562524263107
181.0 -0.00564359364979
181.5 -0.000807846793379
182.0 0.00175941783067
182.5 0.00306988192702
183.0 0.00230618065197
183.5 0.00276056419442
184.0 0.00220161373829
184.5 0.00211240305146
185.0 0.00216289686756
185.5 0.00196446846714
186.0 0.00205417298308
186.5 0.00199361562962
187.0 0.00173654512938
187.5 0.00156515306909
188.0 0.00135006086263
188.5 0.00101728604371
189.0 0.000868885977866
189.5 0.000669430672275
190.0 0.000254578928903
190.5 -0.000251253867887
191.0 -0.000459344252164
191.5 -0.000812271620362
192.0 -0.00121741251867
192.5 -0.00164350794621
193.0 -0.00231092686066
193.5 -0.00284708029054
194.0 -0.00363616780309
194.5 -0.00454471912647
195.0 -0.00541763780883
195.5 -0.00715594157586
196.0 -0.00826215094753
196.5 -0.00946222003239
197.0 -0.0124860232948
197.5 -0.0149465845959
198.0 -0.0201849112436
198.5 -0.0261940405758
199.0 -0.0416835562712
199.5 -0.0629060409673
