0.0 0.00368296505047
0.5 0.0168010512386
1.0 0.0175347898218
1.5 0.0131942231998
2.0 0.0111680990854
2.5 0.00977578043107
3.0 0.00899987175114
3.5 0.00818484553225
4.0 0.00726343682496
4.5 0.00667051945029
5.0 0.00595343739133
5.5 0.00528975328802
6.0 0.00477990174677
6.5 0.00433115821822
7.0 0.00393858922191
7.5 0.00347348402699
8.0 0.00309555491974
8.5 0.00272281875601
9.0 0.00236841861722
9.5 0.00201144595549
10.0 0.0016520497725
10.5 0.001330400667
11.0 0.00100935501334
11.5 0.000642646925687
12.0 0.000270208951626
12.5 -2.61403767059e-05
13.0 -0.000343634237609
13.5 -0.000663820659362
14.0 -0.00100777254221
14.5 -0.00132898319721
15.0 -0.00163026029306
15.5 -0.00194994396308
16.0 -0.00230119107642
16.5 -0.00263269903792
17.0 -0.0029603038189
17.5 -0.00331330233831
18.0 -0.00364369986421
18.5 -0.00399728360087
19.0 -0.0043292240055
19.5 -0.00471353701604
20.0 -0.00505944518194
20.5 -0.00541341556036
21.0 -0.0057531824853
21.5 -0.00611671622432
22.0 -0.00649347364424
22.5 -0.00683961860169
23.0 -0.00723063104205
23.5 -0.0075956516356
24.0 -0.00796737336719
24.5 -0.00836541398435
25.0 -0.00872945197775
25.5 -0.00910061050334
26.0 -0.00947843934715
26.5 -0.009858203061
27.0 -0.0102536002487
27.5 -0.0106159413136
28.0 -0.0109904250259
28.5 -0.0113901904768
29.0 -0.0117933792242
29.5 -0.0121791471083
30.0 -0.0125536680959
30.5 -0.0129331277071
31.0 -0.0133132285056
31.5 -0.013677681853
32.0 -0.0140427561268
32.5 -0.0143994360919
33.0 -0.0147524511673
33.5 -0.0151011978913
34.0 -0.0154476818994
34.5 -0.0157980839985
35.0 -0.0161392284544
35.5 -0.0164506843673
36.0 -0.0167690053845
36.5 -0.0170734235592
37.0 -0.0173641189606
37.5 -0.0176559582358
38.0 -0.0179377311477
38.5 -0.0182156590298
39.0 -0.0184629175609
39.5 -0.0187211485927
40.0 -0.018971155302
40.5 -0.0191833469768
41.0 -0.0193842445234
41.5 -0.019586952927
42.0 -0.019775347644
42.5 -0.019940631561
43.0 -0.0200938233513
43.5 -0.0202477730406
44.0 -0.0203824897814
44.5 -0.0205053643269
45.0 -0.020580391997
45.5 -0.0206836188128
46.0 -0.0207684297768
46.5 -0.0208296089477
47.0 -0.0208911136994
47.5 -0.020919368311
48.0 -0.0209447076339
48.5 -0.0209544820665
49.0 -0.020958448857
49.5 -0.0209200658271
50.0 -0.0208802399065
50.5 -0.0208512302482
51.0 -0.0207927904862
51.5 -0.0207068581272
52.0 -0.0206357330225
52.5 -0.0205434619045
53.0 -0.0204598756977
53.5 -0.0203539042605
54.0 -0.0202263056243
54.5 -0.0200775505981
55.0 -0.0199305033821
55.5 -0.0197857802068
56.0 -0.0196063488263
56.5 -0.0194481858965
57.0 -0.0192670245255
57.5 -0.0190680612009
58.0 -0.0188876634931
58.5 -0.0186977129764
59.0 -0.0184870438729
59.5 -0.0182921871459
60.0 -0.0180772478509
60.5 -0.0178109274019
61.0 -0.0176007674317
61.5 -0.0173480534288
62.0 -0.0171045872091
62.5 -0.0168574806239
63.0 -0.0166087269584
63.5 -0.0163775228163
64.0 -0.0161195556566
64.5 -0.0158348529872
65.0 -0.0155815690628
65.5 -0.0153195367607
66.0 -0.0150386509886
66.5 -0.0147584920967
67.0 -0.0144947951702
67.5 -0.0142364804909
68.0 -0.0139660751534
68.5 -0.013697196702
69.0 -0.0134440051923
69.5 -0.0131753245702
70.0 -0.0128973253752
70.5 -0.0126398945743
71.0 -0.0123808029613
71.5 -0.0121112326624
72.0 -0.011817157688
72.5 -0.0115139305043
73.0 -0.0112874470278
73.5 -0.011045349495
74.0 -0.0108236509815
74.5 -0.0105698529433
75.0 -0.0102997506327
75.5 -0.0100571977975
76.0 -0.00981736253268
76.5 -0.00957808994897
77.0 -0.00931278944612
77.5 -0.00906104765658
78.0 -0.00884842709129
78.5 -0.00862233333415
79.0 -0.00842688783203
79.5 -0.00821972349995
80.0 -0.00800849064504
80.5 -0.00783573421993
81.0 -0.00754697456822
81.5 -0.00734827172676
82.0 -0.00714361211512
82.5 -0.00697575576745
83.0 -0.00675396462567
83.5 -0.00652979773563
84.0 -0.00636675581427
84.5 -0.00621388880808
85.0 -0.00601581948397
85.5 -0.00587443842912
86.0 -0.00569791799131
86.5 -0.00555945545915
87.0 -0.00541352375834
87.5 -0.00523341074897
88.0 -0.00512931325787
88.5 -0.00497736539574
89.0 -0.0047733005157
89.5 -0.00466918285113
90.0 -0.00450501468906
90.5 -0.00438292269245
91.0 -0.00426344189107
91.5 -0.004163533053
92.0 -0.00407431605734
92.5 -0.00395284241183
93.0 -0.00384896530966
93.5 -0.00377864605883
94.0 -0.00362784048759
94.5 -0.00353882290124
95.0 -0.00348261942483
95.5 -0.00341843710097
96.0 -0.00344945161119
96.5 -0.00327513212246
97.0 -0.00314787534252
97.5 -0.00307293623175
98.0 -0.00304508238426
98.5 -0.00305054747525
99.0 -0.00298261617746
99.5 -0.00298571804105
100.0 -0.002810926089
100.5 -0.00281691864646
101.0 -0.00272542132175
101.5 -0.00259305607887
102.0 -0.00260668829963
102.5 -0.00269673178646
103.0 -0.00270685729979
103.5 -0.00274042745918
104.0 -0.00272935101216
104.5 -0.00275046652782
105.0 -0.00284767364482
105.5 -0.00285803802628
106.0 -0.00277724647639
106.5 -0.00289557482584
107.0 -0.00284737745964
107.5 -0.0026952919191
108.0 -0.00272827134047
108.5 -0.00292069390088
109.0 -0.0029713413178
109.5 -0.00299588121037
110.0 -0.00304917127971
110.5 -0.00324836383194
111.0 -0.00332396140201
111.5 -0.00397004316418
112.0 -0.00389180568706
112.5 -0.00351183840611
113.0 -0.00314229249038
113.5 -0.00335489622849
114.0 -0.00353582322008
114.5 -0.0037248285214
115.0 -0.00374964482235
115.5 -0.00372152858351
116.0 -0.00415868325743
116.5 -0.00367631547344
117.0 -0.00326784343946
117.5 -0.00362756244205
118.0 -0.00322293693847
118.5 -0.00260476640365
119.0 -0.00130416154276
119.5 0.005457312253
120.0 0.00714353385686
120.5 0.00664603001997
121.0 0.00519302171139
121.5 -0.000427722956431
122.0 -0.00398361310933
122.5 -0.00512126412927
123.0 -0.00461306200869
123.5 -0.00444882347304
124.0 -0.00433119949713
124.5 -0.0040078947911
125.0 -0.00375732045846
125.5 -0.00392630619865
126.0 -0.00436242142085
126.5 -0.00446562738142
127.0 -0.00428277555642
127.5 -0.00436630509469
128.0 -0.00412398903809
128.5 -0.0035409853386
129.0 -0.00332619783595
129.5 -0.0032057689855
130.0 -0.00286224750931
130.5 -0.00336034544998
131.0 -0.00314213432892
131.5 -0.00274439677552
132.0 -0.00253624411845
132.5 -0.00231734955958
133.0 -0.00198107279883
133.5 -0.00185310997348
134.0 -0.0021893615967
134.5 -0.00218816834285
135.0 -0.00151063675496
135.5 -0.00135016668898
136.0 -0.00150029186251
136.5 -0.00143954306322
137.0 -0.00123659993079
137.5 -0.00116001653154
138.0 -0.00108254282632
138.5 -0.00115774097814
139.0 -0.00104127010356
139.5 -0.000729573463168
140.0 -0.000902351438555
140.5 -0.000532242195842
141.0 -0.00050412464309
141.5 -0.000786182195331
142.0 -0.000444952420256
142.5 -0.000331653387398
143.0 -0.00028468890884
143.5 -0.000236429436821
144.0 -0.000240266910717
144.5 -0.000102197630696
145.0 -6.26305767923e-05
145.5 -2.17951526507e-05
146.0 4.5961219131e-05
146.5 0.000100082197489
147.0 0.000179111360128
147.5 8.46963253842e-05
148.0 0.000164901309766
148.5 0.000322867132092
149.0 0.000269828613654
149.5 0.000447218785214
150.0 0.000437795141844
150.5 0.000283408211555
151.0 0.000677704973279
151.5 0.000702832019154
152.0 0.000962280449796
152.5 0.000869587925301
153.0 0.000838630023928
153.5 0.000889336734526
154.0 0.000808679936936
154.5 0.000974819344632
155.0 0.00107539751952
155.5 0.00131093491443
156.0 0.00117887072952
156.5 0.00131554552205
157.0 0.00124654258636
157.5 0.00130068528656
158.0 0.00123094073812
158.5 0.00112649140879
159.0 0.00120902728795
159.5 0.00153127433207
160.0 0.00170575004256
160.5 0.00152980848683
161.0 0.00184112052821
161.5 0.00207739091643
162.0 0.00209352597658
162.5 0.00215851488731
163.0 0.00224684267555
163.5 0.00231357905574
164.0 0.00226869358661
164.5 0.00217335083494
165.0 0.00255767397903
165.5 0.00279133451375
166.0 0.00282580182633
166.5 0.00300310057939
167.0 0.00295836250689
167.5 0.00313577469695
168.0 0.00318411496096
168.5 0.00321635584383
169.0 0.00341491574176
169.5 0.00357259222756
170.0 0.00368255505667
170.5 0.00375279818886
171.0 0.00397306082888
171.5 0.00412616635485
172.0 0.004253944784
172.5 0.00454738894865
173.0 0.00477058972953
173.5 0.00484635795068
174.0 0.00492967873123
174.5 0.00489203452479
175.0 0.00484143497864
175.5 0.00426507167241
176.0 0.00433900767855
176.5 0.00473346385161
177.0 0.00538375298002
177.5 0.00629242279396
178.0 0.00616419369571
178.5 0.00297136706527
179.0 0.000440045165405
179.5 -0.00181112823307
180.0 -0.00288430355201
180.5 -0.00515099110483
181.0 -0.00275504097662
181.5 0.00212970632326
182.0 0.0019881646321
182.5 0.00389133262932
183.0 0.00358918002595
183.5 0.00279188522573
184.0 0.00190784033404
184.5 0.00163683506224
185.0 0.00229984538807
185.5 0.0018681803252
186.0 0.00190478278475
186.5 0.00173837907435
187.0 0.00160109682655
187.5 0.00128544682227
188.0 0.000920919479583
188.5 0.000868148537421
189.0 0.000820243955502
189.5 0.000378911101606
190.0 4.17193608655e-05
190.5 -0.000406578498215
191.0 -0.000618698520796
191.5 -0.00101166007011
192.0 -0.00147384315581
192.5 -0.00174010528407
193.0 -0.00243667766696
193.5 -0.00320189801329
194.0 -0.00396673779672
194.5 -0.00485951803564
195.0 -0.00568548955873
195.5 -0.00743150165177
196.0 -0.00873423553001
196.5 -0.0099418060058
197.0 -0.0130456135089
197.5 -0.0155234092113
198.0 -0.020574984412
198.5 -0.0279085934501
199.0 -0.0430678598879
199.5 -0.0689531897379
