0.0 0.000563810324389
0.5 0.0221604237407
1.0 0.0228467008754
1.5 0.0175827439308
2.0 0.0147599052913
2.5 0.0119921090389
3.0 0.0109079369173
3.5 0.00978075946157
4.0 0.00879882110983
4.5 0.00794137058433
5.0 0.00705423595124
5.5 0.00646800204211
6.0 0.00585194368518
6.5 0.00527349087623
7.0 0.00484785732681
7.5 0.00436883455782
8.0 0.00395941483907
8.5 0.00345623056614
9.0 0.00317990733436
9.5 0.00284951927762
10.0 0.00233094844784
10.5 0.00202842857482
11.0 0.00169478635704
11.5 0.00134302543119
12.0 0.00103712036042
12.5 0.000698954978217
13.0 0.000361342218572
13.5 1.6694271757e-05
14.0 -0.000317172182555
14.5 -0.000636546075663
15.0 -0.000940846628067
15.5 -0.00134390953215
16.0 -0.00167731333738
16.5 -0.00197655113526
17.0 -0.00231157919306
17.5 -0.00267588279707
18.0 -0.00301605103097
18.5 -0.00337589192687
19.0 -0.00374923521092
19.5 -0.00409859411678
20.0 -0.00445788275522
20.5 -0.00482387368285
21.0 -0.00519732289932
21.5 -0.00558010140063
22.0 -0.00596587919253
22.5 -0.00633265544909
23.0 -0.00675795878919
23.5 -0.00714960756496
24.0 -0.00755172355573
24.5 -0.00797176885053
25.0 -0.00838349544962
25.5 -0.00880627068749
26.0 -0.00921950627325
26.5 -0.00963507299135
27.0 -0.0100727982997
27.5 -0.010498292627
28.0 -0.0109211930675
28.5 -0.0113658322246
29.0 -0.011811197494
29.5 -0.01228318144
30.0 -0.0127211971273
30.5 -0.0131606253423
31.0 -0.0136183598007
31.5 -0.0140617123722
32.0 -0.0145040418644
32.5 -0.0149555849922
33.0 -0.0154026052762
33.5 -0.0158273549792
34.0 -0.0162672868874
34.5 -0.0167236093473
35.0 -0.0171719201353
35.5 -0.017603187461
36.0 -0.0180242072617
36.5 -0.0184433351367
37.0 -0.0188534299279
37.5 -0.0192596573064
38.0 -0.0196674118603
38.5 -0.0200630230442
39.0 -0.0204458271928
39.5 -0.0208285584047
40.0 -0.021198555464
40.5 -0.0215384457826
41.0 -0.0218667439613
41.5 -0.0222009375269
42.0 -0.022499816651
42.5 -0.0227803988137
43.0 -0.0230663690426
43.5 -0.0233366492191
44.0 -0.023595618115
44.5 -0.023805890036
45.0 -0.0240368124968
45.5 -0.0242308166391
46.0 -0.0243995889798
46.5 -0.0245757401021
47.0 -0.0247209226265
47.5 -0.0248350624673
48.0 -0.024953053699
48.5 -0.0250249955467
49.0 -0.0250882845672
49.5 -0.0251443305739
50.0 -0.0251601964012
50.5 -0.0251702269465
51.0 -0.025141744691
51.5 -0.0250981022814
52.0 -0.0250524623684
52.5 -0.0249739488894
53.0 -0.0248949362695
53.5 -0.0247817705705
54.0 -0.0246627325915
54.5 -0.0245205537599
55.0 -0.0243443792072
55.5 -0.0241511432136
56.0 -0.0239476771361
56.5 -0.0237573763514
57.0 -0.0235168775625
57.5 -0.0232604218222
58.0 -0.0230326062598
58.5 -0.0227843996517
59.0 -0.0224854593626
59.5 -0.022206813139
60.0 -0.0218891251045
60.5 -0.0215646206768
61.0 -0.0212419721239
61.5 -0.0209068737617
62.0 -0.0205779496263
62.5 -0.0202239259629
63.0 -0.0198639929023
63.5 -0.0195284061713
64.0 -0.0191772623759
64.5 -0.0188334511057
65.0 -0.0184264727776
65.5 -0.0180698006519
66.0 -0.0176850115157
66.5 -0.0173076319849
67.0 -0.0169092868232
67.5 -0.0165522135541
68.0 -0.0161793887099
68.5 -0.0158065892943
69.0 -0.0154517925926
69.5 -0.0150879090696
70.0 -0.0146488260392
70.5 -0.0142902518269
71.0 -0.013925931916
71.5 -0.0135395055287
72.0 -0.0131736570954
72.5 -0.01279377507
73.0 -0.0124448502106
73.5 -0.0121365777283
74.0 -0.0118208358691
74.5 -0.0114320791039
75.0 -0.0111172042098
75.5 -0.0107827737934
76.0 -0.0104233076253
76.5 -0.010082425186
77.0 -0.00976472999182
77.5 -0.0094674771005
78.0 -0.00915588842414
78.5 -0.00887785437291
79.0 -0.00859444645164
79.5 -0.00830976476185
80.0 -0.00804843338642
80.5 -0.00778588991839
81.0 -0.00748694887328
81.5 -0.00724659393401
82.0 -0.00697604931846
82.5 -0.00669902872419
83.0 -0.00648850274501
83.5 -0.00624786684531
84.0 -0.0060307089559
84.5 -0.00576410763113
85.0 -0.0055874768163
85.5 -0.00546037949558
86.0 -0.00515882803684
86.5 -0.00495051762854
87.0 -0.00477681469289
87.5 -0.00459781565749
88.0 -0.00447112584953
88.5 -0.0043077441572
89.0 -0.00409962749845
89.5 -0.00393851513951
90.0 -0.00377298222435
90.5 -0.00366938253047
91.0 -0.00352958400848
91.5 -0.00343441595393
92.0 -0.00328989928045
92.5 -0.00314072364683
93.0 -0.00304553160391
93.5 -0.00292890483567
94.0 -0.00279184084076
94.5 -0.00266245997766
95.0 -0.00256949813277
95.5 -0.00248434912041
96.0 -0.0024309769829
96.5 -0.00234707859425
97.0 -0.002335879114
97.5 -0.0022588582608
98.0 -0.00215448264102
98.5 -0.00210887630768
99.0 -0.00198365446997
99.5 -0.00189503585159
100.0 -0.00172424956243
100.5 -0.00183371203777
101.0 -0.00191852700903
101.5 -0.00198740103465
102.0 -0.0018871697111
102.5 -0.00179471260758
103.0 -0.00176014641914
103.5 -0.00186315637593
104.0 -0.00191743135679
104.5 -0.00194440336572
105.0 -0.00186731766586
105.5 -0.00185510276599
106.0 -0.00181547599162
106.5 -0.00197379006776
107.0 -0.00179592999822
107.5 -0.00183485537653
108.0 -0.0020792645004
108.5 -0.00220740416107
109.0 -0.00228800099676
109.5 -0.00235581331675
110.0 -0.00254737358866
110.5 -0.00267279143898
111.0 -0.00262410729639
111.5 -0.00290873763544
112.0 -0.00263516064523
112.5 -0.00271134923708
113.0 -0.002915274161
113.5 -0.00324930139828
114.0 -0.00329403442706
114.5 -0.00329799791324
115.0 -0.00237340810298
115.5 -0.00254662607688
116.0 -0.00272506410991
116.5 -0.00261704732586
117.0 -0.00251253002506
117.5 -0.00321389189415
118.0 -0.000170079614051
118.5 0.00231145930256
119.0 0.00622644563997
119.5 0.0115056243297
120.0 0.00782019336823
120.5 0.00380767284786
121.0 -0.000900918570295
121.5 -0.00374087930734
122.0 -0.00616918050859
122.5 -0.00697802223208
123.0 -0.00543712939195
123.5 -0.00470230997118
124.0 -0.00460824906419
124.5 -0.00534483211476
125.0 -0.004499170504
125.5 -0.00465331746911
126.0 -0.00392251907329
126.5 -0.00336490064457
127.0 -0.00306936546073
127.5 -0.00362241758093
128.0 -0.0037300970744
128.5 -0.00291637955182
129.0 -0.00211596072219
129.5 -0.00208170142214
130.0 -0.00320414453142
130.5 -0.00233349329876
131.0 -0.0018006122941
131.5 -0.00189465323192
132.0 -0.00160690536686
132.5 -0.00144656981695
133.0 -0.0012589767442
133.5 -0.00102973197249
134.0 -0.00122326393611
134.5 -0.0012873453709
135.0 -0.00113529818167
135.5 -0.000890199915069
136.0 -0.000772822511593
136.5 -0.000634551661097
137.0 -0.000196536785101
137.5 -0.00048760407137
138.0 -0.000580258912219
138.5 -0.000319034628109
139.0 -4.89293907115e-05
139.5 0.000113733551036
140.0 -0.000323235936573
140.5 0.00020754830043
141.0 0.000112764503196
141.5 0.000141300452452
142.0 0.000133197866468
142.5 0.000307961085428
143.0 0.000426670841579
143.5 0.000319162178011
144.0 0.000458179684935
144.5 0.000734858489029
145.0 0.000575325863991
145.5 0.000778091030843
146.0 0.00068677251029
146.5 0.000561282578526
147.0 0.000654777991619
147.5 0.000829102439657
148.0 0.00101284781122
148.5 0.00117707238647
149.0 0.00111348812743
149.5 0.000865954305642
150.0 0.0010297724402
150.5 0.00127063718148
151.0 0.00124556507959
151.5 0.00152279304132
152.0 0.00131830619384
152.5 0.00124481866713
153.0 0.00142529547576
153.5 0.00164191109366
154.0 0.00181294038713
154.5 0.00179321810717
155.0 0.00147742146719
155.5 0.00157589478565
156.0 0.00186169467441
156.5 0.00209714328374
157.0 0.0021470023321
157.5 0.00197845560414
158.0 0.00193627248113
158.5 0.00208952653819
159.0 0.00210575580187
159.5 0.00220608369016
160.0 0.00246762643576
160.5 0.00242181917474
161.0 0.00231608957397
161.5 0.00266835592949
162.0 0.00272849365613
162.5 0.00275763737277
163.0 0.0028373101063
163.5 0.00283709281491
164.0 0.00279041401833
164.5 0.00287731222569
165.0 0.00291791380089
165.5 0.00344460865508
166.0 0.00342863039538
166.5 0.00362221472553
167.0 0.00323888336612
167.5 0.00363632645674
168.0 0.00399439987401
168.5 0.00406635016972
169.0 0.00409221279963
169.5 0.00396909114645
170.0 0.00444745248087
170.5 0.00467900718043
171.0 0.00507637660068
171.5 0.00541131335612
172.0 0.00513794989197
172.5 0.00562932235158
173.0 0.00605485858402
173.5 0.00628363568272
174.0 0.00654261849202
174.5 0.0065418586251
175.0 0.00585968047469
175.5 0.00591199827301
176.0 0.00648492748294
176.5 0.00738925129019
177.0 0.00798720720869
177.5 0.00697086123679
178.0 0.00665095826891
178.5 0.00532938722439
179.0 0.000763177183273
179.5 -0.000158120128589
180.0 -1.45554652704e-05
180.5 -0.00320069070924
181.0 -0.0028048315416
181.5 -0.00135605833387
182.0 -4.88632543068e-05
182.5 0.00159419580358
183.0 0.00139667100075
183.5 0.00195586407837
184.0 0.00189457875888
184.5 0.00192957516994
185.0 0.00259150197017
185.5 0.00207792469826
186.0 0.00204569916026
186.5 0.00175951991422
187.0 0.00201799581562
187.5 0.00190591741631
188.0 0.00158025100451
188.5 0.00139743577286
189.0 0.00111893424362
189.5 0.000909190299026
190.0 0.000757908925607
190.5 0.000318650506031
191.0 0.000133762114118
191.5 -0.000153509064461
192.0 -0.000486216109095
192.5 -0.000838811300682
193.0 -0.00137930401124
193.5 -0.00164072118646
194.0 -0.00224781306298
194.5 -0.00281715552522
195.0 -0.00337179765151
195.5 -0.00531864544917
196.0 -0.00618134148822
196.5 -0.00710407108758
197.0 -0.00833591778857
197.5 -0.00873278980032
198.0 -0.0129914870146
198.5 -0.0187545847614
199.0 -0.0279799294802
199.5 -0.0432298297603
