0.0 0.00150525332373
0.5 0.0251386120785
1.0 0.0257659378376
1.5 0.0199380649021
2.0 0.0167679857022
2.5 0.0145377889424
3.0 0.013539662177
3.5 0.0126350272644
4.0 0.0115185574778
4.5 0.0106295776646
5.0 0.00984839493062
5.5 0.00904533733513
6.0 0.00854114448152
6.5 0.00813943561405
7.0 0.00779565321033
7.5 0.00730973406428
8.0 0.00683948259949
8.5 0.00652935488858
9.0 0.00621819060366
9.5 0.0058976645614
10.0 0.0055495286773
10.5 0.00526631981849
11.0 0.00496279303835
11.5 0.00466811444297
12.0 0.00436905120648
12.5 0.00410487172697
13.0 0.003820826055
13.5 0.00348369170165
14.0 0.00323525631364
14.5 0.00298568387488
15.0 0.00263793038933
15.5 0.00234192937273
16.0 0.00207735572254
16.5 0.00178993919958
17.0 0.00152700542301
17.5 0.00122650363133
18.0 0.00088002696779
18.5 0.000591859825555
19.0 0.000285887054295
19.5 -4.41239638329e-05
20.0 -0.000363829773416
20.5 -0.000694113036461
21.0 -0.00101663164736
21.5 -0.00134472729317
22.0 -0.00169948210469
22.5 -0.00202930087227
23.0 -0.00239859621624
23.5 -0.00274948619586
24.0 -0.00311111182041
24.5 -0.00351555089389
25.0 -0.00387869979437
25.5 -0.00424852378894
26.0 -0.0046291060148
26.5 -0.00501815306396
27.0 -0.00542817457239
27.5 -0.00581253895734
28.0 -0.00622094671179
28.5 -0.00665058523824
29.0 -0.00707621665531
29.5 -0.00751496384743
30.0 -0.0079400673305
30.5 -0.00837955251863
31.0 -0.00881630671669
31.5 -0.00924295442341
32.0 -0.00968530519852
32.5 -0.010113497918
33.0 -0.0105540488483
33.5 -0.0110034423236
34.0 -0.011474935237
34.5 -0.0119300115468
35.0 -0.0123852231678
35.5 -0.0128336658819
36.0 -0.0132890460241
36.5 -0.0137424832296
37.0 -0.0141944056649
37.5 -0.0146551769189
38.0 -0.0151138315896
38.5 -0.0155418088486
39.0 -0.0159874896839
39.5 -0.0164519832369
40.0 -0.0168801002925
40.5 -0.0173242936067
41.0 -0.0177437488684
41.5 -0.0181704340486
42.0 -0.0185971713686
42.5 -0.0190127883198
43.0 -0.0194159516082
43.5 -0.0198132451832
44.0 -0.020215126541
44.5 -0.0206115365705
45.0 -0.0209438851753
45.5 -0.0212924124223
46.0 -0.0216438366838
46.5 -0.0220057309063
47.0 -0.0223325269424
47.5 -0.0226328336672
48.0 -0.0229490743496
48.5 -0.0232318642785
49.0 -0.0235216296021
49.5 -0.0238167220462
50.0 -0.024037595496
50.5 -0.0242721324915
51.0 -0.0244955066318
51.5 -0.0247221079162
52.0 -0.0249214227966
52.5 -0.025086632348
53.0 -0.0252746436311
53.5 -0.0254326745519
54.0 -0.0255585828554
54.5 -0.0256856339246
55.0 -0.0257294084796
55.5 -0.0258193060408
56.0 -0.0259072175947
56.5 -0.0259344287889
57.0 -0.0259477440809
57.5 -0.0259408784543
58.0 -0.0259691440511
58.5 -0.0259557527747
59.0 -0.0258984486264
59.5 -0.0258534577057
60.0 -0.0257758883076
60.5 -0.0256606056716
61.0 -0.025539577834
61.5 -0.0254122136863
62.0 -0.02527588096
62.5 -0.0251260362505
63.0 -0.0249628139849
63.5 -0.0247806641224
64.0 -0.0245736543164
64.5 -0.0243379175001
65.0 -0.0241244019448
65.5 -0.0238935724515
66.0 -0.0236304615734
66.5 -0.0233145029965
67.0 -0.0230192197443
67.5 -0.0227637698987
68.0 -0.0224549706223
68.5 -0.0221512682024
69.0 -0.0218546764485
69.5 -0.0214847310787
70.0 -0.0211542951792
70.5 -0.0208200992372
71.0 -0.0204881747684
71.5 -0.0200774708329
72.0 -0.0197129896134
72.5 -0.0193419798962
73.0 -0.0189965373478
73.5 -0.0186590767799
74.0 -0.0182981123699
74.5 -0.0179390655706
75.0 -0.0174862842884
75.5 -0.0171362793752
76.0 -0.0167620708738
76.5 -0.0163628860172
77.0 -0.0160015980707
77.5 -0.0155984369755
78.0 -0.0152054094851
78.5 -0.0148559353989
79.0 -0.0145364383069
79.5 -0.0141282948053
80.0 -0.013790534175
80.5 -0.0134452461302
81.0 -0.0130705576043
81.5 -0.0127473430003
82.0 -0.0124030843559
82.5 -0.0120169048206
83.0 -0.0116444840029
83.5 -0.0113533020039
84.0 -0.0110664835337
84.5 -0.0107436157888
85.0 -0.0104219399713
85.5 -0.010132244395
86.0 -0.00982460612567
86.5 -0.00960100872992
87.0 -0.00929445951461
87.5 -0.00894098582526
88.0 -0.00871960648547
88.5 -0.00845581644147
89.0 -0.00816425396197
89.5 -0.00799336257884
90.0 -0.00765834784994
90.5 -0.00748556565665
91.0 -0.00723243536715
91.5 -0.00700758092062
92.0 -0.00682373902962
92.5 -0.0066080692576
93.0 -0.00644275795035
93.5 -0.00632131011529
94.0 -0.00608154219115
94.5 -0.00595147109034
95.0 -0.00572203011881
95.5 -0.00549793613596
96.0 -0.00531402561597
96.5 -0.00508408826191
97.0 -0.00507056983077
97.5 -0.00497194680439
98.0 -0.00487886135006
98.5 -0.00487241953185
99.0 -0.0046330648518
99.5 -0.00462720377067
100.0 -0.00442022661856
100.5 -0.00431559484744
101.0 -0.00434613126778
101.5 -0.00433091802219
102.0 -0.00414875320008
102.5 -0.00410359733152
103.0 -0.00403837746308
103.5 -0.00395873418302
104.0 -0.00396691007954
104.5 -0.00390662746403
105.0 -0.00395905457616
105.5 -0.00355145706491
106.0 -0.00373631802815
106.5 -0.00390368177646
107.0 -0.00383546387025
107.5 -0.00379477081621
108.0 -0.00389634609976
108.5 -0.00388685563537
109.0 -0.00363014555617
109.5 -0.00383056546524
110.0 -0.00406934498131
110.5 -0.00431149841335
111.0 -0.00353341962663
111.5 -0.00438402877733
112.0 -0.00458063494283
112.5 -0.00472617623826
113.0 -0.00457031549844
113.5 -0.00435228431942
114.0 -0.0045367545714
114.5 -0.00515026815415
115.0 -0.00544401359018
115.5 -0.0040943412599
116.0 -0.00482612805934
116.5 -0.00501303207815
117.0 -0.00516513238185
117.5 -0.00720735732288
118.0 -0.00559414319741
118.5 -0.00469818019789
119.0 -0.00250709917238
119.5 0.00439679518017
120.0 0.0058641087071
120.5 0.00596257875812
121.0 0.00484326867659
121.5 -0.000532197442439
122.0 -0.00397107503602
122.5 -0.00603937668038
123.0 -0.00508174827127
123.5 -0.00405863734944
124.0 -0.00435819549718
124.5 -0.00442575838412
125.0 -0.00517121592247
125.5 -0.00390364569152
126.0 -0.00405992277216
126.5 -0.00435141860287
127.0 -0.0042497117164
127.5 -0.00390240094322
128.0 -0.00369205785032
128.5 -0.00375330998505
129.0 -0.00333735984926
129.5 -0.00301059388891
130.0 -0.00370123045002
130.5 -0.00310621432428
131.0 -0.00285047817348
131.5 -0.00271466315277
132.0 -0.00254231677889
132.5 -0.00221924663607
133.0 -0.00178603003066
133.5 -0.00177177514941
134.0 -0.00220395178513
134.5 -0.00212119497543
135.0 -0.00158891375663
135.5 -0.00152046841438
136.0 -0.00126425445536
136.5 -0.00118064739388
137.0 -0.00094394928006
137.5 -0.00108764921567
138.0 -0.00111282143641
138.5 -0.000983214820426
139.0 -0.000709013134014
139.5 -0.000572957661753
140.0 -0.000905241300121
140.5 -0.000683917258087
141.0 -0.000450502182318
141.5 -0.000426096268697
142.0 -0.000331232930812
142.5 -0.000293758544682
143.0 -0.000106050321001
143.5 8.5040398103e-05
144.0 0.000141786673824
144.5 9.60336342697e-05
145.0 3.2240918042e-05
145.5 0.000132899441941
146.0 0.000212333132668
146.5 0.000275176404961
147.0 0.000401598274162
147.5 0.000465129179134
148.0 0.00047973145586
148.5 0.000498815904399
149.0 0.000498023431525
149.5 0.000597207815046
150.0 0.000617490503372
150.5 0.000717824026615
151.0 0.000949648136285
151.5 0.000870600624435
152.0 0.000873123564408
152.5 0.000801008587217
153.0 0.00088868087728
153.5 0.00100395992746
154.0 0.000992083874849
154.5 0.0011670911968
155.0 0.00139878705912
155.5 0.00126938317486
156.0 0.00141555453125
156.5 0.00156685223611
157.0 0.00171022054906
157.5 0.00179725048944
158.0 0.00186194487114
158.5 0.00201911348069
159.0 0.00211140932503
159.5 0.00220906648456
160.0 0.00242913920726
160.5 0.00250890580533
161.0 0.00252260970835
161.5 0.002585257366
162.0 0.00260831713233
162.5 0.00274583701487
163.0 0.0028473790835
163.5 0.00290899289926
164.0 0.00288737050963
164.5 0.00286573485661
165.0 0.00335183502409
165.5 0.00347016355239
166.0 0.00339071015467
166.5 0.0035894189946
167.0 0.00366200916265
167.5 0.00386570942953
168.0 0.00411368071371
168.5 0.00433221622342
169.0 0.00428665572333
169.5 0.00417971845938
170.0 0.00469546534019
170.5 0.00479315323258
171.0 0.00489942024242
171.5 0.00508086246792
172.0 0.00530087604339
172.5 0.00562711342489
173.0 0.00590015308663
173.5 0.00577065844169
174.0 0.00553905193463
174.5 0.0060109603385
175.0 0.00617313298136
175.5 0.00571422032924
176.0 0.00601293921333
176.5 0.00699041955272
177.0 0.00710821301149
177.5 0.00820714611316
178.0 0.0085190797714
178.5 0.0056646285521
179.0 0.000588939345832
179.5 -0.00404743155742
180.0 -0.00396012386071
180.5 -0.00326508318153
181.0 -0.000652885580294
181.5 0.000263378767585
182.0 0.000602709555153
182.5 0.00136262990843
183.0 0.000736288234748
183.5 0.00158438745294
184.0 0.00204664875018
184.5 0.00189938508255
185.0 0.0020310977451
185.5 0.00182293389625
186.0 0.00172445977479
186.5 0.00217703295493
187.0 0.00204093946475
187.5 0.00179633996773
188.0 0.00156114462311
188.5 0.00129375022172
189.0 0.00113706255276
189.5 0.00085661894623
190.0 0.000727605449796
190.5 0.000292737170824
191.0 0.000138700407064
191.5 -0.000181435920084
192.0 -0.000572362827114
192.5 -0.000801918791595
193.0 -0.00124584570861
193.5 -0.00173193109359
194.0 -0.00232207866114
194.5 -0.00290090074627
195.0 -0.00340419163251
195.5 -0.00530410867187
196.0 -0.00614972814977
196.5 -0.00725425465414
197.0 -0.0087253294394
197.5 -0.00995063739022
198.0 -0.0139085622649
198.5 -0.0192841170957
199.0 -0.028963168811
199.5 -0.0449014122264
