0.0 0.0018717294127
0.5 0.0154409538206
1.0 0.0177264266905
1.5 0.0143831211986
2.0 0.0120672713729
2.5 0.00990132114415
3.0 0.00864600424985
3.5 0.00803273522541
4.0 0.00723757058561
4.5 0.00656976161183
5.0 0.0054957370518
5.5 0.0050585027371
6.0 0.0045515045615
6.5 0.00408611946902
7.0 0.00368023755925
7.5 0.00322858684388
8.0 0.00283802838307
8.5 0.00243278409279
9.0 0.00208629639271
9.5 0.0017767159825
10.0 0.00128497096448
10.5 0.00097343210512
11.0 0.000647782237726
11.5 0.000350636322414
12.0 1.40324342759e-05
12.5 -0.000299054575196
13.0 -0.000634930922132
13.5 -0.00103930618025
14.0 -0.00135164983329
14.5 -0.00167398613203
15.0 -0.00199875913161
15.5 -0.00234961528854
16.0 -0.00267309790189
16.5 -0.00301445208831
17.0 -0.00337456298729
17.5 -0.00373308325653
18.0 -0.00407685807741
18.5 -0.0044418913945
19.0 -0.00478938481656
19.5 -0.00518685602148
20.0 -0.00554834274642
20.5 -0.00592134500193
21.0 -0.00628155127336
21.5 -0.00665973387837
22.0 -0.00706371292987
22.5 -0.00743792834051
23.0 -0.00783483445114
23.5 -0.00824332535219
24.0 -0.00866413636307
24.5 -0.00907921943947
25.0 -0.0094866759104
25.5 -0.00990052344325
26.0 -0.0103115994132
26.5 -0.0107201720948
27.0 -0.0111439032032
27.5 -0.0115649760557
28.0 -0.0119923885503
28.5 -0.0124317448971
29.0 -0.0128600207284
29.5 -0.0132954530069
30.0 -0.0137204161132
30.5 -0.0141593836627
31.0 -0.0145852147027
31.5 -0.0150019107879
32.0 -0.015430479185
32.5 -0.0158375359617
33.0 -0.016255544107
33.5 -0.0166905695966
34.0 -0.0170950678936
34.5 -0.0175014104896
35.0 -0.0179028328655
35.5 -0.0183036813707
36.0 -0.0186805730993
36.5 -0.0190452130628
37.0 -0.0194096540774
37.5 -0.0197738870962
38.0 -0.0201315215478
38.5 -0.0204639128907
39.0 -0.0207770163916
39.5 -0.021084028576
40.0 -0.0213853517824
40.5 -0.0216741849697
41.0 -0.0219410570585
41.5 -0.0222058135157
42.0 -0.0224581024967
42.5 -0.0226848254879
43.0 -0.0228864098024
43.5 -0.0230752454523
44.0 -0.0232506326318
44.5 -0.0233993592441
45.0 -0.0235127996246
45.5 -0.0236524462617
46.0 -0.0237557289435
46.5 -0.0238539713285
47.0 -0.0239111714221
47.5 -0.0239464566457
48.0 -0.0240060415193
48.5 -0.0240232503219
49.0 -0.0240159619873
49.5 -0.0240057112359
50.0 -0.0239235164056
50.5 -0.0238617604619
51.0 -0.0237816315645
51.5 -0.023684208475
52.0 -0.0235805083264
52.5 -0.0234407033354
53.0 -0.0233049428022
53.5 -0.0231452566616
54.0 -0.0229698590208
54.5 -0.0227702164619
55.0 -0.0225544052957
55.5 -0.0223256767039
56.0 -0.0221162654569
56.5 -0.021855885881
57.0 -0.0216126970871
57.5 -0.021346505092
58.0 -0.0210708710912
58.5 -0.0208061008749
59.0 -0.0205061215761
59.5 -0.0202012760826
60.0 -0.0198568390394
60.5 -0.0195551244453
61.0 -0.0192186517192
61.5 -0.0188847141628
62.0 -0.0185480184979
62.5 -0.0181920916751
63.0 -0.0178818989624
63.5 -0.0175431746328
64.0 -0.0171842513537
64.5 -0.0168078730617
65.0 -0.0164807870786
65.5 -0.0161458754391
66.0 -0.015728317531
66.5 -0.0153639288086
67.0 -0.0150365095057
67.5 -0.014673729262
68.0 -0.0143286700162
68.5 -0.0139798227777
69.0 -0.0136029906714
69.5 -0.0132899072375
70.0 -0.012955823797
70.5 -0.0126225738482
71.0 -0.0122313838345
71.5 -0.0118936222029
72.0 -0.0115556973733
72.5 -0.011221895234
73.0 -0.0109147976394
73.5 -0.0106080870353
74.0 -0.0103199838319
74.5 -0.010034856305
75.0 -0.00965307098755
75.5 -0.00937816879141
76.0 -0.00909544109322
76.5 -0.00882043658268
77.0 -0.00849663046949
77.5 -0.00818853659261
78.0 -0.00794705867358
78.5 -0.00768303169133
79.0 -0.00744507480404
79.5 -0.00719317223413
80.0 -0.00694209841381
80.5 -0.00672172840227
81.0 -0.00645896267488
81.5 -0.00621600252824
82.0 -0.00596825476948
82.5 -0.00576183764804
83.0 -0.00554260456761
83.5 -0.00535983078103
84.0 -0.00521109910155
84.5 -0.0050455773346
85.0 -0.00478161243369
85.5 -0.00463336638866
86.0 -0.0044232789812
86.5 -0.00427029872042
87.0 -0.00410385584891
87.5 -0.00387717915159
88.0 -0.00374541946399
88.5 -0.00360023667655
89.0 -0.00347484708129
89.5 -0.00332681513946
90.0 -0.00317832915802
90.5 -0.00309477567159
91.0 -0.00301562387919
91.5 -0.00292343902332
92.0 -0.00276023104511
92.5 -0.00259754346077
93.0 -0.00251132778582
93.5 -0.00246604098716
94.0 -0.0023181365673
94.5 -0.00228813426789
95.0 -0.00213910533977
95.5 -0.00205181772241
96.0 -0.00202464423131
96.5 -0.0019660623489
97.0 -0.00197333228877
97.5 -0.00191153449555
98.0 -0.00183073577884
98.5 -0.00182483387445
99.0 -0.00175409816537
99.5 -0.00175489803594
100.0 -0.00177391731866
100.5 -0.00168937521942
101.0 -0.00162100138489
101.5 -0.00151033018573
102.0 -0.00156169856221
102.5 -0.00167137323695
103.0 -0.00171296327471
103.5 -0.00177889845691
104.0 -0.00172189692852
104.5 -0.00163403099246
105.0 -0.00159967892836
105.5 -0.00162212630566
106.0 -0.0014444016967
106.5 -0.00168795598798
107.0 -0.00181238678186
107.5 -0.00185771832479
108.0 -0.00193328046226
108.5 -0.00200034458168
109.0 -0.00197541128109
109.5 -0.00173334344127
110.0 -0.0020297095026
110.5 -0.00231084350643
111.0 -0.00244234017399
111.5 -0.00240588782483
112.0 -0.00245243567186
112.5 -0.00280210049152
113.0 -0.00306503957003
113.5 -0.00310706332374
114.0 -0.00252689704648
114.5 -0.00288534826598
115.0 -0.0029119961282
115.5 -0.00260798895651
116.0 -0.00279117020915
116.5 -0.00308290847775
117.0 -0.00350167087824
117.5 -0.00351909661258
118.0 -0.00240542133665
118.5 0.00136677919699
119.0 0.0053355516586
119.5 0.00942206312023
120.0 0.00719814262297
120.5 0.00575490931844
121.0 0.00157292132479
121.5 -0.0041687629116
122.0 -0.00747332971825
122.5 -0.00687435276576
123.0 -0.0055070879842
123.5 -0.00359010580513
124.0 -0.00287381761639
124.5 -0.0035299418838
125.0 -0.00378476569021
125.5 -0.00371013604382
126.0 -0.00306761081184
126.5 -0.0031414750123
127.0 -0.0040696091271
127.5 -0.00403808601064
128.0 -0.00346810389682
128.5 -0.00311583193142
129.0 -0.00272658686831
129.5 -0.00283051717826
130.0 -0.00221168558975
130.5 -0.00257878848127
131.0 -0.00268627432613
131.5 -0.0020808041426
132.0 -0.0021244089468
132.5 -0.00204207118933
133.0 -0.00167569408366
133.5 -0.00148428436975
134.0 -0.00122300514435
134.5 -0.00116398366187
135.0 -0.00086507475519
135.5 -0.00126925437834
136.0 -0.00115158756858
136.5 -0.000957033793387
137.0 -0.0007230858781
137.5 -0.000715324718325
138.0 -0.0005519847983
138.5 -0.000451794309637
139.0 -0.00037950674712
139.5 -0.000208634079094
140.0 0.000117516746904
140.5 -0.000365864788083
141.0 -4.4063119411e-06
141.5 -4.99489597914e-05
142.0 -2.00817747888e-05
142.5 0.000155921102918
143.0 0.000293018502045
143.5 0.000167040629988
144.0 0.000126049765857
144.5 0.000380118376038
145.0 0.000500937099966
145.5 0.000347436932709
146.0 0.000526730313759
146.5 0.00058219079105
147.0 0.000637379374167
147.5 0.000910191444147
148.0 0.000924394710893
148.5 0.000781045043728
149.0 0.000871861576881
149.5 0.000941468047815
150.0 0.000804760247834
150.5 0.00100835898884
151.0 0.00103544608487
151.5 0.00126391878126
152.0 0.00137357029754
152.5 0.0013231071911
153.0 0.00132509947824
153.5 0.00137368266968
154.0 0.00139197708662
154.5 0.00139883984215
155.0 0.00134046528226
155.5 0.00142571100579
156.0 0.00159372093087
156.5 0.00166496493067
157.0 0.00175252387876
157.5 0.00181654210959
158.0 0.00184951111455
158.5 0.0019652984267
159.0 0.00202702467342
159.5 0.00207005464618
160.0 0.00213239256106
160.5 0.00206084771328
161.0 0.00246950589148
161.5 0.00234593861804
162.0 0.00254522781439
162.5 0.00260865898602
163.0 0.0027662576411
163.5 0.002945361954
164.0 0.00288274955307
164.5 0.00298539741735
165.0 0.00323633809116
165.5 0.003097063631
166.0 0.00276440601109
166.5 0.00343104020454
167.0 0.00334123241986
167.5 0.00352605091436
168.0 0.00381229084547
168.5 0.00411350698963
169.0 0.00431218648352
169.5 0.00441830070854
170.0 0.00451989921221
170.5 0.00458108665586
171.0 0.00482958980399
171.5 0.00515745882645
172.0 0.00484271552149
172.5 0.00520942280026
173.0 0.0057056747191
173.5 0.00611503646664
174.0 0.00653310603833
174.5 0.00657931408057
175.0 0.00597797900863
175.5 0.00622926904033
176.0 0.00680642034713
176.5 0.00614484487085
177.0 0.0066784779969
177.5 0.00781079608855
178.0 0.0083160103588
178.5 0.00607621219291
179.0 -0.00162678417486
179.5 -0.00393520611397
180.0 -0.00352994144849
180.5 -0.0058617052496
181.0 -0.00446834410997
181.5 -0.00106250538087
182.0 0.00096781344871
182.5 0.00260290186458
183.0 0.0021802954292
183.5 0.0023993333788
184.0 0.00209307819748
184.5 0.00209520255942
185.0 0.00281193687979
185.5 0.00231900528877
186.0 0.00235524260638
186.5 0.00226161241955
187.0 0.00210261330957
187.5 0.00191000539552
188.0 0.00164684135704
188.5 0.00157758149177
189.0 0.00122845369448
189.5 0.000983078369174
190.0 0.000785365982139
190.5 0.000456485088449
191.0 0.000216998323552
191.5 -0.000146878610735
192.0 -0.000392757037389
192.5 -0.000708888793923
193.0 -0.00137784530523
193.5 -0.00177855566403
194.0 -0.00232667038775
194.5 -0.00288874174291
195.0 -0.00358858635229
195.5 -0.00478694688653
196.0 -0.00531188598173
196.5 -0.00715852992397
197.0 -0.00864349191995
197.5 -0.00973936174918
198.0 -0.0135446776598
198.5 -0.0188231998404
199.0 -0.0283447328669
199.5 -0.0447039784764
