0.0 0.000565496812088
0.5 0.0226985664295
1.0 0.0217771810234
1.5 0.0168729792617
2.0 0.0140534297544
2.5 0.0113210697294
3.0 0.00965252044679
3.5 0.00880578553815
4.0 0.00787196970355
4.5 0.00665187733915
5.0 0.00590035890418
5.5 0.00533807329391
6.0 0.00473874362004
6.5 0.00419003682118
7.0 0.00371419887884
7.5 0.00322545380243
8.0 0.00280762400628
8.5 0.00238416088592
9.0 0.00200243057474
9.5 0.00162677500896
10.0 0.00126902796879
10.5 0.000812055057819
11.0 0.000448638137089
11.5 0.000144615778051
12.0 -0.000207235801579
12.5 -0.000548852361034
13.0 -0.000897767267155
13.5 -0.00125506756359
14.0 -0.00160198847132
14.5 -0.00193135034652
15.0 -0.00226950982862
15.5 -0.00263240665618
16.0 -0.00295228312416
16.5 -0.00333253094118
17.0 -0.00368054327114
17.5 -0.00401892055227
18.0 -0.00439428224396
18.5 -0.00474591073458
19.0 -0.00510577967984
19.5 -0.00548713865541
20.0 -0.00586264739943
20.5 -0.00624549995101
21.0 -0.00661510024225
21.5 -0.00700113828336
22.0 -0.00739473557165
22.5 -0.00775344160313
23.0 -0.00816766902137
23.5 -0.00856830701109
24.0 -0.008962586374
24.5 -0.00936749158081
25.0 -0.00976816338131
25.5 -0.0101748310908
26.0 -0.010586675281
26.5 -0.0109869802587
27.0 -0.0113898708807
27.5 -0.0118035841307
28.0 -0.0121962676103
28.5 -0.0126134991086
29.0 -0.0130400351516
29.5 -0.0134496827735
30.0 -0.013847913417
30.5 -0.0142591447684
31.0 -0.014660184801
31.5 -0.0150500709069
32.0 -0.0154472798031
32.5 -0.0158226642894
33.0 -0.0162098256357
33.5 -0.0166004439954
34.0 -0.0169513841102
34.5 -0.0173329239592
35.0 -0.017708004995
35.5 -0.0180533685351
36.0 -0.0184035144231
36.5 -0.01873626894
37.0 -0.0190421949121
37.5 -0.0193455959535
38.0 -0.019648091706
38.5 -0.0199419275818
39.0 -0.0202271599338
39.5 -0.0205043012347
40.0 -0.020737470738
40.5 -0.0209854598124
41.0 -0.0211965208518
41.5 -0.0213980888853
42.0 -0.0215870604943
42.5 -0.0217560752853
43.0 -0.0219070630529
43.5 -0.0220471014199
44.0 -0.0221786342217
44.5 -0.0223012873243
45.0 -0.022368726028
45.5 -0.02245944101
46.0 -0.0225154570367
46.5 -0.0225515368545
47.0 -0.0225625652031
47.5 -0.0225568346705
48.0 -0.022566309397
48.5 -0.0225381253407
49.0 -0.0224980373719
49.5 -0.0224491370479
50.0 -0.022360393075
50.5 -0.0222594012353
51.0 -0.0221700295956
51.5 -0.022038139146
52.0 -0.0219124548849
52.5 -0.021765551144
53.0 -0.0216147219054
53.5 -0.021442650248
54.0 -0.0212593542805
54.5 -0.0210586956089
55.0 -0.0208161806919
55.5 -0.0206037518703
56.0 -0.0203767435216
56.5 -0.0201165783581
57.0 -0.0198730874866
57.5 -0.0196140009633
58.0 -0.0193692991704
58.5 -0.0190987092166
59.0 -0.0188014358182
59.5 -0.0185242623596
60.0 -0.0182262897392
60.5 -0.0179191429224
61.0 -0.017609058475
61.5 -0.0172972023797
62.0 -0.0170072299912
62.5 -0.0166886902966
63.0 -0.0163913854376
63.5 -0.0160728299433
64.0 -0.0157418157912
64.5 -0.0154362319617
65.0 -0.0151033306551
65.5 -0.0147608074777
66.0 -0.0144337451845
66.5 -0.0140780988232
67.0 -0.0137439802726
67.5 -0.0134324838373
68.0 -0.0131241850151
68.5 -0.0128423310647
69.0 -0.0125406477264
69.5 -0.012251175468
70.0 -0.0118874819298
70.5 -0.0115729902849
71.0 -0.011266245299
71.5 -0.0109744963678
72.0 -0.0106395023972
72.5 -0.0103480477121
73.0 -0.0100907474912
73.5 -0.00982786977605
74.0 -0.00953932842375
74.5 -0.00926161700314
75.0 -0.00899518956014
75.5 -0.0087311441797
76.0 -0.00843756608193
76.5 -0.00815955995495
77.0 -0.00790964954742
77.5 -0.00767367349653
78.0 -0.00742033973535
78.5 -0.00720542075819
79.0 -0.00699206235551
79.5 -0.00678082694654
80.0 -0.00648143389405
80.5 -0.00630026766642
81.0 -0.00610956555748
81.5 -0.00587161554811
82.0 -0.0056298556227
82.5 -0.00543489898067
83.0 -0.00527589750627
83.5 -0.00507960599934
84.0 -0.00490723795793
84.5 -0.00478115241065
85.0 -0.00458702370324
85.5 -0.00446062967345
86.0 -0.00430853691071
86.5 -0.0041982629505
87.0 -0.00399309347963
87.5 -0.0037615686085
88.0 -0.00365133432027
88.5 -0.00351085985175
89.0 -0.00338097240362
89.5 -0.00328099967486
90.0 -0.00316277685786
90.5 -0.00313236288301
91.0 -0.00297245777157
91.5 -0.00285006866229
92.0 -0.00279269773218
92.5 -0.00266607291365
93.0 -0.00253180125434
93.5 -0.0024853083104
94.0 -0.00235760246197
94.5 -0.00235404405438
95.0 -0.00222467362146
95.5 -0.00216704608665
96.0 -0.00208457935402
96.5 -0.00199814357685
97.0 -0.00200298948638
97.5 -0.00198258362976
98.0 -0.0019726662143
98.5 -0.00194950480541
99.0 -0.00174803307762
99.5 -0.00172522123419
100.0 -0.00169810463684
100.5 -0.0017409284394
101.0 -0.00175982088899
101.5 -0.00179254876801
102.0 -0.0018084174482
102.5 -0.00183370239127
103.0 -0.00176992838698
103.5 -0.00174470879507
104.0 -0.00172924205041
104.5 -0.00173358442533
105.0 -0.00167083609979
105.5 -0.00170616918361
106.0 -0.00149535024696
106.5 -0.00174719257712
107.0 -0.00186940841047
107.5 -0.00201158016027
108.0 -0.00201114547309
108.5 -0.00191301093091
109.0 -0.00212200789279
109.5 -0.00225513883477
110.0 -0.00238814049661
110.5 -0.00245772340673
111.0 -0.00252914538343
111.5 -0.00267658407059
112.0 -0.00270037065273
112.5 -0.00277828700033
113.0 -0.00281164228335
113.5 -0.00304226357416
114.0 -0.00280750004929
114.5 -0.00232416237704
115.0 -0.00279395603563
115.5 -0.00242563676484
116.0 -0.00266349061475
116.5 -0.00189601273927
117.0 -0.00203354703778
117.5 -0.00253666896909
118.0 -0.00218531384733
118.5 -0.000718402939569
119.0 -0.000121327879143
119.5 0.0068349613109
120.0 0.0100168574698
120.5 0.00862327848093
121.0 0.00640713156885
121.5 -0.00207035167249
122.0 -0.00494037494089
122.5 -0.00786215354678
123.0 -0.00561005134526
123.5 -0.00480029787497
124.0 -0.00439790147234
124.5 -0.00385215528527
125.0 -0.00326704545976
125.5 -0.00500949026257
126.0 -0.00424051812396
126.5 -0.00453987992935
127.0 -0.0041818098282
127.5 -0.00392879022225
128.0 -0.00372071277616
128.5 -0.00361189039958
129.0 -0.00357617612591
129.5 -0.00302564924953
130.0 -0.00231375798244
130.5 -0.00336377564263
131.0 -0.00299478489342
131.5 -0.00258138214441
132.0 -0.0025152094125
132.5 -0.00227316675011
133.0 -0.00184442723413
133.5 -0.00154432801786
134.0 -0.00153126411335
134.5 -0.00191506712011
135.0 -0.00182472693441
135.5 -0.00142470924752
136.0 -0.00102304532723
136.5 -0.00124598018229
137.0 -0.00104256335111
137.5 -0.00111240031526
138.0 -0.00102860321028
138.5 -0.00091164906523
139.0 -0.000754641611405
139.5 -0.000559594884514
140.0 -0.000565519737606
140.5 -0.000605562487376
141.0 -0.000426289970541
141.5 -0.000390258674265
142.0 -0.000212398083097
142.5 -0.000116944511527
143.0 -7.47046898759e-05
143.5 -0.000104905253865
144.0 -6.37619527026e-05
144.5 0.000128358995571
145.0 0.00032867193031
145.5 0.000119868327736
146.0 0.000155861907598
146.5 0.000254663999617
147.0 0.000365637766579
147.5 0.000480145665371
148.0 0.000588253863655
148.5 0.000606796249226
149.0 0.000538243201576
149.5 0.000671458360228
150.0 0.00066215386902
150.5 0.000802147289241
151.0 0.000879901690888
151.5 0.00101594984594
152.0 0.000876158283446
152.5 0.000934278481449
153.0 0.000925839200571
153.5 0.000928466561335
154.0 0.00119041122353
154.5 0.00130184260264
155.0 0.00147731606428
155.5 0.00116628142308
156.0 0.00110556190343
156.5 0.00157290407164
157.0 0.00160765688845
157.5 0.00145253091337
158.0 0.00151164311981
158.5 0.00175471227863
159.0 0.00185266932442
159.5 0.00198893458501
160.0 0.00193180176292
160.5 0.00182586542387
161.0 0.00162582851727
161.5 0.00202766611493
162.0 0.00203091786041
162.5 0.00211168149389
163.0 0.00214328297488
163.5 0.00222995795009
164.0 0.00240671400039
164.5 0.00226811556355
165.0 0.00238669818588
165.5 0.00255617256028
166.0 0.0022621592158
166.5 0.00267997401134
167.0 0.00291497620154
167.5 0.00321547331343
168.0 0.00355290925742
168.5 0.00380778752362
169.0 0.00383984415255
169.5 0.00389716111555
170.0 0.00398842315597
170.5 0.00400388966622
171.0 0.00424632442937
171.5 0.00391437570391
172.0 0.00415491469337
172.5 0.00463578476416
173.0 0.00497748475443
173.5 0.00516397895979
174.0 0.00535484858953
174.5 0.00546902431203
175.0 0.00569980955419
175.5 0.00560377786564
176.0 0.00599764594682
176.5 0.00496170532126
177.0 0.00527658167384
177.5 0.00715217011742
178.0 0.0041537754277
178.5 0.00427352432669
179.0 -0.00219282963914
179.5 -0.00466132251687
180.0 -0.00372770491387
180.5 -0.00524940052448
181.0 -0.0030747938537
181.5 2.25494460437e-07
182.0 0.00237772103918
182.5 0.00409326464383
183.0 0.00337965394867
183.5 0.00343898425727
184.0 0.00310234426384
184.5 0.00307362308479
185.0 0.00376405458587
185.5 0.00317069744507
186.0 0.00309450326672
186.5 0.00293369924064
187.0 0.00262824708811
187.5 0.0024442891381
188.0 0.00220486731615
188.5 0.00185752658729
189.0 0.00150281539419
189.5 0.00123801739589
190.0 0.0012089606828
190.5 0.000743309169223
191.0 0.000536508715257
191.5 0.000205274979834
192.0 -0.000193996962366
192.5 -0.000443384524274
193.0 -0.00095027135815
193.5 -0.00147396713945
194.0 -0.001974806418
194.5 -0.00263488033883
195.0 -0.00369133446212
195.5 -0.00498547077883
196.0 -0.00575441969561
196.5 -0.00691423277834
197.0 -0.0084207048108
197.5 -0.00945676033592
198.0 -0.0122803841163
198.5 -0.0169439289286
199.0 -0.0272390179673
199.5 -0.0432371154022
