0.0 0.00161157829713
0.5 0.0220819626958
1.0 0.0214459066009
1.5 0.0161584679148
2.0 0.0133663289846
2.5 0.010595090763
3.0 0.00953690925848
3.5 0.00842706038672
4.0 0.00747700113929
4.5 0.00665386365545
5.0 0.00582333801004
5.5 0.0052279242802
6.0 0.00462583268696
6.5 0.00407479306022
7.0 0.00362092522909
7.5 0.00310278599462
8.0 0.00269337516267
8.5 0.00228596134857
9.0 0.00192014180551
9.5 0.0015771674006
10.0 0.00106085087297
10.5 0.000729026860297
11.0 0.000376749721605
11.5 5.28903636248e-05
12.0 -0.000307272979981
12.5 -0.000647042676642
13.0 -0.000978111147569
13.5 -0.00131655072141
14.0 -0.00164834848783
14.5 -0.00195236607256
15.0 -0.00234617508297
15.5 -0.00269579086563
16.0 -0.00303326662606
16.5 -0.00335691144141
17.0 -0.00370896486033
17.5 -0.00408195148822
18.0 -0.00443504777033
18.5 -0.00481379353879
19.0 -0.0051720390209
19.5 -0.00554090222935
20.0 -0.00590266505603
20.5 -0.00628355737096
21.0 -0.00665497886551
21.5 -0.00701140766626
22.0 -0.00738455903508
22.5 -0.00776456751541
23.0 -0.00818489966214
23.5 -0.0085639145485
24.0 -0.00894603273185
24.5 -0.00936811940745
25.0 -0.00974726770248
25.5 -0.0101362804518
26.0 -0.0105355940777
26.5 -0.0109332857282
27.0 -0.0113412264939
27.5 -0.0117187175518
28.0 -0.0121197275897
28.5 -0.0125453063781
29.0 -0.0129377182896
29.5 -0.0133470607888
30.0 -0.013742197001
30.5 -0.0141356211206
31.0 -0.0145213943443
31.5 -0.0148910270321
32.0 -0.0152687548655
32.5 -0.0156493263329
33.0 -0.0160268440285
33.5 -0.0163764154314
34.0 -0.0167550417276
34.5 -0.0171106870208
35.0 -0.0174486852609
35.5 -0.0177834351422
36.0 -0.0181143156489
36.5 -0.0184367801174
37.0 -0.0187475865048
37.5 -0.0190426375937
38.0 -0.0193191691117
38.5 -0.0195842639494
39.0 -0.0198460307118
39.5 -0.020109303072
40.0 -0.0203230611388
40.5 -0.0205423764346
41.0 -0.0207519371794
41.5 -0.020957846575
42.0 -0.0211235482538
42.5 -0.0212726603216
43.0 -0.0214232536222
43.5 -0.0215444413991
44.0 -0.0216601258431
44.5 -0.0217623102265
45.0 -0.021856388097
45.5 -0.0219196043564
46.0 -0.0219627738207
46.5 -0.022015442196
47.0 -0.0220389658782
47.5 -0.0220311130183
48.0 -0.0220337057504
48.5 -0.0219949696568
49.0 -0.021930796693
49.5 -0.0218889293264
50.0 -0.0218066457731
50.5 -0.021743551755
51.0 -0.0216350712658
51.5 -0.0215349091218
52.0 -0.0214004987978
52.5 -0.0212410621653
53.0 -0.0211061725732
53.5 -0.0209485255571
54.0 -0.0207841583027
54.5 -0.0206067130416
55.0 -0.0203850110076
55.5 -0.0201599852881
56.0 -0.0199558535326
56.5 -0.0197070931266
57.0 -0.0194766015531
57.5 -0.0192275565825
58.0 -0.0190015280549
58.5 -0.018749166554
59.0 -0.0184749049404
59.5 -0.0182224583701
60.0 -0.017954982041
60.5 -0.0176408756393
61.0 -0.0173518373343
61.5 -0.017063570993
62.0 -0.0168006608206
62.5 -0.0165114509514
63.0 -0.0162381255061
63.5 -0.0159368952314
64.0 -0.015621003369
64.5 -0.0153272558891
65.0 -0.0150213902912
65.5 -0.0147192776545
66.0 -0.0144083483438
66.5 -0.0140636875806
67.0 -0.0137700726417
67.5 -0.0134629992094
68.0 -0.0131672840024
68.5 -0.0128862486766
69.0 -0.0126110759973
69.5 -0.0123138660669
70.0 -0.0120059691358
70.5 -0.0117039962837
71.0 -0.011416730766
71.5 -0.0111457722444
72.0 -0.0108337390339
72.5 -0.010572106794
73.0 -0.0103316930913
73.5 -0.0100168073154
74.0 -0.00979628440702
74.5 -0.0095527261817
75.0 -0.00930362441897
75.5 -0.0090028709393
76.0 -0.008756215937
76.5 -0.00848922956456
77.0 -0.00826361693541
77.5 -0.00801457939714
78.0 -0.00773848247927
78.5 -0.00754216553394
79.0 -0.00732793443391
79.5 -0.00711020972187
80.0 -0.00691031167643
80.5 -0.00672206945629
81.0 -0.00650046897948
81.5 -0.00636191292894
82.0 -0.00613111980948
82.5 -0.00588598478697
83.0 -0.00571371812075
83.5 -0.00555060204417
84.0 -0.00542622633733
84.5 -0.00529992941405
85.0 -0.00506259079017
85.5 -0.00493391464353
86.0 -0.00474448643544
86.5 -0.00460034190899
87.0 -0.00446886444794
87.5 -0.00431423745153
88.0 -0.00421301176283
88.5 -0.00408774578283
89.0 -0.00393175081829
89.5 -0.00382163020284
90.0 -0.00368253624451
90.5 -0.00359760695743
91.0 -0.00349347111424
91.5 -0.00337403365224
92.0 -0.00332809171704
92.5 -0.00323960247499
93.0 -0.00311507171219
93.5 -0.00301381078626
94.0 -0.00289124779709
94.5 -0.00276849842847
95.0 -0.00273773680359
95.5 -0.0027500413451
96.0 -0.00282290544996
96.5 -0.00266861225422
97.0 -0.0025518528614
97.5 -0.00247568658804
98.0 -0.00243301667908
98.5 -0.00243886784967
99.0 -0.00240679286731
99.5 -0.00238536999409
100.0 -0.00231312411823
100.5 -0.00232747802847
101.0 -0.00235921167433
101.5 -0.00241639616117
102.0 -0.00242687974329
102.5 -0.00250465902618
103.0 -0.00247353563982
103.5 -0.00240341201341
104.0 -0.00232291331864
104.5 -0.0021856829084
105.0 -0.00231788884315
105.5 -0.0024378141316
106.0 -0.00251449382633
106.5 -0.00252033142822
107.0 -0.00256458953289
107.5 -0.00273916738864
108.0 -0.00291074137749
108.5 -0.00305213922719
109.0 -0.00305260360509
109.5 -0.00279658723047
110.0 -0.00316741278863
110.5 -0.0033168228646
111.0 -0.00326974465228
111.5 -0.00349893166432
112.0 -0.00357011596365
112.5 -0.00372237710049
113.0 -0.00387670027365
113.5 -0.00420768270641
114.0 -0.00410368473953
114.5 -0.00385026742282
115.0 -0.00467923273635
115.5 -0.00477877761566
116.0 -0.00436664102875
116.5 -0.00498118644057
117.0 -0.00587922316272
117.5 -0.00691260598741
118.0 -0.0072735532417
118.5 -0.00512556481222
119.0 0.000769879409035
119.5 0.00920732483912
120.0 0.0080377500246
120.5 0.00572119323002
121.0 0.00302193188568
121.5 -0.00147766216726
122.0 -0.00124570534976
122.5 -0.0042743641372
123.0 -0.0038526473985
123.5 -0.00345706349056
124.0 -0.00302573018027
124.5 -0.00281215971678
125.0 -0.00293333403785
125.5 -0.00264137359386
126.0 -0.00210331287839
126.5 -0.0036393214276
127.0 -0.00371767157854
127.5 -0.00304094523571
128.0 -0.00285349556188
128.5 -0.00302057910816
129.0 -0.00256416891766
129.5 -0.00269511065449
130.0 -0.00223198679675
130.5 -0.00178055893899
131.0 -0.00186519026616
131.5 -0.00202627020308
132.0 -0.0020135208453
132.5 -0.00193666271338
133.0 -0.00150477843
133.5 -0.000939911337674
134.0 -0.000901904104801
134.5 -0.00142788198175
135.0 -0.00137925065343
135.5 -0.00109115649001
136.0 -0.000976259748228
136.5 -0.000876181637192
137.0 -0.000718376924489
137.5 -0.000753409471038
138.0 -0.000619651074825
138.5 -0.000431438904624
139.0 -0.000279826228272
139.5 -0.000483391534903
140.0 -0.000249523496791
140.5 -0.000376106047991
141.0 -0.000242598410932
141.5 -0.000242272014436
142.0 -0.00011645151594
142.5 4.41561597508e-05
143.0 0.000144749069431
143.5 2.79338240148e-05
144.0 3.79443415834e-05
144.5 0.000312479621071
145.0 0.000266754015897
145.5 0.000530037301748
146.0 0.000326649542166
146.5 0.000395718410916
147.0 0.000474701928676
147.5 0.000438411769114
148.0 0.000673252766078
148.5 0.000856034925545
149.0 0.000660908187215
149.5 0.000861962278419
150.0 0.000693693676723
150.5 0.000987600833199
151.0 0.000778826145711
151.5 0.000742771644246
152.0 0.00108221267129
152.5 0.00130518690955
153.0 0.00121733795295
153.5 0.00108054342053
154.0 0.00116961148515
154.5 0.00131908857851
155.0 0.00141708291575
155.5 0.000994584724392
156.0 0.00147299304041
156.5 0.00166167982889
157.0 0.00163172903565
157.5 0.001463814348
158.0 0.00151686017548
158.5 0.00184711851693
159.0 0.00193021052207
159.5 0.00180316790627
160.0 0.00206253601773
160.5 0.00194114109919
161.0 0.00200653291347
161.5 0.00206814552589
162.0 0.00212976041145
162.5 0.00210005088913
163.0 0.00213249080134
163.5 0.00227197144859
164.0 0.00239873047234
164.5 0.0024521245747
165.0 0.00240888015193
165.5 0.00266826231177
166.0 0.00272902449474
166.5 0.00302497879741
167.0 0.00306412812987
167.5 0.00345834629942
168.0 0.00379359744802
168.5 0.00366370858915
169.0 0.0034404898715
169.5 0.00375708889754
170.0 0.00398434547045
170.5 0.00409813793392
171.0 0.00426449035213
171.5 0.00459719062555
172.0 0.00478348608122
172.5 0.00531167842121
173.0 0.00568784890089
173.5 0.00583022363905
174.0 0.00604725184026
174.5 0.00611208526668
175.0 0.00558209201934
175.5 0.00577196542065
176.0 0.00637474464949
176.5 0.00715642261531
177.0 0.00756283727968
177.5 0.00968841548173
178.0 0.00581029846802
178.5 0.00420306017205
179.0 -0.00350396256771
179.5 -0.00632888173836
180.0 -0.00433734501036
180.5 -0.00341992525456
181.0 -0.000201790899581
181.5 0.00102497252904
182.0 0.00243555231481
182.5 0.00355943467433
183.0 0.0028480568853
183.5 0.00280769838011
184.0 0.00233918188295
184.5 0.00208497409719
185.0 0.00205976424949
185.5 0.00192775079354
186.0 0.00204411006433
186.5 0.00197993336772
187.0 0.00196765587725
187.5 0.00173878525371
188.0 0.00144253465437
188.5 0.00131877159319
189.0 0.00106860494729
189.5 0.00081696990533
190.0 0.00071715405862
190.5 0.00034599681743
191.0 0.000135871129757
191.5 -0.000193494851146
192.0 -0.000447644620792
192.5 -0.00067960267603
193.0 -0.00128491751663
193.5 -0.00162182861018
194.0 -0.00231293244276
194.5 -0.00304104255545
195.0 -0.00371148417366
195.5 -0.0049843307384
196.0 -0.00591051791913
196.5 -0.00695358238137
197.0 -0.00783307525104
197.5 -0.00964607531684
198.0 -0.0138664514099
198.5 -0.018934948341
199.0 -0.0283289048303
199.5 -0.0439315985797
