0.0 0.00279155862174
0.5 0.0251138159458
1.0 0.0253828648547
1.5 0.020302536861
2.0 0.0172829601233
2.5 0.0147091926046
3.0 0.0133237802488
3.5 0.0121493688439
4.0 0.011200867128
4.5 0.0104680828298
5.0 0.00938087916946
5.5 0.00888862345475
6.0 0.00840027237689
6.5 0.00795938346042
7.0 0.00760915184694
7.5 0.00720943711702
8.0 0.00684641632872
8.5 0.00637986941197
9.0 0.00615444135691
9.5 0.00589286089171
10.0 0.0056239395129
10.5 0.00527963529576
11.0 0.00500826661983
11.5 0.00476771199958
12.0 0.00450859403224
12.5 0.00426723282841
13.0 0.00403260289818
13.5 0.00378261216247
14.0 0.00346981281323
14.5 0.00327177832134
15.0 0.00305957890746
15.5 0.00274813187042
16.0 0.002516493301
16.5 0.00227262120432
17.0 0.00203946987145
17.5 0.00178195438953
18.0 0.00151246202401
18.5 0.00123834395292
19.0 0.000990235714347
19.5 0.000731562818935
20.0 0.000433345097457
20.5 0.000149117466894
21.0 -0.000126342209222
21.5 -0.000407397984088
22.0 -0.000700304233238
22.5 -0.000989795338239
23.0 -0.00132022999906
23.5 -0.00163811309664
24.0 -0.0019586642039
24.5 -0.00229644982184
25.0 -0.00263075370872
25.5 -0.00297081325402
26.0 -0.0033057567908
26.5 -0.00364775810049
27.0 -0.00401156185425
27.5 -0.00435227146199
28.0 -0.00471594865365
28.5 -0.00509256381178
29.0 -0.0054851829708
29.5 -0.00586890501307
30.0 -0.00624998322945
30.5 -0.00665455483847
31.0 -0.00705999912571
31.5 -0.00746472874553
32.0 -0.0078898364528
32.5 -0.00829975723667
33.0 -0.0087223660492
33.5 -0.00916891133721
34.0 -0.00959478412316
34.5 -0.0100451592534
35.0 -0.0104992923434
35.5 -0.0109370976146
36.0 -0.011393474841
36.5 -0.0118493347273
37.0 -0.0122950836451
37.5 -0.0127558443124
38.0 -0.0132254945171
38.5 -0.0136738056039
39.0 -0.014131357933
39.5 -0.0146043697998
40.0 -0.0150578837108
40.5 -0.0155385432614
41.0 -0.0159839333966
41.5 -0.0164346403332
42.0 -0.0168951613816
42.5 -0.0173537989597
43.0 -0.0178023453586
43.5 -0.0182453344936
44.0 -0.0186914979537
44.5 -0.0191095960997
45.0 -0.0195400044197
45.5 -0.0199503023283
46.0 -0.0203410449171
46.5 -0.0207643097245
47.0 -0.0211665461295
47.5 -0.0215430179397
48.0 -0.0219408583671
48.5 -0.0223087648936
49.0 -0.0226635462022
49.5 -0.0230226348542
50.0 -0.023292702831
50.5 -0.0236203378983
51.0 -0.0239329161712
51.5 -0.0241957898688
52.0 -0.024461078837
52.5 -0.0246992807811
53.0 -0.0249546929166
53.5 -0.025167381168
54.0 -0.0253358201036
54.5 -0.0255377081129
55.0 -0.0256881495864
55.5 -0.0258190894697
56.0 -0.0259362764706
56.5 -0.0260258046498
57.0 -0.0260972487855
57.5 -0.0261454428622
58.0 -0.0262088269501
58.5 -0.0262401016139
59.0 -0.026230860157
59.5 -0.0261929350949
60.0 -0.0261649926932
60.5 -0.02611449978
61.0 -0.0260179194313
61.5 -0.0259183532976
62.0 -0.0258226758523
62.5 -0.0256811607724
63.0 -0.0255494500982
63.5 -0.0253828627607
64.0 -0.0251900804038
64.5 -0.025001797184
65.0 -0.0247465219832
65.5 -0.0245389234212
66.0 -0.0242673261532
66.5 -0.0239981920792
67.0 -0.0237371124627
67.5 -0.023459783816
68.0 -0.0231272769061
68.5 -0.0228343665704
69.0 -0.0225203636343
69.5 -0.0222073205432
70.0 -0.0218733934203
70.5 -0.0215026802064
71.0 -0.0211308026818
71.5 -0.0207682169118
72.0 -0.0204048484011
72.5 -0.0200138171255
73.0 -0.0196658176683
73.5 -0.0193197422178
74.0 -0.018942155433
74.5 -0.0185610240017
75.0 -0.0181780054725
75.5 -0.0177927984421
76.0 -0.0173791692953
76.5 -0.0169799499101
77.0 -0.0165961631354
77.5 -0.0162231845648
78.0 -0.0158324897113
78.5 -0.015480659575
79.0 -0.015126304321
79.5 -0.0147768994508
80.0 -0.0143380037414
80.5 -0.014007543554
81.0 -0.0136429249047
81.5 -0.0133144666098
82.0 -0.0129399262991
82.5 -0.0125521253814
83.0 -0.0122407492908
83.5 -0.0119087109442
84.0 -0.0115985197898
84.5 -0.0112326197871
85.0 -0.01093223173
85.5 -0.0106617930525
86.0 -0.0103454863602
86.5 -0.0100602763378
87.0 -0.00975721794048
87.5 -0.00941978092031
88.0 -0.00916575409212
88.5 -0.00889732202844
89.0 -0.00867170526491
89.5 -0.00845615680129
90.0 -0.0080962369913
90.5 -0.00791956351464
91.0 -0.0076982952842
91.5 -0.00754041504895
92.0 -0.0072837605732
92.5 -0.00697900434735
93.0 -0.00677850387532
93.5 -0.00667360817798
94.0 -0.0065205066957
94.5 -0.00632368101554
95.0 -0.00603962887894
95.5 -0.00599035694786
96.0 -0.00575274470317
96.5 -0.00557625991411
97.0 -0.00552749969647
97.5 -0.00534314456032
98.0 -0.00517373834704
98.5 -0.00512518560441
99.0 -0.0049501033318
99.5 -0.0049702144123
100.0 -0.00483394656148
100.5 -0.00451675356468
101.0 -0.00443844955528
101.5 -0.00429266690946
102.0 -0.00421758433267
102.5 -0.00423955223914
103.0 -0.00417351354623
103.5 -0.00412223263302
104.0 -0.00409406822002
104.5 -0.00412270400955
105.0 -0.00414801547299
105.5 -0.00392986819745
106.0 -0.00403137484987
106.5 -0.0043291033703
107.0 -0.00413043043824
107.5 -0.00387233486051
108.0 -0.00396080362456
108.5 -0.0040817275775
109.0 -0.00393329884602
109.5 -0.00416476342431
110.0 -0.00431875020786
110.5 -0.00447856184027
111.0 -0.00431705742499
111.5 -0.00439519915268
112.0 -0.00449164463948
112.5 -0.00466741289604
113.0 -0.00484214372347
113.5 -0.00508912024961
114.0 -0.00471894091746
114.5 -0.00426735967233
115.0 -0.00447147213083
115.5 -0.00409848584395
116.0 -0.00411974915268
116.5 -0.00423879155591
117.0 -0.00459804516987
117.5 -0.00433833690624
118.0 -0.00330457429112
118.5 -0.000175192639233
119.0 0.00352993456508
119.5 0.00820795039861
120.0 0.005943072061
120.5 0.002277813519
121.0 -0.000391145700178
121.5 -0.00216738351246
122.0 -0.00477759464455
122.5 -0.00580631094404
123.0 -0.00393269696995
123.5 -0.0037969216111
124.0 -0.00426662758977
124.5 -0.00372591946977
125.0 -0.003623160443
125.5 -0.00320305760876
126.0 -0.0039151060154
126.5 -0.00378592820437
127.0 -0.00402979520568
127.5 -0.00383966568386
128.0 -0.00330322991364
128.5 -0.00330265083149
129.0 -0.00320565078133
129.5 -0.002706513806
130.0 -0.00285883973706
130.5 -0.00239392972012
131.0 -0.00268397586968
131.5 -0.00214482561294
132.0 -0.00216296037787
132.5 -0.00195856110285
133.0 -0.00173648934846
133.5 -0.0016919599481
134.0 -0.00144931468845
134.5 -0.00155495659758
135.0 -0.00139396305796
135.5 -0.00105433745625
136.0 -0.00122565076935
136.5 -0.00110444239597
137.0 -0.000783804552242
137.5 -0.000795387529198
138.0 -0.000732603403524
138.5 -0.000630242256864
139.0 -0.000458072290218
139.5 -0.000584887153931
140.0 -0.000641243280558
140.5 -0.000313808119259
141.0 -0.000204625033039
141.5 -0.000278319596735
142.0 -2.43372190418e-05
142.5 -9.09335781074e-06
143.0 0.000113816686953
143.5 0.000167552705001
144.0 -2.02281328932e-06
144.5 0.000213782569491
145.0 0.000172729137743
145.5 0.00038929203271
146.0 0.000310117255217
146.5 0.000456101027946
147.0 0.000442709399085
147.5 0.000509094606715
148.0 0.000660153968344
148.5 0.000723738477111
149.0 0.000695491852703
149.5 0.00083669580711
150.0 0.000769033913888
150.5 0.000887464187508
151.0 0.00104494456581
151.5 0.00105596775717
152.0 0.00102885361472
152.5 0.00109937948171
153.0 0.00132782460149
153.5 0.00133670365747
154.0 0.00114115900669
154.5 0.00132685068072
155.0 0.00134063467479
155.5 0.00155077289829
156.0 0.00160683666503
156.5 0.00163829604857
157.0 0.00193124379074
157.5 0.00188331007545
158.0 0.00180942070686
158.5 0.00189181289318
159.0 0.00182982033673
159.5 0.001908199591
160.0 0.00206698307917
160.5 0.00189931333569
161.0 0.0020310172469
161.5 0.00197929151228
162.0 0.00201134056135
162.5 0.00219243979107
163.0 0.00238776710444
163.5 0.00242354783985
164.0 0.00239110894991
164.5 0.0026464489708
165.0 0.00294223918195
165.5 0.00304006322583
166.0 0.00313805398165
166.5 0.00335757087041
167.0 0.00336990256536
167.5 0.00368529560122
168.0 0.00374599368281
168.5 0.00372174079687
169.0 0.00398675479652
169.5 0.00419513020865
170.0 0.00436720601778
170.5 0.00457373243189
171.0 0.00475080549073
171.5 0.00497973985584
172.0 0.00458747343092
172.5 0.00491937413678
173.0 0.00544830197626
173.5 0.00576431070395
174.0 0.00585711341508
174.5 0.00578488003654
175.0 0.00581427865131
175.5 0.0054699880662
176.0 0.00580011838649
176.5 0.00610904152032
177.0 0.0064030089529
177.5 0.00823386784037
178.0 0.00455356001805
178.5 0.00385760471616
179.0 -0.00267231901059
179.5 -0.0049384998289
180.0 -0.00295702808538
180.5 -0.00250829459927
181.0 -0.000288000347055
181.5 -0.000224055310994
182.0 0.00118978891332
182.5 0.00173722254551
183.0 0.00182019396667
183.5 0.00194778140656
184.0 0.00169033177143
184.5 0.00167578908577
185.0 0.00169313031941
185.5 0.00136920685075
186.0 0.00217130323688
186.5 0.00197770853318
187.0 0.0017867414945
187.5 0.00161244157725
188.0 0.00136357177708
188.5 0.00122219708754
189.0 0.000918205518445
189.5 0.00079361766106
190.0 0.000491550253344
190.5 6.29435591435e-05
191.0 -0.000159206990844
191.5 -0.000494502233039
192.0 -0.000802214128427
192.5 -0.00102271271626
193.0 -0.00160065153045
193.5 -0.00195008768468
194.0 -0.0026584909927
194.5 -0.00338869575312
195.0 -0.00405743267453
195.5 -0.00534374615113
196.0 -0.00631691477162
196.5 -0.00752682350955
197.0 -0.00904803771155
197.5 -0.0101641569995
198.0 -0.0131966023975
198.5 -0.0183870407082
199.0 -0.0289279540837
199.5 -0.0453666072247
