0.0 0.00288900744451
0.5 0.0252024173882
1.0 0.025464360803
1.5 0.0201507089195
2.0 0.0171229287278
2.5 0.0146824488382
3.0 0.0133766522892
3.5 0.0122388428821
4.0 0.0113273279356
4.5 0.0101894728977
5.0 0.00954279520073
5.5 0.00903625321997
6.0 0.00847644805414
6.5 0.00798462064929
7.0 0.00759471148568
7.5 0.00716068598616
8.0 0.00680828802622
8.5 0.00644448596171
9.0 0.00613634630047
9.5 0.00583448642329
10.0 0.00553889078866
10.5 0.00517843845329
11.0 0.00489307114703
11.5 0.00464137976368
12.0 0.00437942981438
12.5 0.00409770257239
13.0 0.00382309161693
13.5 0.0035607065427
14.0 0.00329923673434
14.5 0.00304327173948
15.0 0.00279028304134
15.5 0.00251565924401
16.0 0.00225422128547
16.5 0.00200935961454
17.0 0.00175969884683
17.5 0.00147642080807
18.0 0.00114958861787
18.5 0.000885149177773
19.0 0.000606303186753
19.5 0.000293806544859
20.0 3.4786724612e-07
20.5 -0.000304672474066
21.0 -0.000608273782256
21.5 -0.000894072396208
22.0 -0.0012085077813
22.5 -0.00153808677591
23.0 -0.00185019150532
23.5 -0.00218834407909
24.0 -0.00254226757193
24.5 -0.00288958939854
25.0 -0.00322287343092
25.5 -0.00358631908953
26.0 -0.00395145209156
26.5 -0.0043102475142
27.0 -0.0046777257743
27.5 -0.00503779097176
28.0 -0.00541587067852
28.5 -0.00580543087698
29.0 -0.00621246745687
29.5 -0.00661091743369
30.0 -0.00700572899411
30.5 -0.00741172467154
31.0 -0.00783251854317
31.5 -0.00824212782348
32.0 -0.00865031185998
32.5 -0.00907043364479
33.0 -0.00950237732013
33.5 -0.00994865021668
34.0 -0.0103628329066
34.5 -0.0108121675136
35.0 -0.0112557306706
35.5 -0.0117003406512
36.0 -0.0121478465546
36.5 -0.0125908554929
37.0 -0.013035222723
37.5 -0.0134816611136
38.0 -0.0139259202621
38.5 -0.014378654676
39.0 -0.0148066900986
39.5 -0.0152532169965
40.0 -0.0157070170927
40.5 -0.016135043391
41.0 -0.0165636630871
41.5 -0.0170047257049
42.0 -0.0174439575213
42.5 -0.0178656721673
43.0 -0.018271391659
43.5 -0.0186776810066
44.0 -0.0190820091006
44.5 -0.0194895114509
45.0 -0.0198772610842
45.5 -0.0202835900911
46.0 -0.0206703234488
46.5 -0.0210189568182
47.0 -0.0213850724992
47.5 -0.0217310800524
48.0 -0.0220646401268
48.5 -0.0223789574858
49.0 -0.0227119472459
49.5 -0.0230129349826
50.0 -0.0232761535204
50.5 -0.0235565724964
51.0 -0.0238289397132
51.5 -0.024061571629
52.0 -0.0242999417896
52.5 -0.0245145403253
53.0 -0.0247227590035
53.5 -0.0249066902596
54.0 -0.0250847782665
54.5 -0.0252526775542
55.0 -0.0253726461331
55.5 -0.0254856048637
56.0 -0.0255670407829
56.5 -0.0256478310003
57.0 -0.0257291890625
57.5 -0.0257719068463
58.0 -0.0258243502065
58.5 -0.025835039156
59.0 -0.0257956977768
59.5 -0.0258098260464
60.0 -0.0257647925866
60.5 -0.02567493538
61.0 -0.0255917323977
61.5 -0.0254965255968
62.0 -0.0254065559929
62.5 -0.0252498205367
63.0 -0.0251048614978
63.5 -0.0249573651204
64.0 -0.0247709624893
64.5 -0.0245844720317
65.0 -0.0243683098833
65.5 -0.0241538997151
66.0 -0.0238725603316
66.5 -0.0236305069816
67.0 -0.0233547698573
67.5 -0.0231113414589
68.0 -0.0228210222925
68.5 -0.0225255063607
69.0 -0.0222252704088
69.5 -0.0219248028998
70.0 -0.0216009464613
70.5 -0.0212578268203
71.0 -0.0208654834766
71.5 -0.0205317832765
72.0 -0.0201613947804
72.5 -0.0198224444747
73.0 -0.01946318057
73.5 -0.0190848724091
74.0 -0.0187396661679
74.5 -0.0183868803384
75.0 -0.0180116117793
75.5 -0.0176364078355
76.0 -0.0172397594841
76.5 -0.0168452981114
77.0 -0.0164859096005
77.5 -0.016102664074
78.0 -0.0156962898429
78.5 -0.0153807930423
79.0 -0.0150512932971
79.5 -0.0147028959988
80.0 -0.0142658322655
80.5 -0.0139387074446
81.0 -0.0135777526347
81.5 -0.0132468774556
82.0 -0.012911877946
82.5 -0.0125529066432
83.0 -0.0121670871975
83.5 -0.0118503339707
84.0 -0.0115458383682
84.5 -0.0112752536959
85.0 -0.0108810576809
85.5 -0.0106028036698
86.0 -0.0102921044627
86.5 -0.0100236546893
87.0 -0.00977423790506
87.5 -0.0094381103204
88.0 -0.00915684643876
88.5 -0.00891805177165
89.0 -0.00862829299864
89.5 -0.00841021535283
90.0 -0.00816626390835
90.5 -0.00797577788651
91.0 -0.00774762879485
91.5 -0.00749541604348
92.0 -0.00727794123359
92.5 -0.00709187219255
93.0 -0.00695211802159
93.5 -0.00677394544604
94.0 -0.00649549780783
94.5 -0.00627689265258
95.0 -0.00611715141434
95.5 -0.00590553578352
96.0 -0.00589100763949
96.5 -0.00566271516781
97.0 -0.00564412035388
97.5 -0.00558512125212
98.0 -0.00536929882797
98.5 -0.00514661890296
99.0 -0.00496310039893
99.5 -0.00505143999677
100.0 -0.00470864429087
100.5 -0.00462091874255
101.0 -0.00468933187638
101.5 -0.004733921427
102.0 -0.00470927200887
102.5 -0.00459790360939
103.0 -0.00441780590464
103.5 -0.0043740184049
104.0 -0.00440316173013
104.5 -0.00444235969809
105.0 -0.00416907279234
105.5 -0.00425545718485
106.0 -0.00430788645647
106.5 -0.00430259754085
107.0 -0.00408921779764
107.5 -0.00418123075107
108.0 -0.00448469847287
108.5 -0.00454698673123
109.0 -0.0043986538958
109.5 -0.00446502934195
110.0 -0.00448938709169
110.5 -0.00425327212243
111.0 -0.00465878352362
111.5 -0.00509551107881
112.0 -0.00503444746609
112.5 -0.00513819549604
113.0 -0.00510689232422
113.5 -0.00515778274055
114.0 -0.00516204858518
114.5 -0.00516665763757
115.0 -0.0053050111479
115.5 -0.00528134929135
116.0 -0.00542805817469
116.5 -0.00487311267281
117.0 -0.00468198193023
117.5 -0.0062295088502
118.0 -0.00364794962817
118.5 -0.00148732947244
119.0 0.00192173695299
119.5 0.00707755619644
120.0 0.00506165161717
120.5 0.00428508426462
121.0 0.00195011003585
121.5 -0.0010215223822
122.0 -0.00292835380887
122.5 -0.00327870596256
123.0 -0.00422815285134
123.5 -0.00407061495717
124.0 -0.00379982020276
124.5 -0.00410820612132
125.0 -0.0039145701266
125.5 -0.00351046708762
126.0 -0.00287378164116
126.5 -0.00410763729063
127.0 -0.0037175412609
127.5 -0.00309363611964
128.0 -0.00324906113596
128.5 -0.00347448484521
129.0 -0.00278775614674
129.5 -0.00273487676065
130.0 -0.0022847437729
130.5 -0.00197749938506
131.0 -0.00225476928597
131.5 -0.00194347233074
132.0 -0.00211790978944
132.5 -0.00176753297035
133.0 -0.00126544187326
133.5 -0.00124778809316
134.0 -0.00104758115268
134.5 -0.00105324794645
135.0 -0.00141948684907
135.5 -0.000978313625602
136.0 -0.00105226527401
136.5 -0.000888564249554
137.0 -0.000836271443656
137.5 -0.000801293175869
138.0 -0.000613233713523
138.5 -0.000612919625684
139.0 -0.000464720777238
139.5 -0.00037619768775
140.0 -0.000307152087519
140.5 -0.000180732179487
141.0 -0.000210162758108
141.5 -9.26580419112e-05
142.0 -3.34436132157e-05
142.5 -4.41528521709e-05
143.0 0.000137091514427
143.5 0.000193617210154
144.0 9.84987021777e-05
144.5 0.000319486036517
145.0 0.000419195919571
145.5 0.000292716917673
146.0 0.000371473539691
146.5 0.000482435641993
147.0 0.00047556584257
147.5 0.000596774413701
148.0 0.00066500323669
148.5 0.000705910438808
149.0 0.000766538565862
149.5 0.00068795620382
150.0 0.000763638177172
150.5 0.000831731060301
151.0 0.000968677915442
151.5 0.00109232260078
152.0 0.00101285481766
152.5 0.00103830811113
153.0 0.00119532622288
153.5 0.00122871339228
154.0 0.00111969828375
154.5 0.00116932412464
155.0 0.00146170807574
155.5 0.0013957736398
156.0 0.00137160019066
156.5 0.00145476189986
157.0 0.00172600136925
157.5 0.00180484691608
158.0 0.00175099548319
158.5 0.00176189361634
159.0 0.00177469223985
159.5 0.00197453933854
160.0 0.00217318496282
160.5 0.00227529802933
161.0 0.00210318349717
161.5 0.0023185834367
162.0 0.00246754097314
162.5 0.00270658291874
163.0 0.00286982591096
163.5 0.00278285593181
164.0 0.00263512980934
164.5 0.002881271928
165.0 0.00320565477917
165.5 0.00326830599436
166.0 0.00283965725074
166.5 0.0032087293874
167.0 0.00331656309296
167.5 0.00353334241002
168.0 0.0038944555431
168.5 0.00426585024146
169.0 0.00418759977058
169.5 0.00398859501768
170.0 0.0045144263341
170.5 0.00466766045454
171.0 0.00488984773628
171.5 0.00469428506608
172.0 0.00508324533712
172.5 0.00561620646364
173.0 0.00593057291677
173.5 0.00623802865658
174.0 0.00650848090585
174.5 0.00653638731546
175.0 0.00592618440014
175.5 0.00590510305811
176.0 0.00603520727391
176.5 0.00599360742102
177.0 0.00578052726921
177.5 0.00674880861257
178.0 0.00267837501247
178.5 0.00158437346683
179.0 -0.00276773026059
179.5 -0.00439710503039
180.0 -0.00385399448631
180.5 -0.00431042076043
181.0 -0.00128081817057
181.5 0.00089124777017
182.0 0.000639633615691
182.5 0.000936273053341
183.0 0.000557651215615
183.5 0.00111488117379
184.0 0.00134329878613
184.5 0.00199500587836
185.0 0.0017563272616
185.5 0.00149905564665
186.0 0.00159989141672
186.5 0.00143254381638
187.0 0.00173138669213
187.5 0.00145880317092
188.0 0.00099881284207
188.5 0.000843255497585
189.0 0.000420120320797
189.5 0.000110823259675
190.0 2.55745744511e-05
190.5 -0.000503318708184
191.0 -0.000766393181735
191.5 -0.00114110760359
192.0 -0.00158764954108
192.5 -0.00193494593148
193.0 -0.00255827620163
193.5 -0.00293538670152
194.0 -0.0038335509396
194.5 -0.00499592066346
195.0 -0.00580393470128
195.5 -0.00739226994287
196.0 -0.00875427609442
196.5 -0.0104459236212
197.0 -0.0126957717797
197.5 -0.0149163944482
198.0 -0.0201969000535
198.5 -0.0276436130495
199.0 -0.0425665998378
199.5 -0.0666407357915
