0.0 0.00259255601531
0.5 0.0248179036042
1.0 0.0248742013672
1.5 0.0196478259732
2.0 0.0165503950857
2.5 0.0140577804157
3.0 0.0127502509203
3.5 0.011647918876
4.0 0.0106468979204
4.5 0.00983890743313
5.0 0.00869967014707
5.5 0.00821647299729
6.0 0.00768015214536
6.5 0.00717339467509
7.0 0.00680673275475
7.5 0.00636345156568
8.0 0.00598950280831
8.5 0.00560429550686
9.0 0.00528064408628
9.5 0.00496701278102
10.0 0.00463111966714
10.5 0.0043387921508
11.0 0.00405012722108
11.5 0.00373023360111
12.0 0.00341048581114
12.5 0.00316172582859
13.0 0.00289355262348
13.5 0.00260837315945
14.0 0.00232910727537
14.5 0.00206087990658
15.0 0.00179037386456
15.5 0.00149171183641
16.0 0.0012138662507
16.5 0.000955606715998
17.0 0.00067653943591
17.5 0.000381938326324
18.0 7.30421717314e-05
18.5 -0.000234084998286
19.0 -0.000561656454401
19.5 -0.000864848508139
20.0 -0.00117551561561
20.5 -0.00149523211037
21.0 -0.00180186372119
21.5 -0.00212622834568
22.0 -0.00245616993445
22.5 -0.002777574336
23.0 -0.00311990245343
23.5 -0.00347859294752
24.0 -0.0038622561284
24.5 -0.0042315052531
25.0 -0.00458765778784
25.5 -0.00496578237529
26.0 -0.00535411299479
26.5 -0.0057373079761
27.0 -0.00612644865049
27.5 -0.0065281834302
28.0 -0.00691531749088
28.5 -0.0073337572903
29.0 -0.00775681872722
29.5 -0.00819678114466
30.0 -0.00862375026787
30.5 -0.0090728647381
31.0 -0.00951832673236
31.5 -0.00994820181971
32.0 -0.0103958709536
32.5 -0.01084588645
33.0 -0.0113014608342
33.5 -0.0117716906549
34.0 -0.0122273132489
34.5 -0.0127081597846
35.0 -0.0131925418071
35.5 -0.0136460686064
36.0 -0.0141157874833
36.5 -0.0145841995525
37.0 -0.0150495387565
37.5 -0.0155315116595
38.0 -0.0160162997659
38.5 -0.0164803850695
39.0 -0.0169604711801
39.5 -0.0174375382374
40.0 -0.0179018486153
40.5 -0.0183506475816
41.0 -0.0187923286319
41.5 -0.0192519677319
42.0 -0.0196894830239
42.5 -0.0201270563958
43.0 -0.0205696064901
43.5 -0.0209703204827
44.0 -0.0213767836681
44.5 -0.0217860408987
45.0 -0.0221379789513
45.5 -0.0225313371297
46.0 -0.0229022389623
46.5 -0.0232697151955
47.0 -0.0236047934634
47.5 -0.0239084497979
48.0 -0.0242256061725
48.5 -0.0245113967
49.0 -0.0247994274293
49.5 -0.025080176511
50.0 -0.0252812270644
50.5 -0.0255009994668
51.0 -0.0256933402742
51.5 -0.0259048947756
52.0 -0.0260848062395
52.5 -0.0262013018061
53.0 -0.0263234390255
53.5 -0.026446850189
54.0 -0.026534365335
54.5 -0.0265880367986
55.0 -0.026586131526
55.5 -0.026615487854
56.0 -0.026642387422
56.5 -0.0266090184742
57.0 -0.0265692629531
57.5 -0.0265016683843
58.0 -0.0264415706113
58.5 -0.0263420761703
59.0 -0.0262084740398
59.5 -0.0260729888555
60.0 -0.0259125372479
60.5 -0.0257130813219
61.0 -0.0255035664967
61.5 -0.0252939362311
62.0 -0.0250675931449
62.5 -0.0248263006959
63.0 -0.0245730784284
63.5 -0.0243044405789
64.0 -0.0240246409059
64.5 -0.0237357579491
65.0 -0.0234149580843
65.5 -0.0231031222874
66.0 -0.022744074078
66.5 -0.0223912763538
67.0 -0.022055053384
67.5 -0.0217074963489
68.0 -0.0213108155459
68.5 -0.020960901609
69.0 -0.0206165535633
69.5 -0.0202511955039
70.0 -0.0198822052906
70.5 -0.0194411903326
71.0 -0.0190549083292
71.5 -0.0186756792912
72.0 -0.018247345946
72.5 -0.0178667631133
73.0 -0.0174865890905
73.5 -0.0170572854163
74.0 -0.0166900744123
74.5 -0.0163167383863
75.0 -0.0159324105978
75.5 -0.0155548357482
76.0 -0.0151636588536
76.5 -0.014787287654
77.0 -0.0143783588819
77.5 -0.0139917159102
78.0 -0.0136252465605
78.5 -0.0132903604409
79.0 -0.0129546790226
79.5 -0.0126064686463
80.0 -0.0122723844257
80.5 -0.0119357891735
81.0 -0.0115761777443
81.5 -0.0112950624441
82.0 -0.0109098181591
82.5 -0.0105426020086
83.0 -0.0102367763581
83.5 -0.00993314288109
84.0 -0.00963704121055
84.5 -0.00936149450202
85.0 -0.00907759090045
85.5 -0.00884149021403
86.0 -0.00859512408918
86.5 -0.00828814003488
87.0 -0.00800873044892
87.5 -0.00774562678808
88.0 -0.00755337976549
88.5 -0.00732791222297
89.0 -0.00706135827864
89.5 -0.00690397326813
90.0 -0.00666227298558
90.5 -0.0064871677205
91.0 -0.00631441516346
91.5 -0.00611024277967
92.0 -0.00592510973503
92.5 -0.0057611543819
93.0 -0.00564172136595
93.5 -0.00550861811267
94.0 -0.00522417200582
94.5 -0.00509093162032
95.0 -0.00497700597255
95.5 -0.0048014283765
96.0 -0.00468917127777
96.5 -0.00447502756029
97.0 -0.00437255879816
97.5 -0.00431970983558
98.0 -0.00420153962779
98.5 -0.004050416835
99.0 -0.00392776724932
99.5 -0.00386800310086
100.0 -0.00380512336488
100.5 -0.00374213023644
101.0 -0.00373872710875
101.5 -0.00375092731353
102.0 -0.00355136750954
102.5 -0.00351480661621
103.0 -0.00353809792188
103.5 -0.00354666419494
104.0 -0.00355373514203
104.5 -0.00357419709096
105.0 -0.00356342232305
105.5 -0.0036209425224
106.0 -0.00354429063881
106.5 -0.00347612566965
107.0 -0.00353032698904
107.5 -0.00369724279214
108.0 -0.00382236326617
108.5 -0.00385980652714
109.0 -0.0039181514147
109.5 -0.00395020218436
110.0 -0.00398275452775
110.5 -0.00368400046468
111.0 -0.00398087120019
111.5 -0.00447038879997
112.0 -0.00462048834153
112.5 -0.00481288957121
113.0 -0.00473076708944
113.5 -0.00471450695349
114.0 -0.00488739767303
114.5 -0.00513698685073
115.0 -0.00521311912939
115.5 -0.00507244308044
116.0 -0.00541557684046
116.5 -0.00588310231247
117.0 -0.00639828113322
117.5 -0.00686139143588
118.0 -0.00596576527451
118.5 -0.00299679585245
119.0 -6.68519600708e-05
119.5 0.00896822618813
120.0 0.0115729155002
120.5 0.00874643496569
121.0 0.00324797817538
121.5 -0.00109929595428
122.0 -0.00277624323581
122.5 -0.00291431974621
123.0 -0.00255147876362
123.5 -0.00334064822073
124.0 -0.00330805732408
124.5 -0.00347150850098
125.0 -0.00341832149701
125.5 -0.00323006378717
126.0 -0.00270432522032
126.5 -0.003644219943
127.0 -0.00375026532468
127.5 -0.00295735904756
128.0 -0.002481428389
128.5 -0.00275914071904
129.0 -0.00250794287812
129.5 -0.00194063773895
130.0 -0.00216378352518
130.5 -0.00178256966685
131.0 -0.00140431347972
131.5 -0.00163370251187
132.0 -0.00154418794379
132.5 -0.00110446912693
133.0 -0.001084152753
133.5 -0.00129492122689
134.0 -0.00101547679581
134.5 -0.000877633026768
135.0 -0.000798924187372
135.5 -0.000448280321926
136.0 -0.000621471384363
136.5 -0.000543024774746
137.0 -0.000237336979946
137.5 -0.000325616188139
138.0 -0.000235658196392
138.5 6.77004845855e-05
139.0 0.000170271519469
139.5 -0.000277945103289
140.0 -0.000100489678797
140.5 2.25422025366e-05
141.0 0.000237570467444
141.5 0.000287097107218
142.0 0.000512702496206
142.5 0.000448846294214
143.0 0.00055791409396
143.5 0.000655140489195
144.0 0.000491899489045
144.5 0.000676981262469
145.0 0.000704774070611
145.5 0.000737486090634
146.0 0.000813873733224
146.5 0.00109715892223
147.0 0.000908226104929
147.5 0.000878626855602
148.0 0.000990617714886
148.5 0.00104678688569
149.0 0.0010256132135
149.5 0.00100666495059
150.0 0.00110231610535
150.5 0.00131893633395
151.0 0.00127185654558
151.5 0.00153942285825
152.0 0.00132591547871
152.5 0.00126389455344
153.0 0.0014765230889
153.5 0.00157936446484
154.0 0.00154005362401
154.5 0.00166302566837
155.0 0.00171909079938
155.5 0.00180689225207
156.0 0.00196974923999
156.5 0.00189014482509
157.0 0.00203002531482
157.5 0.00202071024675
158.0 0.00206217246402
158.5 0.00226847706034
159.0 0.00222014900014
159.5 0.00204189188188
160.0 0.00227012608986
160.5 0.00244022826155
161.0 0.00247176159758
161.5 0.00260898631717
162.0 0.0026010693412
162.5 0.00275200843763
163.0 0.00261859812148
163.5 0.00250208918916
164.0 0.00270520884826
164.5 0.00281938546053
165.0 0.00305549076621
165.5 0.00312919708487
166.0 0.00331638644082
166.5 0.00345432223799
167.0 0.00336826729984
167.5 0.0035141651845
168.0 0.00354378520795
168.5 0.00364539184282
169.0 0.00404442152199
169.5 0.00438734527068
170.0 0.00451838278516
170.5 0.00450912805252
171.0 0.00466426437927
171.5 0.00493112392481
172.0 0.00502840535893
172.5 0.0054338261243
173.0 0.00531849904829
173.5 0.00517247114297
174.0 0.00554956830062
174.5 0.00565759570986
175.0 0.00580186057795
175.5 0.00555002417907
176.0 0.00579331002162
176.5 0.00679159909669
177.0 0.00708465857322
177.5 0.00841193158666
178.0 0.00909810732738
178.5 0.00704611681714
179.0 0.000747991472437
179.5 -0.000136844189868
180.0 0.000998067598701
180.5 -0.00127438183505
181.0 -0.000714120091217
181.5 -0.000621863977159
182.0 -0.000211434009756
182.5 0.00152097530669
183.0 0.00149839050299
183.5 0.00162783225431
184.0 0.00153291049665
184.5 0.00164581803949
185.0 0.00182317591859
185.5 0.00170261741755
186.0 0.00170743621855
186.5 0.00224308449059
187.0 0.00221546059289
187.5 0.00192104607387
188.0 0.00160829937711
188.5 0.00151207275844
189.0 0.0012335216381
189.5 0.00115356122667
190.0 0.000950237561398
190.5 0.000515573591585
191.0 0.000329826107475
191.5 8.14571863827e-06
192.0 -0.000394329183806
192.5 -0.000672663497625
193.0 -0.00110776117664
193.5 -0.00129925781476
194.0 -0.00199390490718
194.5 -0.00292351092406
195.0 -0.0035176950355
195.5 -0.00501340138022
196.0 -0.00592470190703
196.5 -0.00704366529868
197.0 -0.00836078938244
197.5 -0.00881752157117
198.0 -0.0131924158785
198.5 -0.0191004808351
199.0 -0.0285022941302
199.5 -0.0453805081231
